155	0.00126	0.2646	0.0611433	0.0783039	0.0844274	0x7ffe9d686c10	0.972771	
60	0.00126	0.2646	0.0614224	0.0824691	0.120631	0x7ffe9d686c10	0.972771	
101	0.00126	0.2646	0.0611384	0.0801381	0.103549	0x7ffe9d686c10	0.972771	
107	0.00126	0.2646	0.0614621	0.0808856	0.103365	0x7ffe9d686c10	0.972771	
91	0.00126	0.2646	0.0614734	0.0815206	0.109469	0x7ffe9d686c10	0.972771	
145	0.00126	0.2646	0.0605903	0.0760595	0.0765078	0x7ffe9d686c10	0.972771	
18	0.00126	0.2646	0.0607342	0.076615	0.0754388	0x7ffe9d686c10	0.972771	
25	0.00126	0.2646	0.0608937	0.0765752	0.0755802	0x7ffe9d686c10	0.972771	
167	0.00126	0.2646	0.0638284	0.101869	0.262271	0x7ffe9d686c10	0.972771	
64	0.00126	0.2646	0.0615665	0.0785021	0.0773291	0x7ffe9d686c10	0.972771	
70	0.00126	0.2646	0.0605585	0.0758255	0.0748105	0x7ffe9d686c10	0.972771	
118	0.00126	0.2646	0.0607215	0.0767371	0.0759643	0x7ffe9d686c10	0.972771	
82	0.00126	0.2646	0.0608139	0.076809	0.0774464	0x7ffe9d686c10	0.972771	
137	0.00126	0.2646	0.062194	0.0874286	0.156104	0x7ffe9d686c10	0.972771	
128	0.00126	0.2646	0.0624047	0.0876567	0.147988	0x7ffe9d686c10	0.972771	
77	0.00126	0.2646	0.0607631	0.0765216	0.0768022	0x7ffe9d686c10	0.972771	
85	0.00126	0.2646	0.0605413	0.0760006	0.0762329	0x7ffe9d686c10	0.972771	
68	0.00126	0.2646	0.0610079	0.0773778	0.0760898	0x7ffe9d686c10	0.972771	
50	0.00126	0.2646	0.0613129	0.0788716	0.0871878	0x7ffe9d686c10	0.972771	
18	0.00126	0.2646	0.0617103	0.0824124	0.112604	0x7ffe9d686c10	0.972771	
78	0.00126	0.2646	0.0610836	0.0769327	0.0769429	0x7ffe9d686c10	0.972771	
84	0.00126	0.2646	0.0607158	0.0763722	0.0752639	0x7ffe9d686c10	0.972771	
100	0.00126	0.2646	0.0612142	0.0814688	0.116567	0x7ffe9d686c10	0.972771	
65	0.00126	0.2646	0.0614092	0.078486	0.0776982	0x7ffe9d686c10	0.972771	
32	0.00126	0.2646	0.0611411	0.0774455	0.0761573	0x7ffe9d686c10	0.972771	
76	0.00126	0.2646	0.0608396	0.0765935	0.0754423	0x7ffe9d686c10	0.972771	
200	0.00126	0.2646	0.0613414	0.0814218	0.112016	0x7ffe9d686c10	0.972771	
115	0.00126	0.2646	0.0618729	0.0843866	0.13115	0x7ffe9d686c10	0.972771	
49	0.00126	0.2646	0.0614363	0.077583	0.0767997	0x7ffe9d686c10	0.972771	
162	0.00126	0.2646	0.0649396	0.106637	0.278264	0x7ffe9d686c10	0.972771	
164	0.00126	0.2646	0.0627684	0.0879484	0.151403	0x7ffe9d686c10	0.972771	
157	0.00126	0.2646	0.0623661	0.0857443	0.132301	0x7ffe9d686c10	0.972771	
101	0.00126	0.2646	0.0613509	0.0777728	0.0764238	0x7ffe9d686c10	0.972771	
190	0.00126	0.2646	0.0625316	0.0872085	0.147937	0x7ffe9d686c10	0.972771	
130	0.00126	0.2646	0.0639711	0.0970828	0.210751	0x7ffe9d686c10	0.972771	
132	0.00126	0.2646	0.062351	0.0852345	0.131648	0x7ffe9d686c10	0.972771	
120	0.00126	0.2646	0.0629023	0.0921777	0.185521	0x7ffe9d686c10	0.972771	
150	0.00126	0.2646	0.0621909	0.0859504	0.140044	0x7ffe9d686c10	0.972771	
33	0.00126	0.2646	0.061475	0.0777129	0.0768514	0x7ffe9d686c10	0.972771	
114	0.00126	0.2646	0.0644264	0.101032	0.238206	0x7ffe9d686c10	0.972771	
127	0.00126	0.2646	0.0623115	0.0814288	0.0964782	0x7ffe9d686c10	0.972771	
175	0.00126	0.2646	0.0655862	0.107899	0.283593	0x7ffe9d686c10	0.972771	
176	0.00126	0.2646	0.065549	0.108122	0.2864	0x7ffe9d686c10	0.972771	
90	0.00126	0.2646	0.0627976	0.0831989	0.106558	0x7ffe9d686c10	0.972771	
96	0.00126	0.2646	0.0655228	0.10559	0.256939	0x7ffe9d686c10	0.972771	
112	0.00126	0.2646	0.0613994	0.0771545	0.0759252	0x7ffe9d686c10	0.972771	
81	0.00126	0.2646	0.0621837	0.0871077	0.148907	0x7ffe9d686c10	0.972771	
88	0.00126	0.2646	0.0610708	0.0771191	0.0758942	0x7ffe9d686c10	0.972771	
120	0.00126	0.2646	0.0610776	0.0769183	0.0758403	0x7ffe9d686c10	0.972771	
146	0.00126	0.2646	0.062439	0.0853581	0.126216	0x7ffe9d686c10	0.972771	
112	0.00126	0.2646	0.0653941	0.108531	0.290731	0x7ffe9d686c10	0.972771	
121	0.00126	0.2646	0.0636488	0.092887	0.180301	0x7ffe9d686c10	0.972771	
88	0.00126	0.2646	0.0627073	0.0868536	0.136374	0x7ffe9d686c10	0.972771	
109	0.00126	0.2646	0.0618365	0.0826041	0.11794	0x7ffe9d686c10	0.972771	
100	0.00126	0.2646	0.0621499	0.0850914	0.130877	0x7ffe9d686c10	0.972771	
24	0.00126	0.2646	0.0607302	0.0761651	0.0750921	0x7ffe9d686c10	0.972771	
91	0.00126	0.2646	0.0608927	0.0766609	0.0759923	0x7ffe9d686c10	0.972771	
139	0.00126	0.2646	0.0629181	0.0919079	0.181211	0x7ffe9d686c10	0.972771	
70	0.00126	0.2646	0.0622747	0.0860951	0.140138	0x7ffe9d686c10	0.972771	
130	0.00126	0.2646	0.0616078	0.0779159	0.0769081	0x7ffe9d686c10	0.972771	
175	0.00126	0.2646	0.0632611	0.0957792	0.206571	0x7ffe9d686c10	0.972771	
19	0.00126	0.2646	0.0612953	0.0777086	0.076376	0x7ffe9d686c10	0.972771	
125	0.00126	0.2646	0.0610759	0.0777079	0.0825826	0x7ffe9d686c10	0.972771	
94	0.00126	0.2646	0.0615146	0.0818957	0.113661	0x7ffe9d686c10	0.972771	
57	0.00126	0.2646	0.0612011	0.0777768	0.0771478	0x7ffe9d686c10	0.972771	
118	0.00126	0.2646	0.0618811	0.0842981	0.126015	0x7ffe9d686c10	0.972771	
87	0.00126	0.2646	0.0610105	0.0781116	0.0883189	0x7ffe9d686c10	0.972771	
118	0.00126	0.2646	0.0609339	0.077078	0.0778469	0x7ffe9d686c10	0.972771	
65	0.00126	0.2646	0.0610664	0.0775666	0.0766578	0x7ffe9d686c10	0.972771	
108	0.00126	0.2646	0.0612775	0.080098	0.104736	0x7ffe9d686c10	0.972771	
74	0.00126	0.2646	0.0611991	0.0786093	0.0855696	0x7ffe9d686c10	0.972771	
124	0.00126	0.2646	0.0610459	0.0772973	0.078514	0x7ffe9d686c10	0.972771	
122	0.00126	0.2646	0.0621636	0.0871623	0.150013	0x7ffe9d686c10	0.972771	
70	0.00126	0.2646	0.0614044	0.0782391	0.0810259	0x7ffe9d686c10	0.972771	
70	0.00126	0.2646	0.0628729	0.0901888	0.169248	0x7ffe9d686c10	0.972771	
155	0.00126	0.2646	0.0642106	0.102301	0.254422	0x7ffe9d686c10	0.972771	
111	0.00126	0.2646	0.0611561	0.0772745	0.0765618	0x7ffe9d686c10	0.972771	
32	0.00126	0.2646	0.0609615	0.0770582	0.0758145	0x7ffe9d686c10	0.972771	
99	0.00126	0.2646	0.0619637	0.0871039	0.149869	0x7ffe9d686c10	0.972771	
52	0.00126	0.2646	0.0611155	0.0776255	0.0763125	0x7ffe9d686c10	0.972771	
206	0.00126	0.2646	0.0626817	0.0876834	0.144295	0x7ffe9d686c10	0.972771	
138	0.00126	0.2646	0.0637586	0.0991651	0.236355	0x7ffe9d686c10	0.972771	
51	0.00126	0.2646	0.0612835	0.0776197	0.0770818	0x7ffe9d686c10	0.972771	
130	0.00126	0.2646	0.0611129	0.0773214	0.0782099	0x7ffe9d686c10	0.972771	
157	0.00126	0.2646	0.0631269	0.0920782	0.180344	0x7ffe9d686c10	0.972771	
49	0.00126	0.2646	0.0621711	0.0814793	0.0916404	0x7ffe9d686c10	0.972771	
62	0.00126	0.2646	0.0610247	0.0771561	0.0798337	0x7ffe9d686c10	0.972771	
78	0.00126	0.2646	0.0617366	0.0848861	0.137609	0x7ffe9d686c10	0.972771	
28	0.00126	0.2646	0.0610854	0.0776546	0.0765704	0x7ffe9d686c10	0.972771	
131	0.00126	0.2646	0.0619766	0.084548	0.129629	0x7ffe9d686c10	0.972771	
202	0.00126	0.2646	0.0638147	0.0998828	0.241589	0x7ffe9d686c10	0.972771	
133	0.00126	0.2646	0.0625992	0.0876877	0.14645	0x7ffe9d686c10	0.972771	
73	0.00126	0.2646	0.0614261	0.0788329	0.086914	0x7ffe9d686c10	0.972771	
156	0.00126	0.2646	0.0619387	0.0843249	0.12985	0x7ffe9d686c10	0.972771	
212	0.00126	0.2646	0.0628991	0.0909404	0.170726	0x7ffe9d686c10	0.972771	
148	0.00126	0.2646	0.0609296	0.0765589	0.0757122	0x7ffe9d686c10	0.972771	
61	0.00126	0.2646	0.0607672	0.0765206	0.0753828	0x7ffe9d686c10	0.972771	
127	0.00126	0.2646	0.0612808	0.0825087	0.125501	0x7ffe9d686c10	0.972771	
50	0.00126	0.2646	0.0608695	0.0769368	0.0757454	0x7ffe9d686c10	0.972771	
120	0.00126	0.2646	0.0610367	0.0768205	0.0763794	0x7ffe9d686c10	0.972771	
142	0.00126	0.2646	0.0620894	0.0871041	0.149587	0x7ffe9d686c10	0.972771	
72	0.00126	0.2646	0.0608968	0.0769587	0.0757474	0x7ffe9d686c10	0.972771	
86	0.00126	0.2646	0.0617882	0.0860006	0.137374	0x7ffe9d686c10	0.972771	
167	0.00126	0.2646	0.0614389	0.0822151	0.117728	0x7ffe9d686c10	0.972771	
94	0.00126	0.2646	0.0608756	0.0766485	0.0760845	0x7ffe9d686c10	0.972771	
189	0.00126	0.2646	0.0618596	0.0819707	0.10802	0x7ffe9d686c10	0.972771	
134	0.00126	0.2646	0.0642285	0.102401	0.25498	0x7ffe9d686c10	0.972771	
100	0.00126	0.2646	0.0608963	0.0763279	0.0760289	0x7ffe9d686c10	0.972771	
35	0.00126	0.2646	0.0613138	0.0779048	0.0768415	0x7ffe9d686c10	0.972771	
195	0.00126	0.2646	0.063584	0.0985672	0.232634	0x7ffe9d686c10	0.972771	
35	0.00126	0.2646	0.0608411	0.0765421	0.0756335	0x7ffe9d686c10	0.972771	
138	0.00126	0.2646	0.0624502	0.0912568	0.185886	0x7ffe9d686c10	0.972771	
112	0.00126	0.2646	0.0618911	0.0854724	0.139682	0x7ffe9d686c10	0.972771	
79	0.00126	0.2646	0.0612781	0.0779117	0.0768255	0x7ffe9d686c10	0.972771	
142	0.00126	0.2646	0.0620242	0.0861233	0.145918	0x7ffe9d686c10	0.972771	
62	0.00126	0.2646	0.0623247	0.0887029	0.163546	0x7ffe9d686c10	0.972771	
56	0.00126	0.2646	0.0611702	0.0776488	0.0765034	0x7ffe9d686c10	0.972771	
81	0.00126	0.2646	0.0607566	0.0762805	0.0754746	0x7ffe9d686c10	0.972771	
167	0.00126	0.2646	0.0621679	0.0875399	0.156624	0x7ffe9d686c10	0.972771	
52	0.00126	0.2646	0.0619152	0.0836299	0.121841	0x7ffe9d686c10	0.972771	
67	0.00126	0.2646	0.060783	0.0763977	0.0760915	0x7ffe9d686c10	0.972771	
203	0.00126	0.2646	0.0614245	0.0824296	0.118529	0x7ffe9d686c10	0.972771	
72	0.00126	0.2646	0.0609898	0.0769707	0.0772552	0x7ffe9d686c10	0.972771	
161	0.00126	0.2646	0.0631963	0.0958623	0.214259	0x7ffe9d686c10	0.972771	
107	0.00126	0.2646	0.060983	0.0771623	0.0803745	0x7ffe9d686c10	0.972771	
15	0.00126	0.2646	0.0607452	0.0765808	0.0754096	0x7ffe9d686c10	0.972771	
161	0.00126	0.2646	0.0606156	0.076036	0.0751391	0x7ffe9d686c10	0.972771	
65	0.00126	0.2646	0.0616939	0.0842887	0.130899	0x7ffe9d686c10	0.972771	
112	0.00126	0.2646	0.0612632	0.0778257	0.0764644	0x7ffe9d686c10	0.972771	
76	0.00126	0.2646	0.0612326	0.0777458	0.0763915	0x7ffe9d686c10	0.972771	
52	0.00126	0.2646	0.061397	0.0779578	0.0767422	0x7ffe9d686c10	0.972771	
161	0.00126	0.2646	0.0613864	0.0792699	0.0901025	0x7ffe9d686c10	0.972771	
170	0.00126	0.2646	0.0609063	0.076643	0.0771227	0x7ffe9d686c10	0.972771	
92	0.00126	0.2646	0.0615741	0.079302	0.0846078	0x7ffe9d686c10	0.972771	
50	0.00126	0.2646	0.06151	0.0783083	0.0772419	0x7ffe9d686c10	0.972771	
214	0.00126	0.2646	0.0622896	0.088123	0.158441	0x7ffe9d686c10	0.972771	
56	0.00126	0.2646	0.0608911	0.0769005	0.0769585	0x7ffe9d686c10	0.972771	
85	0.00126	0.2646	0.0609039	0.0767538	0.0759799	0x7ffe9d686c10	0.972771	
87	0.00126	0.2646	0.062565	0.0907312	0.179983	0x7ffe9d686c10	0.972771	
90	0.00126	0.2646	0.0621288	0.0842499	0.124361	0x7ffe9d686c10	0.972771	
50	0.00126	0.2646	0.061091	0.0770223	0.0761106	0x7ffe9d686c10	0.972771	
63	0.00126	0.2646	0.061418	0.0779456	0.0765911	0x7ffe9d686c10	0.972771	
119	0.00126	0.2646	0.0627145	0.0879728	0.147421	0x7ffe9d686c10	0.972771	
112	0.00126	0.2646	0.0628633	0.0873173	0.142776	0x7ffe9d686c10	0.972771	
132	0.00126	0.2646	0.0649173	0.104857	0.267008	0x7ffe9d686c10	0.972771	
66	0.00126	0.2646	0.0613856	0.077919	0.0802305	0x7ffe9d686c10	0.972771	
145	0.00126	0.2646	0.0612461	0.0805655	0.105861	0x7ffe9d686c10	0.972771	
62	0.00126	0.2646	0.0609168	0.0768312	0.0761988	0x7ffe9d686c10	0.972771	
16	0.00126	0.2646	0.0610916	0.0772636	0.0760074	0x7ffe9d686c10	0.972771	
82	0.00126	0.2646	0.0619102	0.0850872	0.137621	0x7ffe9d686c10	0.972771	
198	0.00126	0.2646	0.0628504	0.091712	0.178996	0x7ffe9d686c10	0.972771	
31	0.00126	0.2646	0.0612123	0.0773491	0.0780376	0x7ffe9d686c10	0.972771	
142	0.00126	0.2646	0.0619615	0.0847749	0.131882	0x7ffe9d686c10	0.972771	
14	0.00126	0.2646	0.0613662	0.0780326	0.0766495	0x7ffe9d686c10	0.972771	
102	0.00126	0.2646	0.0611178	0.0774081	0.0765737	0x7ffe9d686c10	0.972771	
32	0.00126	0.2646	0.0607879	0.0764903	0.0758195	0x7ffe9d686c10	0.972771	
80	0.00126	0.2646	0.0610613	0.0768279	0.075804	0x7ffe9d686c10	0.972771	
132	0.00126	0.2646	0.0638605	0.0976269	0.214182	0x7ffe9d686c10	0.972771	
141	0.00126	0.2646	0.0620972	0.0835246	0.11962	0x7ffe9d686c10	0.972771	
75	0.00126	0.2646	0.0612524	0.0786491	0.0914241	0x7ffe9d686c10	0.972771	
109	0.00126	0.2646	0.0609592	0.0772031	0.0759441	0x7ffe9d686c10	0.972771	
174	0.00126	0.2646	0.0608557	0.0767823	0.0777183	0x7ffe9d686c10	0.972771	
62	0.00126	0.2646	0.0611508	0.0772812	0.0760326	0x7ffe9d686c10	0.972771	
124	0.00126	0.2646	0.0628208	0.0930019	0.195336	0x7ffe9d686c10	0.972771	
30	0.00126	0.2646	0.0610327	0.0766257	0.075876	0x7ffe9d686c10	0.972771	
88	0.00126	0.2646	0.0630512	0.0924931	0.184033	0x7ffe9d686c10	0.972771	
147	0.00126	0.2646	0.0623808	0.0857155	0.133121	0x7ffe9d686c10	0.972771	
57	0.00126	0.2646	0.0622009	0.0846023	0.127743	0x7ffe9d686c10	0.972771	
117	0.00126	0.2646	0.0622253	0.0853774	0.131204	0x7ffe9d686c10	0.972771	
157	0.00126	0.2646	0.0610457	0.0773986	0.0784055	0x7ffe9d686c10	0.972771	
126	0.00126	0.2646	0.0609384	0.076689	0.0760942	0x7ffe9d686c10	0.972771	
38	0.00126	0.2646	0.0608263	0.0763615	0.0752468	0x7ffe9d686c10	0.972771	
52	0.00126	0.2646	0.0622459	0.0856935	0.132573	0x7ffe9d686c10	0.972771	
59	0.00126	0.2646	0.0610462	0.0772874	0.0785989	0x7ffe9d686c10	0.972771	
45	0.00126	0.2646	0.0608534	0.0765633	0.0768689	0x7ffe9d686c10	0.972771	
66	0.00126	0.2646	0.0619684	0.0798956	0.0781803	0x7ffe9d686c10	0.972771	
142	0.00126	0.2646	0.063175	0.0939561	0.195618	0x7ffe9d686c10	0.972771	
95	0.00126	0.2646	0.0612787	0.0770814	0.0760331	0x7ffe9d686c10	0.972771	
160	0.00126	0.2646	0.063983	0.0994404	0.231515	0x7ffe9d686c10	0.972771	
100	0.00126	0.2646	0.0637118	0.097695	0.219655	0x7ffe9d686c10	0.972771	
81	0.00126	0.2646	0.0610991	0.077053	0.0761709	0x7ffe9d686c10	0.972771	
77	0.00126	0.2646	0.0611208	0.0771477	0.075916	0x7ffe9d686c10	0.972771	
179	0.00126	0.2646	0.0632003	0.0931902	0.185396	0x7ffe9d686c10	0.972771	
81	0.00126	0.2646	0.0609138	0.0764751	0.0753525	0x7ffe9d686c10	0.972771	
81	0.00126	0.2646	0.0609889	0.0767687	0.0756071	0x7ffe9d686c10	0.972771	
140	0.00126	0.2646	0.0630678	0.0936241	0.195763	0x7ffe9d686c10	0.972771	
150	0.00126	0.2646	0.0614012	0.0782821	0.0792922	0x7ffe9d686c10	0.972771	
15	0.00126	0.2646	0.0608296	0.0763202	0.0752179	0x7ffe9d686c10	0.972771	
61	0.00126	0.2646	0.0624025	0.0872205	0.149144	0x7ffe9d686c10	0.972771	
146	0.00126	0.2646	0.0634814	0.09575	0.205422	0x7ffe9d686c10	0.972771	
15	0.00126	0.2646	0.0610994	0.077557	0.0762383	0x7ffe9d686c10	0.972771	
69	0.00126	0.2646	0.0612715	0.0781005	0.0858095	0x7ffe9d686c10	0.972771	
110	0.00126	0.2646	0.0646577	0.104508	0.264914	0x7ffe9d686c10	0.972771	
106	0.00126	0.2646	0.0621494	0.0851387	0.134122	0x7ffe9d686c10	0.972771	
32	0.00126	0.2646	0.0610183	0.0769141	0.0757099	0x7ffe9d686c10	0.972771	
27	0.00126	0.2646	0.0613228	0.0777291	0.0763995	0x7ffe9d686c10	0.972771	
126	0.00126	0.2646	0.0629954	0.0931193	0.18988	0x7ffe9d686c10	0.972771	
85	0.00126	0.2646	0.0608609	0.0766	0.0754479	0x7ffe9d686c10	0.972771	
106	0.00126	0.2646	0.0608412	0.0770243	0.0804328	0x7ffe9d686c10	0.972771	
95	0.00126	0.2646	0.0612339	0.0779264	0.0765398	0x7ffe9d686c10	0.972771	
146	0.00126	0.2646	0.0616318	0.0840693	0.130967	0x7ffe9d686c10	0.972771	
85	0.00126	0.2646	0.0606967	0.0763608	0.0753782	0x7ffe9d686c10	0.972771	
145	0.00126	0.2646	0.0607459	0.0768195	0.0761104	0x7ffe9d686c10	0.972771	
93	0.00126	0.2646	0.060617	0.0762657	0.0751562	0x7ffe9d686c10	0.972771	
98	0.00126	0.2646	0.0608702	0.0764732	0.0753449	0x7ffe9d686c10	0.972771	
129	0.00126	0.2646	0.0635391	0.0956296	0.20481	0x7ffe9d686c10	0.972771	
141	0.00126	0.2646	0.0630795	0.0893388	0.14977	0x7ffe9d686c10	0.972771	
106	0.00126	0.2646	0.0608258	0.0762829	0.0751737	0x7ffe9d686c10	0.972771	
51	0.00126	0.2646	0.060924	0.0769548	0.0757462	0x7ffe9d686c10	0.972771	
111	0.00126	0.2646	0.06124	0.0778078	0.0765745	0x7ffe9d686c10	0.972771	
21	0.00126	0.2646	0.0610192	0.0770668	0.0758296	0x7ffe9d686c10	0.972771	
77	0.00126	0.2646	0.0606901	0.0763575	0.0754805	0x7ffe9d686c10	0.972771	
111	0.00126	0.2646	0.0607139	0.0765228	0.0753606	0x7ffe9d686c10	0.972771	
63	0.00126	0.2646	0.0611068	0.08114	0.115794	0x7ffe9d686c10	0.972771	
110	0.00126	0.2646	0.0608526	0.0768181	0.0778416	0x7ffe9d686c10	0.972771	
78	0.00126	0.2646	0.0621154	0.0857056	0.138874	0x7ffe9d686c10	0.972771	
213	0.00126	0.2646	0.0625838	0.0900702	0.170648	0x7ffe9d686c10	0.972771	
39	0.00126	0.2646	0.0609027	0.0766688	0.0762741	0x7ffe9d686c10	0.972771	
78	0.00126	0.2646	0.061525	0.080806	0.102607	0x7ffe9d686c10	0.972771	
123	0.00126	0.2646	0.0623612	0.0870185	0.143277	0x7ffe9d686c10	0.972771	
91	0.00126	0.2646	0.0622256	0.0860282	0.136529	0x7ffe9d686c10	0.972771	
158	0.00126	0.2646	0.0611417	0.0774557	0.0763511	0x7ffe9d686c10	0.972771	
94	0.00126	0.2646	0.0607336	0.0763577	0.0763725	0x7ffe9d686c10	0.972771	
60	0.00126	0.2646	0.0610267	0.0775084	0.0764781	0x7ffe9d686c10	0.972771	
92	0.00126	0.2646	0.0605599	0.0759834	0.0749222	0x7ffe9d686c10	0.972771	
83	0.00126	0.2646	0.060504	0.0759336	0.0751371	0x7ffe9d686c10	0.972771	
60	0.00126	0.2646	0.060747	0.0765147	0.076124	0x7ffe9d686c10	0.972771	
126	0.00126	0.2646	0.0623881	0.0893525	0.170867	0x7ffe9d686c10	0.972771	
112	0.00126	0.2646	0.0631708	0.0938566	0.194602	0x7ffe9d686c10	0.972771	
98	0.00126	0.2646	0.0612056	0.0770541	0.0763559	0x7ffe9d686c10	0.972771	
213	0.00126	0.2646	0.0653084	0.108962	0.299639	0x7ffe9d686c10	0.972771	
112	0.00126	0.2646	0.0642354	0.0999649	0.236334	0x7ffe9d686c10	0.972771	
54	0.00126	0.2646	0.0613793	0.0773261	0.0760607	0x7ffe9d686c10	0.972771	
128	0.00126	0.2646	0.0631743	0.0946956	0.202007	0x7ffe9d686c10	0.972771	
83	0.00126	0.2646	0.0608605	0.0764248	0.0753074	0x7ffe9d686c10	0.972771	
50	0.00126	0.2646	0.0607211	0.0767006	0.075842	0x7ffe9d686c10	0.972771	
143	0.00126	0.2646	0.060568	0.076755	0.0830669	0x7ffe9d686c10	0.972771	
41	0.00126	0.2646	0.0607228	0.0764046	0.0761027	0x7ffe9d686c10	0.972771	
63	0.00126	0.2646	0.0614943	0.0786512	0.0778638	0x7ffe9d686c10	0.972771	
91	0.00126	0.2646	0.0614166	0.07765	0.0787356	0x7ffe9d686c10	0.972771	
103	0.00126	0.2646	0.0611099	0.077594	0.078699	0x7ffe9d686c10	0.972771	
152	0.00126	0.2646	0.0618372	0.0837563	0.124342	0x7ffe9d686c10	0.972771	
86	0.00126	0.2646	0.0617334	0.0817235	0.1087	0x7ffe9d686c10	0.972771	
198	0.00126	0.2646	0.0626425	0.0877806	0.145406	0x7ffe9d686c10	0.972771	
114	0.00126	0.2646	0.0620523	0.084284	0.124968	0x7ffe9d686c10	0.972771	
111	0.00126	0.2646	0.0619217	0.0865443	0.152031	0x7ffe9d686c10	0.972771	
149	0.00126	0.2646	0.0613973	0.0817701	0.114131	0x7ffe9d686c10	0.972771	
48	0.00126	0.2646	0.061041	0.0770295	0.0759662	0x7ffe9d686c10	0.972771	
97	0.00126	0.2646	0.0622164	0.0860348	0.136873	0x7ffe9d686c10	0.972771	
68	0.00126	0.2646	0.0608411	0.0764801	0.0761944	0x7ffe9d686c10	0.972771	
126	0.00126	0.2646	0.0607211	0.0764566	0.0759973	0x7ffe9d686c10	0.972771	
93	0.00126	0.2646	0.0609028	0.0771813	0.0789457	0x7ffe9d686c10	0.972771	
94	0.00126	0.2646	0.0611707	0.0775775	0.0762566	0x7ffe9d686c10	0.972771	
69	0.00126	0.2646	0.0625336	0.0899855	0.172956	0x7ffe9d686c10	0.972771	
199	0.00126	0.2646	0.0608484	0.0764654	0.0753513	0x7ffe9d686c10	0.972771	
129	0.00126	0.2646	0.0608798	0.0769422	0.075916	0x7ffe9d686c10	0.972771	
80	0.00126	0.2646	0.0612295	0.0774369	0.0767867	0x7ffe9d686c10	0.972771	
187	0.00126	0.2646	0.0639072	0.0989255	0.230905	0x7ffe9d686c10	0.972771	
109	0.00126	0.2646	0.0631227	0.0897684	0.154458	0x7ffe9d686c10	0.972771	
145	0.00126	0.2646	0.0607521	0.0761706	0.0763832	0x7ffe9d686c10	0.972771	
49	0.00126	0.2646	0.0611561	0.0774249	0.0761449	0x7ffe9d686c10	0.972771	
103	0.00126	0.2646	0.0629484	0.0930269	0.192565	0x7ffe9d686c10	0.972771	
146	0.00126	0.2646	0.0622511	0.0849415	0.130041	0x7ffe9d686c10	0.972771	
78	0.00126	0.2646	0.0624444	0.0864594	0.135917	0x7ffe9d686c10	0.972771	
165	0.00126	0.2646	0.0612344	0.0779888	0.0858762	0x7ffe9d686c10	0.972771	
154	0.00126	0.2646	0.063594	0.0961587	0.205111	0x7ffe9d686c10	0.972771	
91	0.00126	0.2646	0.0627236	0.087986	0.148896	0x7ffe9d686c10	0.972771	
95	0.00126	0.2646	0.062314	0.0847709	0.125884	0x7ffe9d686c10	0.972771	
108	0.00126	0.2646	0.0623995	0.0865278	0.141618	0x7ffe9d686c10	0.972771	
25	0.00126	0.2646	0.0609465	0.0766729	0.075518	0x7ffe9d686c10	0.972771	
179	0.00126	0.2646	0.0619637	0.0843658	0.130504	0x7ffe9d686c10	0.972771	
43	0.00126	0.2646	0.0624264	0.0866665	0.143236	0x7ffe9d686c10	0.972771	
163	0.00126	0.2646	0.0639695	0.0981876	0.219864	0x7ffe9d686c10	0.972771	
86	0.00126	0.2646	0.0617903	0.0824563	0.116818	0x7ffe9d686c10	0.972771	
100	0.00126	0.2646	0.0609682	0.0764293	0.0753297	0x7ffe9d686c10	0.972771	
113	0.00126	0.2646	0.0642506	0.101447	0.24564	0x7ffe9d686c10	0.972771	
104	0.00126	0.2646	0.0628562	0.0890861	0.15732	0x7ffe9d686c10	0.972771	
79	0.00126	0.2646	0.0612047	0.0774828	0.078483	0x7ffe9d686c10	0.972771	
69	0.00126	0.2646	0.0613036	0.0777217	0.0773763	0x7ffe9d686c10	0.972771	
89	0.00126	0.2646	0.0629264	0.0919716	0.180631	0x7ffe9d686c10	0.972771	
134	0.00126	0.2646	0.0617173	0.084274	0.129819	0x7ffe9d686c10	0.972771	
27	0.00126	0.2646	0.0609217	0.0765661	0.075927	0x7ffe9d686c10	0.972771	
96	0.00126	0.2646	0.0626199	0.0875719	0.140915	0x7ffe9d686c10	0.972771	
104	0.00126	0.2646	0.0607775	0.0762884	0.0762853	0x7ffe9d686c10	0.972771	
64	0.00126	0.2646	0.0608516	0.0765145	0.0758225	0x7ffe9d686c10	0.972771	
42	0.00126	0.2646	0.0625044	0.085892	0.125317	0x7ffe9d686c10	0.972771	
75	0.00126	0.2646	0.0618553	0.0835833	0.124987	0x7ffe9d686c10	0.972771	
138	0.00126	0.2646	0.0608611	0.0767515	0.0765723	0x7ffe9d686c10	0.972771	
43	0.00126	0.2646	0.0608385	0.0766026	0.0754509	0x7ffe9d686c10	0.972771	
55	0.00126	0.2646	0.0612987	0.0780738	0.0770395	0x7ffe9d686c10	0.972771	
133	0.00126	0.2646	0.0616636	0.0838765	0.127564	0x7ffe9d686c10	0.972771	
65	0.00126	0.2646	0.0608296	0.0762795	0.0756188	0x7ffe9d686c10	0.972771	
122	0.00126	0.2646	0.063061	0.0928667	0.181484	0x7ffe9d686c10	0.972771	
62	0.00126	0.2646	0.060957	0.0766552	0.076427	0x7ffe9d686c10	0.972771	
104	0.00126	0.2646	0.0618467	0.0847519	0.1354	0x7ffe9d686c10	0.972771	
139	0.00126	0.2646	0.0627935	0.0901603	0.16809	0x7ffe9d686c10	0.972771	
50	0.00126	0.2646	0.0614027	0.0778613	0.0764904	0x7ffe9d686c10	0.972771	
168	0.00126	0.2646	0.0617357	0.0851351	0.141252	0x7ffe9d686c10	0.972771	
57	0.00126	0.2646	0.0614588	0.0823014	0.120685	0x7ffe9d686c10	0.972771	
76	0.00126	0.2646	0.061984	0.0850779	0.134603	0x7ffe9d686c10	0.972771	
41	0.00126	0.2646	0.0612218	0.0775096	0.0773139	0x7ffe9d686c10	0.972771	
108	0.00126	0.2646	0.0624946	0.0907507	0.178562	0x7ffe9d686c10	0.972771	
69	0.00126	0.2646	0.0613169	0.0786816	0.0829656	0x7ffe9d686c10	0.972771	
144	0.00126	0.2646	0.0613279	0.0827533	0.12541	0x7ffe9d686c10	0.972771	
115	0.00126	0.2646	0.0608692	0.077789	0.0873836	0x7ffe9d686c10	0.972771	
77	0.00126	0.2646	0.0610871	0.0770175	0.0759531	0x7ffe9d686c10	0.972771	
100	0.00126	0.2646	0.0632128	0.0938558	0.191078	0x7ffe9d686c10	0.972771	
102	0.00126	0.2646	0.0610207	0.0765057	0.0753802	0x7ffe9d686c10	0.972771	
169	0.00126	0.2646	0.0630074	0.0941181	0.201255	0x7ffe9d686c10	0.972771	
108	0.00126	0.2646	0.0616538	0.0789011	0.0784123	0x7ffe9d686c10	0.972771	
112	0.00126	0.2646	0.0624523	0.0864929	0.139683	0x7ffe9d686c10	0.972771	
17	0.00126	0.2646	0.0612276	0.0774651	0.0761521	0x7ffe9d686c10	0.972771	
181	0.00126	0.2646	0.062252	0.088093	0.155169	0x7ffe9d686c10	0.972771	
71	0.00126	0.2646	0.060843	0.076535	0.0753948	0x7ffe9d686c10	0.972771	
149	0.00126	0.2646	0.0614252	0.0817199	0.111911	0x7ffe9d686c10	0.972771	
105	0.00126	0.2646	0.0609272	0.0767022	0.0756714	0x7ffe9d686c10	0.972771	
142	0.00126	0.2646	0.0622256	0.087165	0.146859	0x7ffe9d686c10	0.972771	
44	0.00126	0.2646	0.0607339	0.0763202	0.0786577	0x7ffe9d686c10	0.972771	
63	0.00126	0.2646	0.0614765	0.0783533	0.0795616	0x7ffe9d686c10	0.972771	
136	0.00126	0.2646	0.0643818	0.103243	0.262404	0x7ffe9d686c10	0.972771	
103	0.00126	0.2646	0.0619794	0.0844607	0.130262	0x7ffe9d686c10	0.972771	
81	0.00126	0.2646	0.0616945	0.0823032	0.116863	0x7ffe9d686c10	0.972771	
144	0.00126	0.2646	0.0623946	0.0879409	0.1523	0x7ffe9d686c10	0.972771	
58	0.00126	0.2646	0.0611416	0.0773224	0.0766835	0x7ffe9d686c10	0.972771	
175	0.00126	0.2646	0.0617882	0.0857118	0.143597	0x7ffe9d686c10	0.972771	
15	0.00126	0.2646	0.0605502	0.0759054	0.0748646	0x7ffe9d686c10	0.972771	
153	0.00126	0.2646	0.0606612	0.0764491	0.0760335	0x7ffe9d686c10	0.972771	
141	0.00126	0.2646	0.0608998	0.0767401	0.0761357	0x7ffe9d686c10	0.972771	
130	0.00126	0.2646	0.0629942	0.0922951	0.181104	0x7ffe9d686c10	0.972771	
113	0.00126	0.2646	0.0614785	0.0781752	0.0780344	0x7ffe9d686c10	0.972771	
39	0.00126	0.2646	0.0615677	0.0783132	0.0768776	0x7ffe9d686c10	0.972771	
104	0.00126	0.2646	0.0625491	0.0876362	0.147887	0x7ffe9d686c10	0.972771	
86	0.00126	0.2646	0.0623356	0.0862983	0.138792	0x7ffe9d686c10	0.972771	
147	0.00126	0.2646	0.0617205	0.0829297	0.119371	0x7ffe9d686c10	0.972771	
54	0.00126	0.2646	0.060709	0.0764521	0.0771787	0x7ffe9d686c10	0.972771	
169	0.00126	0.2646	0.0609416	0.0807795	0.114029	0x7ffe9d686c10	0.972771	
123	0.00126	0.2646	0.0605389	0.0760057	0.074946	0x7ffe9d686c10	0.972771	
83	0.00126	0.2646	0.0610354	0.0773336	0.0810945	0x7ffe9d686c10	0.972771	
246	0.00126	0.2646	0.0639667	0.0983375	0.220018	0x7ffe9d686c10	0.972771	
103	0.00126	0.2646	0.062293	0.0862212	0.143832	0x7ffe9d686c10	0.972771	
68	0.00126	0.2646	0.0607079	0.0763605	0.0768754	0x7ffe9d686c10	0.972771	
29	0.00126	0.2646	0.0609588	0.0768596	0.0756689	0x7ffe9d686c10	0.972771	
125	0.00126	0.2646	0.0622776	0.0874495	0.14928	0x7ffe9d686c10	0.972771	
43	0.00126	0.2646	0.0612764	0.0778282	0.0766435	0x7ffe9d686c10	0.972771	
182	0.00126	0.2646	0.060805	0.076812	0.0782349	0x7ffe9d686c10	0.972771	
80	0.00126	0.2646	0.0607379	0.0767871	0.0789405	0x7ffe9d686c10	0.972771	
168	0.00126	0.2646	0.0617675	0.0855178	0.141139	0x7ffe9d686c10	0.972771	
79	0.00126	0.2646	0.0610223	0.0765109	0.0753967	0x7ffe9d686c10	0.972771	
138	0.00126	0.2646	0.063985	0.098399	0.220301	0x7ffe9d686c10	0.972771	
100	0.00126	0.2646	0.0611695	0.0782248	0.0880795	0x7ffe9d686c10	0.972771	
62	0.00126	0.2646	0.0607454	0.0765843	0.0754292	0x7ffe9d686c10	0.972771	
46	0.00126	0.2646	0.0609263	0.078133	0.090535	0x7ffe9d686c10	0.972771	
127	0.00126	0.2646	0.0624772	0.0913242	0.182129	0x7ffe9d686c10	0.972771	
98	0.00126	0.2646	0.0613653	0.0790828	0.0884266	0x7ffe9d686c10	0.972771	
88	0.00126	0.2646	0.0609772	0.0780393	0.0864027	0x7ffe9d686c10	0.972771	
44	0.00126	0.2646	0.0607131	0.0764103	0.0771959	0x7ffe9d686c10	0.972771	
76	0.00126	0.2646	0.0617939	0.0847091	0.134729	0x7ffe9d686c10	0.972771	
77	0.00126	0.2646	0.0615015	0.0779852	0.0779738	0x7ffe9d686c10	0.972771	
164	0.00126	0.2646	0.0647528	0.104753	0.266103	0x7ffe9d686c10	0.972771	
194	0.00126	0.2646	0.0609765	0.0764963	0.0755552	0x7ffe9d686c10	0.972771	
158	0.00126	0.2646	0.0635518	0.0991184	0.24038	0x7ffe9d686c10	0.972771	
102	0.00126	0.2646	0.061708	0.0825044	0.11787	0x7ffe9d686c10	0.972771	
79	0.00126	0.2646	0.0613491	0.0780981	0.0769905	0x7ffe9d686c10	0.972771	
146	0.00126	0.2646	0.0626956	0.0881758	0.148161	0x7ffe9d686c10	0.972771	
147	0.00126	0.2646	0.0622355	0.0877299	0.157378	0x7ffe9d686c10	0.972771	
238	0.00126	0.2646	0.0610773	0.0773533	0.0769169	0x7ffe9d686c10	0.972771	
160	0.00126	0.2646	0.0612434	0.0797817	0.0994422	0x7ffe9d686c10	0.972771	
125	0.00126	0.2646	0.0617505	0.0822802	0.113983	0x7ffe9d686c10	0.972771	
87	0.00126	0.2646	0.0626898	0.0880351	0.14783	0x7ffe9d686c10	0.972771	
11	0.00126	0.2646	0.0613877	0.0776175	0.0763182	0x7ffe9d686c10	0.972771	
12	0.00126	0.2646	0.0612279	0.0778809	0.0772632	0x7ffe9d686c10	0.972771	
77	0.00126	0.2646	0.060906	0.0767544	0.075606	0x7ffe9d686c10	0.972771	
170	0.00126	0.2646	0.0618552	0.0830069	0.115628	0x7ffe9d686c10	0.972771	
118	0.00126	0.2646	0.0622007	0.0867517	0.146641	0x7ffe9d686c10	0.972771	
55	0.00126	0.2646	0.0608903	0.0766349	0.0754747	0x7ffe9d686c10	0.972771	
77	0.00126	0.2646	0.0611748	0.0779007	0.0768247	0x7ffe9d686c10	0.972771	
86	0.00126	0.2646	0.0610818	0.0770229	0.0760055	0x7ffe9d686c10	0.972771	
141	0.00126	0.2646	0.0629182	0.0933469	0.196361	0x7ffe9d686c10	0.972771	
138	0.00126	0.2646	0.0612132	0.0771479	0.076193	0x7ffe9d686c10	0.972771	
96	0.00126	0.2646	0.0622395	0.0867251	0.143718	0x7ffe9d686c10	0.972771	
84	0.00126	0.2646	0.0613933	0.082603	0.123352	0x7ffe9d686c10	0.972771	
72	0.00126	0.2646	0.0606731	0.0760765	0.0750153	0x7ffe9d686c10	0.972771	
121	0.00126	0.2646	0.0622015	0.0872564	0.146736	0x7ffe9d686c10	0.972771	
72	0.00126	0.2646	0.0608241	0.0764	0.0752735	0x7ffe9d686c10	0.972771	
95	0.00126	0.2646	0.0615644	0.0822001	0.117108	0x7ffe9d686c10	0.972771	
121	0.00126	0.2646	0.0634501	0.103538	0.269864	0x7ffe9d686c10	0.972771	
142	0.00126	0.2646	0.0617104	0.0809489	0.102201	0x7ffe9d686c10	0.972771	
173	0.00126	0.2646	0.0622135	0.0865814	0.144157	0x7ffe9d686c10	0.972771	
121	0.00126	0.2646	0.061404	0.079735	0.0953375	0x7ffe9d686c10	0.972771	
86	0.00126	0.2646	0.0615926	0.0820668	0.113184	0x7ffe9d686c10	0.972771	
79	0.00126	0.2646	0.0608465	0.0766258	0.0757132	0x7ffe9d686c10	0.972771	
119	0.00126	0.2646	0.0608039	0.0766458	0.076391	0x7ffe9d686c10	0.972771	
108	0.00126	0.2646	0.0628283	0.0942456	0.198537	0x7ffe9d686c10	0.972771	
63	0.00126	0.2646	0.0608828	0.0766825	0.0755121	0x7ffe9d686c10	0.972771	
104	0.00126	0.2646	0.0615765	0.0836169	0.12849	0x7ffe9d686c10	0.972771	
87	0.00126	0.2646	0.0611863	0.0777688	0.0764109	0x7ffe9d686c10	0.972771	
163	0.00126	0.2646	0.0610464	0.077145	0.0762773	0x7ffe9d686c10	0.972771	
117	0.00126	0.2646	0.0609769	0.0771202	0.0758622	0x7ffe9d686c10	0.972771	
74	0.00126	0.2646	0.0611278	0.0774851	0.077868	0x7ffe9d686c10	0.972771	
113	0.00126	0.2646	0.0627533	0.0925235	0.189744	0x7ffe9d686c10	0.972771	
110	0.00126	0.2646	0.0627401	0.0884147	0.151816	0x7ffe9d686c10	0.972771	
106	0.00126	0.2646	0.0623602	0.0871076	0.150023	0x7ffe9d686c10	0.972771	
132	0.00126	0.2646	0.0623887	0.0897023	0.17021	0x7ffe9d686c10	0.972771	
81	0.00126	0.2646	0.0608581	0.0767556	0.0769348	0x7ffe9d686c10	0.972771	
179	0.00126	0.2646	0.0608599	0.0769846	0.0767474	0x7ffe9d686c10	0.972771	
20	0.00126	0.2646	0.0609556	0.0767105	0.0755463	0x7ffe9d686c10	0.972771	
77	0.00126	0.2646	0.0632463	0.0947395	0.202056	0x7ffe9d686c10	0.972771	
110	0.00126	0.2646	0.0614507	0.0779977	0.0766037	0x7ffe9d686c10	0.972771	
103	0.00126	0.2646	0.0625291	0.0885234	0.155687	0x7ffe9d686c10	0.972771	
117	0.00126	0.2646	0.0628644	0.0914382	0.183475	0x7ffe9d686c10	0.972771	
141	0.00126	0.2646	0.0628364	0.0905971	0.172392	0x7ffe9d686c10	0.972771	
119	0.00126	0.2646	0.0622652	0.0867469	0.146079	0x7ffe9d686c10	0.972771	
41	0.00126	0.2646	0.0617846	0.0846471	0.129377	0x7ffe9d686c10	0.972771	
106	0.00126	0.2646	0.0612687	0.0777956	0.0785814	0x7ffe9d686c10	0.972771	
187	0.00126	0.2646	0.0633109	0.0959267	0.212672	0x7ffe9d686c10	0.972771	
95	0.00126	0.2646	0.0617404	0.0829955	0.1221	0x7ffe9d686c10	0.972771	
67	0.00126	0.2646	0.0611773	0.0781388	0.0819376	0x7ffe9d686c10	0.972771	
45	0.00126	0.2646	0.0607756	0.076485	0.0753662	0x7ffe9d686c10	0.972771	
53	0.00126	0.2646	0.0610615	0.0774146	0.0762986	0x7ffe9d686c10	0.972771	
123	0.00126	0.2646	0.0614602	0.0783038	0.0769829	0x7ffe9d686c10	0.972771	
82	0.00126	0.2646	0.0617797	0.0836991	0.124886	0x7ffe9d686c10	0.972771	
59	0.00126	0.2646	0.0610701	0.0770863	0.0758605	0x7ffe9d686c10	0.972771	
165	0.00126	0.2646	0.0620449	0.085227	0.133284	0x7ffe9d686c10	0.972771	
215	0.00126	0.2646	0.0631431	0.0942131	0.200489	0x7ffe9d686c10	0.972771	
90	0.00126	0.2646	0.0615177	0.0787044	0.0810638	0x7ffe9d686c10	0.972771	
52	0.00126	0.2646	0.060952	0.0769279	0.0764021	0x7ffe9d686c10	0.972771	
129	0.00126	0.2646	0.0617161	0.085506	0.144171	0x7ffe9d686c10	0.972771	
96	0.00126	0.2646	0.0609213	0.0783208	0.091373	0x7ffe9d686c10	0.972771	
163	0.00126	0.2646	0.0607737	0.0765916	0.0759941	0x7ffe9d686c10	0.972771	
75	0.00126	0.2646	0.0610116	0.0782958	0.0906252	0x7ffe9d686c10	0.972771	
47	0.00126	0.2646	0.0618741	0.0828841	0.114246	0x7ffe9d686c10	0.972771	
73	0.00126	0.2646	0.0611506	0.0773662	0.0782677	0x7ffe9d686c10	0.972771	
118	0.00126	0.2646	0.0613245	0.0801535	0.102798	0x7ffe9d686c10	0.972771	
114	0.00126	0.2646	0.0615307	0.0793483	0.0847704	0x7ffe9d686c10	0.972771	
67	0.00126	0.2646	0.0608941	0.076783	0.0763849	0x7ffe9d686c10	0.972771	
50	0.00126	0.2646	0.0605985	0.0762611	0.076289	0x7ffe9d686c10	0.972771	
128	0.00126	0.2646	0.0606166	0.0761294	0.07504	0x7ffe9d686c10	0.972771	
122	0.00126	0.2646	0.0621792	0.0897029	0.175732	0x7ffe9d686c10	0.972771	
140	0.00126	0.2646	0.0612272	0.077914	0.0807419	0x7ffe9d686c10	0.972771	
127	0.00126	0.2646	0.0620886	0.0862277	0.144266	0x7ffe9d686c10	0.972771	
129	0.00126	0.2646	0.0617835	0.0848853	0.137533	0x7ffe9d686c10	0.972771	
97	0.00126	0.2646	0.0614936	0.0785059	0.0780738	0x7ffe9d686c10	0.972771	
126	0.00126	0.2646	0.0612764	0.0776708	0.0794861	0x7ffe9d686c10	0.972771	
127	0.00126	0.2646	0.0636983	0.0979587	0.22591	0x7ffe9d686c10	0.972771	
134	0.00126	0.2646	0.0621981	0.0857952	0.138403	0x7ffe9d686c10	0.972771	
92	0.00126	0.2646	0.0606948	0.0762438	0.0753092	0x7ffe9d686c10	0.972771	
159	0.00126	0.2646	0.0606302	0.076657	0.0793193	0x7ffe9d686c10	0.972771	
66	0.00126	0.2646	0.0607273	0.0766048	0.0754355	0x7ffe9d686c10	0.972771	
51	0.00126	0.2646	0.0608554	0.0767677	0.075594	0x7ffe9d686c10	0.972771	
54	0.00126	0.2646	0.0609322	0.0781929	0.0903078	0x7ffe9d686c10	0.972771	
89	0.00126	0.2646	0.0607162	0.0763317	0.0761435	0x7ffe9d686c10	0.972771	
128	0.00126	0.2646	0.0612248	0.0780208	0.077357	0x7ffe9d686c10	0.972771	
55	0.00126	0.2646	0.0610582	0.077299	0.0761441	0x7ffe9d686c10	0.972771	
57	0.00126	0.2646	0.0624063	0.0865808	0.138331	0x7ffe9d686c10	0.972771	
49	0.00126	0.2646	0.0625263	0.0895036	0.168355	0x7ffe9d686c10	0.972771	
97	0.00126	0.2646	0.0617315	0.0837392	0.126659	0x7ffe9d686c10	0.972771	
104	0.00126	0.2646	0.0613838	0.0825704	0.121686	0x7ffe9d686c10	0.972771	
11	0.00126	0.2646	0.0606517	0.0761123	0.0750401	0x7ffe9d686c10	0.972771	
79	0.00126	0.2646	0.0610159	0.0776185	0.0793112	0x7ffe9d686c10	0.972771	
28	0.00126	0.2646	0.0608303	0.0777872	0.0872936	0x7ffe9d686c10	0.972771	
67	0.00126	0.2646	0.0612288	0.0781613	0.0813394	0x7ffe9d686c10	0.972771	
68	0.00126	0.2646	0.0608792	0.0767562	0.0766564	0x7ffe9d686c10	0.972771	
84	0.00126	0.2646	0.0626237	0.0916227	0.184942	0x7ffe9d686c10	0.972771	
123	0.00126	0.2646	0.0634578	0.0957871	0.206678	0x7ffe9d686c10	0.972771	
43	0.00126	0.2646	0.0615218	0.0791659	0.0873789	0x7ffe9d686c10	0.972771	
110	0.00126	0.2646	0.0617338	0.0848068	0.136165	0x7ffe9d686c10	0.972771	
76	0.00126	0.2646	0.0606018	0.0760834	0.0750132	0x7ffe9d686c10	0.972771	
112	0.00126	0.2646	0.0606973	0.0763343	0.0752242	0x7ffe9d686c10	0.972771	
150	0.00126	0.2646	0.0616787	0.0826712	0.11782	0x7ffe9d686c10	0.972771	
171	0.00126	0.2646	0.0626071	0.0910289	0.182154	0x7ffe9d686c10	0.972771	
83	0.00126	0.2646	0.0614313	0.082558	0.121768	0x7ffe9d686c10	0.972771	
95	0.00126	0.2646	0.0611557	0.0809925	0.114054	0x7ffe9d686c10	0.972771	
81	0.00126	0.2646	0.0615139	0.0829659	0.121895	0x7ffe9d686c10	0.972771	
82	0.00126	0.2646	0.0610481	0.0773563	0.0760507	0x7ffe9d686c10	0.972771	
49	0.00126	0.2646	0.060903	0.0768923	0.0760325	0x7ffe9d686c10	0.972771	
164	0.00126	0.2646	0.0610527	0.0776231	0.078588	0x7ffe9d686c10	0.972771	
61	0.00126	0.2646	0.0607403	0.0764113	0.0756241	0x7ffe9d686c10	0.972771	
117	0.00126	0.2646	0.0609593	0.0770394	0.0762839	0x7ffe9d686c10	0.972771	
48	0.00126	0.2646	0.0612225	0.0779444	0.0792346	0x7ffe9d686c10	0.972771	
171	0.00126	0.2646	0.0618198	0.0842643	0.128033	0x7ffe9d686c10	0.972771	
158	0.00126	0.2646	0.0606675	0.0764738	0.0753336	0x7ffe9d686c10	0.972771	
81	0.00126	0.2646	0.0608507	0.0795598	0.10393	0x7ffe9d686c10	0.972771	
124	0.00126	0.2646	0.0608559	0.0770802	0.0765471	0x7ffe9d686c10	0.972771	
48	0.00126	0.2646	0.0607797	0.0765543	0.0755526	0x7ffe9d686c10	0.972771	
99	0.00126	0.2646	0.0613984	0.0813492	0.11074	0x7ffe9d686c10	0.972771	
150	0.00126	0.2646	0.06233	0.0867115	0.142926	0x7ffe9d686c10	0.972771	
199	0.00126	0.2646	0.0629859	0.0926029	0.190578	0x7ffe9d686c10	0.972771	
58	0.00126	0.2646	0.0617807	0.0789503	0.0795835	0x7ffe9d686c10	0.972771	
197	0.00126	0.2646	0.0638521	0.101341	0.255612	0x7ffe9d686c10	0.972771	
149	0.00126	0.2646	0.0609951	0.0768754	0.075982	0x7ffe9d686c10	0.972771	
58	0.00126	0.2646	0.0606727	0.0766003	0.0793111	0x7ffe9d686c10	0.972771	
115	0.00126	0.2646	0.06071	0.0766902	0.0763836	0x7ffe9d686c10	0.972771	
207	0.00126	0.2646	0.0615436	0.0821201	0.110004	0x7ffe9d686c10	0.972771	
98	0.00126	0.2646	0.0615322	0.0834447	0.127794	0x7ffe9d686c10	0.972771	
110	0.00126	0.2646	0.0608144	0.0766466	0.0766656	0x7ffe9d686c10	0.972771	
142	0.00126	0.2646	0.0616267	0.0835084	0.126994	0x7ffe9d686c10	0.972771	
85	0.00126	0.2646	0.0620818	0.0842968	0.124075	0x7ffe9d686c10	0.972771	
143	0.00126	0.2646	0.0626611	0.09108	0.182091	0x7ffe9d686c10	0.972771	
112	0.00126	0.2646	0.0612672	0.0779916	0.0786846	0x7ffe9d686c10	0.972771	
83	0.00126	0.2646	0.0610648	0.0777338	0.0783926	0x7ffe9d686c10	0.972771	
180	0.00126	0.2646	0.0623816	0.0875218	0.14806	0x7ffe9d686c10	0.972771	
34	0.00126	0.2646	0.0610129	0.0771326	0.0758881	0x7ffe9d686c10	0.972771	
127	0.00126	0.2646	0.061035	0.0776182	0.0801754	0x7ffe9d686c10	0.972771	
144	0.00126	0.2646	0.0610235	0.077154	0.0766454	0x7ffe9d686c10	0.972771	
101	0.00126	0.2646	0.0615913	0.0834907	0.128752	0x7ffe9d686c10	0.972771	
96	0.00126	0.2646	0.0611381	0.0773839	0.0763491	0x7ffe9d686c10	0.972771	
136	0.00126	0.2646	0.0622845	0.0856901	0.134583	0x7ffe9d686c10	0.972771	
173	0.00126	0.2646	0.063934	0.0988982	0.229148	0x7ffe9d686c10	0.972771	
65	0.00126	0.2646	0.0618416	0.0815922	0.103636	0x7ffe9d686c10	0.972771	
71	0.00126	0.2646	0.0613819	0.078049	0.0766511	0x7ffe9d686c10	0.972771	
117	0.00126	0.2646	0.0616257	0.0824677	0.116318	0x7ffe9d686c10	0.972771	
52	0.00126	0.2646	0.0608126	0.076627	0.0761296	0x7ffe9d686c10	0.972771	
66	0.00126	0.2646	0.060837	0.0766135	0.0754551	0x7ffe9d686c10	0.972771	
89	0.00126	0.2646	0.0622695	0.0866949	0.144317	0x7ffe9d686c10	0.972771	
133	0.00126	0.2646	0.0616851	0.0789758	0.0801861	0x7ffe9d686c10	0.972771	
89	0.00126	0.2646	0.0624642	0.087496	0.145834	0x7ffe9d686c10	0.972771	
100	0.00126	0.2646	0.0611174	0.0771183	0.078227	0x7ffe9d686c10	0.972771	
144	0.00126	0.2646	0.0628591	0.0914509	0.179038	0x7ffe9d686c10	0.972771	
110	0.00126	0.2646	0.0640138	0.101407	0.250548	0x7ffe9d686c10	0.972771	
37	0.00126	0.2646	0.0617937	0.083098	0.123237	0x7ffe9d686c10	0.972771	
116	0.00126	0.2646	0.0610546	0.0774494	0.0776209	0x7ffe9d686c10	0.972771	
75	0.00126	0.2646	0.0615871	0.0835519	0.130744	0x7ffe9d686c10	0.972771	
149	0.00126	0.2646	0.0609724	0.0768909	0.0768292	0x7ffe9d686c10	0.972771	
54	0.00126	0.2646	0.062086	0.0831822	0.114142	0x7ffe9d686c10	0.972771	
171	0.00126	0.2646	0.0636299	0.0959673	0.207717	0x7ffe9d686c10	0.972771	
132	0.00126	0.2646	0.0631513	0.092857	0.187461	0x7ffe9d686c10	0.972771	
81	0.00126	0.2646	0.0608559	0.0766954	0.0777457	0x7ffe9d686c10	0.972771	
89	0.00126	0.2646	0.0606669	0.0766601	0.0784577	0x7ffe9d686c10	0.972771	
100	0.00126	0.2646	0.0607989	0.0770149	0.0766966	0x7ffe9d686c10	0.972771	
82	0.00126	0.2646	0.0607226	0.0764241	0.0754606	0x7ffe9d686c10	0.972771	
179	0.00126	0.2646	0.0636245	0.0961836	0.210211	0x7ffe9d686c10	0.972771	
129	0.00126	0.2646	0.063058	0.0887773	0.146442	0x7ffe9d686c10	0.972771	
61	0.00126	0.2646	0.0612294	0.0770755	0.0760263	0x7ffe9d686c10	0.972771	
151	0.00126	0.2646	0.0626898	0.0888094	0.157877	0x7ffe9d686c10	0.972771	
91	0.00126	0.2646	0.0625243	0.0870664	0.143625	0x7ffe9d686c10	0.972771	
102	0.00126	0.2646	0.062055	0.0852967	0.132848	0x7ffe9d686c10	0.972771	
94	0.00126	0.2646	0.0605569	0.0758518	0.0753537	0x7ffe9d686c10	0.972771	
71	0.00126	0.2646	0.060725	0.0767747	0.0766303	0x7ffe9d686c10	0.972771	
70	0.00126	0.2646	0.061261	0.0820268	0.121029	0x7ffe9d686c10	0.972771	
62	0.00126	0.2646	0.0612111	0.077501	0.0770638	0x7ffe9d686c10	0.972771	
96	0.00126	0.2646	0.0618887	0.0786806	0.0792604	0x7ffe9d686c10	0.972771	
248	0.00126	0.2646	0.0681968	0.128376	0.419365	0x7ffe9d686c10	0.972771	
69	0.00126	0.2646	0.0624038	0.0838147	0.122263	0x7ffe9d686c10	0.972771	
141	0.00126	0.2646	0.0621311	0.0830645	0.111715	0x7ffe9d686c10	0.972771	
158	0.00126	0.2646	0.0621235	0.0851489	0.13254	0x7ffe9d686c10	0.972771	
148	0.00126	0.2646	0.0611653	0.0794769	0.0984307	0x7ffe9d686c10	0.972771	
90	0.00126	0.2646	0.0608808	0.0771602	0.0764144	0x7ffe9d686c10	0.972771	
115	0.00126	0.2646	0.0619871	0.0876301	0.15901	0x7ffe9d686c10	0.972771	
110	0.00126	0.2646	0.0608542	0.0768649	0.0757984	0x7ffe9d686c10	0.972771	
73	0.00126	0.2646	0.0606264	0.0759388	0.0758642	0x7ffe9d686c10	0.972771	
130	0.00126	0.2646	0.0617876	0.0784989	0.0770476	0x7ffe9d686c10	0.972771	
150	0.00126	0.2646	0.0671269	0.122952	0.392712	0x7ffe9d686c10	0.972771	
77	0.00126	0.2646	0.061445	0.0776095	0.0772419	0x7ffe9d686c10	0.972771	
70	0.00126	0.2646	0.0608305	0.0764845	0.0755419	0x7ffe9d686c10	0.972771	
63	0.00126	0.2646	0.0611127	0.0774674	0.0761665	0x7ffe9d686c10	0.972771	
128	0.00126	0.2646	0.0614617	0.0827469	0.121126	0x7ffe9d686c10	0.972771	
215	0.00126	0.2646	0.0608846	0.0782892	0.0922306	0x7ffe9d686c10	0.972771	
127	0.00126	0.2646	0.0615799	0.0839673	0.12933	0x7ffe9d686c10	0.972771	
105	0.00126	0.2646	0.0608309	0.0779384	0.0898697	0x7ffe9d686c10	0.972771	
102	0.00126	0.2646	0.0606197	0.0760316	0.0767621	0x7ffe9d686c10	0.972771	
83	0.00126	0.2646	0.0618679	0.0840571	0.126015	0x7ffe9d686c10	0.972771	
17	0.00126	0.2646	0.0612578	0.0779546	0.0767476	0x7ffe9d686c10	0.972771	
160	0.00126	0.2646	0.0607515	0.0769908	0.0805144	0x7ffe9d686c10	0.972771	
44	0.00126	0.2646	0.0609783	0.0770025	0.07576	0x7ffe9d686c10	0.972771	
85	0.00126	0.2646	0.0625154	0.0870528	0.137145	0x7ffe9d686c10	0.972771	
112	0.00126	0.2646	0.0610582	0.077298	0.0760065	0x7ffe9d686c10	0.972771	
73	0.00126	0.2646	0.0605172	0.0758893	0.0758842	0x7ffe9d686c10	0.972771	
51	0.00126	0.2646	0.0617606	0.0852472	0.137893	0x7ffe9d686c10	0.972771	
89	0.00126	0.2646	0.0615693	0.0827693	0.120709	0x7ffe9d686c10	0.972771	
72	0.00126	0.2646	0.0611164	0.0773739	0.0760969	0x7ffe9d686c10	0.972771	
60	0.00126	0.2646	0.0606521	0.0764755	0.0754632	0x7ffe9d686c10	0.972771	
58	0.00126	0.2646	0.0605175	0.0761482	0.0759707	0x7ffe9d686c10	0.972771	
66	0.00126	0.2646	0.0606278	0.0763489	0.0759125	0x7ffe9d686c10	0.972771	
135	0.00126	0.2646	0.0616981	0.0834217	0.124971	0x7ffe9d686c10	0.972771	
191	0.00126	0.2646	0.0635198	0.0955008	0.203746	0x7ffe9d686c10	0.972771	
114	0.00126	0.2646	0.0632533	0.0950462	0.2068	0x7ffe9d686c10	0.972771	
135	0.00126	0.2646	0.0609778	0.0771789	0.0830583	0x7ffe9d686c10	0.972771	
105	0.00126	0.2646	0.0622526	0.0866261	0.137836	0x7ffe9d686c10	0.972771	
164	0.00126	0.2646	0.06184	0.0841684	0.128505	0x7ffe9d686c10	0.972771	
64	0.00126	0.2646	0.0606713	0.0761954	0.0757913	0x7ffe9d686c10	0.972771	
117	0.00126	0.2646	0.0613832	0.0841153	0.136759	0x7ffe9d686c10	0.972771	
169	0.00126	0.2646	0.0605718	0.0763152	0.0763375	0x7ffe9d686c10	0.972771	
100	0.00126	0.2646	0.0615946	0.0838749	0.130762	0x7ffe9d686c10	0.972771	
125	0.00126	0.2646	0.0623245	0.0878589	0.155189	0x7ffe9d686c10	0.972771	
93	0.00126	0.2646	0.0620867	0.0855798	0.136987	0x7ffe9d686c10	0.972771	
33	0.00126	0.2646	0.0611103	0.0773839	0.0760858	0x7ffe9d686c10	0.972771	
74	0.00126	0.2646	0.061052	0.0771439	0.0782492	0x7ffe9d686c10	0.972771	
205	0.00126	0.2646	0.0632295	0.0953032	0.210026	0x7ffe9d686c10	0.972771	
63	0.00126	0.2646	0.0615356	0.0786648	0.0783291	0x7ffe9d686c10	0.972771	
10	0.00126	0.2646	0.0606731	0.0761842	0.0750888	0x7ffe9d686c10	0.972771	
106	0.00126	0.2646	0.0607707	0.0767668	0.0763437	0x7ffe9d686c10	0.972771	
93	0.00126	0.2646	0.0611995	0.083237	0.129562	0x7ffe9d686c10	0.972771	
69	0.00126	0.2646	0.061884	0.084746	0.13105	0x7ffe9d686c10	0.972771	
95	0.00126	0.2646	0.0618014	0.0831867	0.117843	0x7ffe9d686c10	0.972771	
52	0.00126	0.2646	0.0609289	0.0770823	0.0769737	0x7ffe9d686c10	0.972771	
90	0.00126	0.2646	0.0605834	0.075979	0.0749301	0x7ffe9d686c10	0.972771	
67	0.00126	0.2646	0.0607883	0.0764567	0.075465	0x7ffe9d686c10	0.972771	
16	0.00126	0.2646	0.061469	0.0786545	0.0771463	0x7ffe9d686c10	0.972771	
63	0.00126	0.2646	0.0609978	0.0770334	0.0774685	0x7ffe9d686c10	0.972771	
110	0.00126	0.2646	0.0618435	0.0864994	0.149913	0x7ffe9d686c10	0.972771	
117	0.00126	0.2646	0.0631611	0.0921976	0.180692	0x7ffe9d686c10	0.972771	
140	0.00126	0.2646	0.0624875	0.0872702	0.149147	0x7ffe9d686c10	0.972771	
162	0.00126	0.2646	0.0627203	0.0881107	0.147898	0x7ffe9d686c10	0.972771	
70	0.00126	0.2646	0.0625992	0.0862657	0.134093	0x7ffe9d686c10	0.972771	
161	0.00126	0.2646	0.0624724	0.0866609	0.141034	0x7ffe9d686c10	0.972771	
136	0.00126	0.2646	0.0634378	0.0962055	0.211595	0x7ffe9d686c10	0.972771	
104	0.00126	0.2646	0.0623154	0.0865222	0.142979	0x7ffe9d686c10	0.972771	
174	0.00126	0.2646	0.0612645	0.0777845	0.0772279	0x7ffe9d686c10	0.972771	
183	0.00126	0.2646	0.0612059	0.0783836	0.0877416	0x7ffe9d686c10	0.972771	
202	0.00126	0.2646	0.0626684	0.0897576	0.168324	0x7ffe9d686c10	0.972771	
67	0.00126	0.2646	0.0610212	0.0772484	0.077194	0x7ffe9d686c10	0.972771	
145	0.00126	0.2646	0.0609554	0.0768323	0.0762191	0x7ffe9d686c10	0.972771	
106	0.00126	0.2646	0.0621443	0.0850264	0.132487	0x7ffe9d686c10	0.972771	
138	0.00126	0.2646	0.0639643	0.0977266	0.214703	0x7ffe9d686c10	0.972771	
103	0.00126	0.2646	0.0621563	0.0835659	0.123199	0x7ffe9d686c10	0.972771	
78	0.00126	0.2646	0.0628543	0.0907641	0.17053	0x7ffe9d686c10	0.972771	
60	0.00126	0.2646	0.0610578	0.0771153	0.0770088	0x7ffe9d686c10	0.972771	
122	0.00126	0.2646	0.0607492	0.0764442	0.0756156	0x7ffe9d686c10	0.972771	
121	0.00126	0.2646	0.0614678	0.0822567	0.116108	0x7ffe9d686c10	0.972771	
97	0.00126	0.2646	0.0611373	0.0778332	0.0794664	0x7ffe9d686c10	0.972771	
62	0.00126	0.2646	0.0608136	0.076491	0.0755191	0x7ffe9d686c10	0.972771	
56	0.00126	0.2646	0.0608439	0.0765897	0.0754364	0x7ffe9d686c10	0.972771	
94	0.00126	0.2646	0.0618501	0.0847866	0.135158	0x7ffe9d686c10	0.972771	
29	0.00126	0.2646	0.0615596	0.0785828	0.0770956	0x7ffe9d686c10	0.972771	
122	0.00126	0.2646	0.0612353	0.077366	0.0764748	0x7ffe9d686c10	0.972771	
117	0.00126	0.2646	0.0622473	0.0856335	0.131007	0x7ffe9d686c10	0.972771	
115	0.00126	0.2646	0.0610385	0.077449	0.0781317	0x7ffe9d686c10	0.972771	
197	0.00126	0.2646	0.0603659	0.0755607	0.0752816	0x7ffe9d686c10	0.972771	
145	0.00126	0.2646	0.0606138	0.0766969	0.081583	0x7ffe9d686c10	0.972771	
79	0.00126	0.2646	0.0617431	0.0848079	0.134794	0x7ffe9d686c10	0.972771	
136	0.00126	0.2646	0.0628453	0.0891867	0.154895	0x7ffe9d686c10	0.972771	
105	0.00126	0.2646	0.0614601	0.078001	0.0779914	0x7ffe9d686c10	0.972771	
84	0.00126	0.2646	0.0616838	0.0819227	0.112346	0x7ffe9d686c10	0.972771	
104	0.00126	0.2646	0.062938	0.0914311	0.177458	0x7ffe9d686c10	0.972771	
22	0.00126	0.2646	0.0613638	0.0776558	0.0763485	0x7ffe9d686c10	0.972771	
95	0.00126	0.2646	0.0621477	0.086843	0.148627	0x7ffe9d686c10	0.972771	
53	0.00126	0.2646	0.0608734	0.0770812	0.0762103	0x7ffe9d686c10	0.972771	
116	0.00126	0.2646	0.0603803	0.0754788	0.0745001	0x7ffe9d686c10	0.972771	
107	0.00126	0.2646	0.060924	0.07693	0.07571	0x7ffe9d686c10	0.972771	
115	0.00126	0.2646	0.06316	0.0944898	0.201136	0x7ffe9d686c10	0.972771	
131	0.00126	0.2646	0.0618069	0.0788575	0.0773285	0x7ffe9d686c10	0.972771	
143	0.00126	0.2646	0.0631141	0.0885072	0.140559	0x7ffe9d686c10	0.972771	
60	0.00126	0.2646	0.0614395	0.0778462	0.0799958	0x7ffe9d686c10	0.972771	
108	0.00126	0.2646	0.0633907	0.0955412	0.205268	0x7ffe9d686c10	0.972771	
66	0.00126	0.2646	0.062079	0.0849723	0.134543	0x7ffe9d686c10	0.972771	
43	0.00126	0.2646	0.061201	0.0774931	0.0774646	0x7ffe9d686c10	0.972771	
176	0.00126	0.2646	0.0638057	0.10409	0.273301	0x7ffe9d686c10	0.972771	
60	0.00126	0.2646	0.0611052	0.0771655	0.0768718	0x7ffe9d686c10	0.972771	
156	0.00126	0.2646	0.0628344	0.0932318	0.197681	0x7ffe9d686c10	0.972771	
73	0.00126	0.2646	0.0613448	0.0776972	0.0763665	0x7ffe9d686c10	0.972771	
155	0.00126	0.2646	0.0646618	0.104185	0.264171	0x7ffe9d686c10	0.972771	
54	0.00126	0.2646	0.0621432	0.0797894	0.0794668	0x7ffe9d686c10	0.972771	
120	0.00126	0.2646	0.0617673	0.0844341	0.131077	0x7ffe9d686c10	0.972771	
103	0.00126	0.2646	0.0609508	0.0767856	0.0755995	0x7ffe9d686c10	0.972771	
116	0.00126	0.2646	0.0618344	0.0821174	0.104368	0x7ffe9d686c10	0.972771	
53	0.00126	0.2646	0.0614496	0.0812443	0.105506	0x7ffe9d686c10	0.972771	
66	0.00126	0.2646	0.0607856	0.0768995	0.0756795	0x7ffe9d686c10	0.972771	
84	0.00126	0.2646	0.0607867	0.0767557	0.0766647	0x7ffe9d686c10	0.972771	
84	0.00126	0.2646	0.0610077	0.0770895	0.0758559	0x7ffe9d686c10	0.972771	
183	0.00126	0.2646	0.061395	0.077668	0.0770357	0x7ffe9d686c10	0.972771	
106	0.00126	0.2646	0.064784	0.106279	0.278348	0x7ffe9d686c10	0.972771	
128	0.00126	0.2646	0.0611844	0.077181	0.0759526	0x7ffe9d686c10	0.972771	
115	0.00126	0.2646	0.0607607	0.0780384	0.0920968	0x7ffe9d686c10	0.972771	
100	0.00126	0.2646	0.0610018	0.0769121	0.079359	0x7ffe9d686c10	0.972771	
146	0.00126	0.2646	0.0658017	0.114901	0.344456	0x7ffe9d686c10	0.972771	
13	0.00126	0.2646	0.0611501	0.0769281	0.0757335	0x7ffe9d686c10	0.972771	
73	0.00126	0.2646	0.0603996	0.0754862	0.0745049	0x7ffe9d686c10	0.972771	
94	0.00126	0.2646	0.0607834	0.0768575	0.0756337	0x7ffe9d686c10	0.972771	
96	0.00126	0.2646	0.0614776	0.078236	0.0774962	0x7ffe9d686c10	0.972771	
157	0.00126	0.2646	0.0634526	0.0945489	0.199624	0x7ffe9d686c10	0.972771	
137	0.00126	0.2646	0.0608652	0.0770425	0.0758141	0x7ffe9d686c10	0.972771	
57	0.00126	0.2646	0.0612017	0.0826312	0.126201	0x7ffe9d686c10	0.972771	
44	0.00126	0.2646	0.060385	0.0757012	0.0755482	0x7ffe9d686c10	0.972771	
55	0.00126	0.2646	0.0605807	0.0759269	0.0748816	0x7ffe9d686c10	0.972771	
100	0.00126	0.2646	0.0617541	0.0795714	0.0795509	0x7ffe9d686c10	0.972771	
79	0.00126	0.2646	0.0615208	0.0789255	0.0818349	0x7ffe9d686c10	0.972771	
115	0.00126	0.2646	0.0609234	0.0767914	0.0767889	0x7ffe9d686c10	0.972771	
95	0.00126	0.2646	0.062978	0.0971625	0.218205	0x7ffe9d686c10	0.972771	
155	0.00126	0.2646	0.0623171	0.0862926	0.137833	0x7ffe9d686c10	0.972771	
51	0.00126	0.2646	0.0608943	0.0767109	0.0762261	0x7ffe9d686c10	0.972771	
161	0.00126	0.2646	0.0605509	0.0770973	0.0861128	0x7ffe9d686c10	0.972771	
31	0.00126	0.2646	0.060382	0.0758226	0.0756843	0x7ffe9d686c10	0.972771	
81	0.00126	0.2646	0.0605753	0.076203	0.0752299	0x7ffe9d686c10	0.972771	
69	0.00126	0.2646	0.0608487	0.0768488	0.0756345	0x7ffe9d686c10	0.972771	
137	0.00126	0.2646	0.0609218	0.0768536	0.075899	0x7ffe9d686c10	0.972771	
131	0.00126	0.2646	0.0614429	0.0830649	0.126265	0x7ffe9d686c10	0.972771	
118	0.00126	0.2646	0.060817	0.0768301	0.080161	0x7ffe9d686c10	0.972771	
131	0.00126	0.2646	0.0614388	0.0783402	0.0768891	0x7ffe9d686c10	0.972771	
169	0.00126	0.2646	0.0635201	0.0967327	0.215595	0x7ffe9d686c10	0.972771	
55	0.00126	0.2646	0.0607516	0.076291	0.0767759	0x7ffe9d686c10	0.972771	
60	0.00126	0.2646	0.0606617	0.0763496	0.075243	0x7ffe9d686c10	0.972771	
62	0.00126	0.2646	0.060746	0.0766256	0.0769564	0x7ffe9d686c10	0.972771	
114	0.00126	0.2646	0.062264	0.0860061	0.136762	0x7ffe9d686c10	0.972771	
146	0.00126	0.2646	0.0632234	0.0938085	0.195517	0x7ffe9d686c10	0.972771	
121	0.00126	0.2646	0.0621683	0.0865703	0.146684	0x7ffe9d686c10	0.972771	
58	0.00126	0.2646	0.0608891	0.0769408	0.0761811	0x7ffe9d686c10	0.972771	
34	0.00126	0.2646	0.0608013	0.0764699	0.0763578	0x7ffe9d686c10	0.972771	
101	0.00126	0.2646	0.0622383	0.0868119	0.147269	0x7ffe9d686c10	0.972771	
135	0.00126	0.2646	0.0622369	0.0868041	0.14579	0x7ffe9d686c10	0.972771	
71	0.00126	0.2646	0.0609417	0.0773002	0.0797741	0x7ffe9d686c10	0.972771	
190	0.00126	0.2646	0.0639699	0.0983342	0.222374	0x7ffe9d686c10	0.972771	
133	0.00126	0.2646	0.0622918	0.0844498	0.124131	0x7ffe9d686c10	0.972771	
184	0.00126	0.2646	0.0635495	0.0973844	0.214443	0x7ffe9d686c10	0.972771	
131	0.00126	0.2646	0.0626899	0.0883868	0.151719	0x7ffe9d686c10	0.972771	
92	0.00126	0.2646	0.0611368	0.0773302	0.0766038	0x7ffe9d686c10	0.972771	
177	0.00126	0.2646	0.060908	0.0767495	0.0755641	0x7ffe9d686c10	0.972771	
142	0.00126	0.2646	0.0624361	0.0896185	0.168095	0x7ffe9d686c10	0.972771	
145	0.00126	0.2646	0.061652	0.0825263	0.116799	0x7ffe9d686c10	0.972771	
60	0.00126	0.2646	0.0609453	0.0767163	0.0758384	0x7ffe9d686c10	0.972771	
99	0.00126	0.2646	0.0625509	0.0872247	0.143522	0x7ffe9d686c10	0.972771	
64	0.00126	0.2646	0.0623411	0.0858042	0.134727	0x7ffe9d686c10	0.972771	
148	0.00126	0.2646	0.0622268	0.0863518	0.143172	0x7ffe9d686c10	0.972771	
48	0.00126	0.2646	0.0614746	0.0780512	0.0768139	0x7ffe9d686c10	0.972771	
85	0.00126	0.2646	0.0636515	0.0954096	0.19837	0x7ffe9d686c10	0.972771	
108	0.00126	0.2646	0.0622106	0.0858756	0.140931	0x7ffe9d686c10	0.972771	
75	0.00126	0.2646	0.0611933	0.0772547	0.0760051	0x7ffe9d686c10	0.972771	
107	0.00126	0.2646	0.0623673	0.0874787	0.146023	0x7ffe9d686c10	0.972771	
75	0.00126	0.2646	0.0607495	0.0763982	0.0766469	0x7ffe9d686c10	0.972771	
121	0.00126	0.2646	0.060993	0.0795479	0.101717	0x7ffe9d686c10	0.972771	
143	0.00126	0.2646	0.0619984	0.0853581	0.137244	0x7ffe9d686c10	0.972771	
31	0.00126	0.2646	0.0609909	0.0773699	0.0777556	0x7ffe9d686c10	0.972771	
116	0.00126	0.2646	0.0619878	0.0856727	0.139931	0x7ffe9d686c10	0.972771	
129	0.00126	0.2646	0.0613329	0.0777563	0.0765714	0x7ffe9d686c10	0.972771	
172	0.00126	0.2646	0.0629491	0.0924938	0.186859	0x7ffe9d686c10	0.972771	
86	0.00126	0.2646	0.061348	0.0775574	0.0762705	0x7ffe9d686c10	0.972771	
118	0.00126	0.2646	0.0624126	0.0849243	0.124866	0x7ffe9d686c10	0.972771	
131	0.00126	0.2646	0.0645715	0.106551	0.289935	0x7ffe9d686c10	0.972771	
40	0.00126	0.2646	0.0608203	0.0766852	0.0798453	0x7ffe9d686c10	0.972771	
49	0.00126	0.2646	0.0604627	0.0757249	0.074718	0x7ffe9d686c10	0.972771	
95	0.00126	0.2646	0.0610592	0.0780595	0.0803249	0x7ffe9d686c10	0.972771	
143	0.00126	0.2646	0.0631074	0.0952881	0.204946	0x7ffe9d686c10	0.972771	
156	0.00126	0.2646	0.0627663	0.0885877	0.150221	0x7ffe9d686c10	0.972771	
113	0.00126	0.2646	0.0621221	0.0863294	0.146331	0x7ffe9d686c10	0.972771	
158	0.00126	0.2646	0.0612477	0.0776153	0.0768461	0x7ffe9d686c10	0.972771	
96	0.00126	0.2646	0.0621473	0.086588	0.148565	0x7ffe9d686c10	0.972771	
206	0.00126	0.2646	0.0624324	0.0866179	0.138509	0x7ffe9d686c10	0.972771	
74	0.00126	0.2646	0.0612786	0.0779332	0.0765487	0x7ffe9d686c10	0.972771	
136	0.00126	0.2646	0.0606209	0.0761269	0.0757918	0x7ffe9d686c10	0.972771	
19	0.00126	0.2646	0.0607863	0.0765854	0.0754218	0x7ffe9d686c10	0.972771	
124	0.00126	0.2646	0.0622997	0.0885875	0.150555	0x7ffe9d686c10	0.972771	
84	0.00126	0.2646	0.0636463	0.0946115	0.194409	0x7ffe9d686c10	0.972771	
160	0.00126	0.2646	0.0646842	0.103405	0.256921	0x7ffe9d686c10	0.972771	
56	0.00126	0.2646	0.0612136	0.0774795	0.0761799	0x7ffe9d686c10	0.972771	
74	0.00126	0.2646	0.0609145	0.0768791	0.0761794	0x7ffe9d686c10	0.972771	
69	0.00126	0.2646	0.0610183	0.0770998	0.0758571	0x7ffe9d686c10	0.972771	
187	0.00126	0.2646	0.0613928	0.0783452	0.0771855	0x7ffe9d686c10	0.972771	
145	0.00126	0.2646	0.0627513	0.0920588	0.183145	0x7ffe9d686c10	0.972771	
91	0.00126	0.2646	0.0612021	0.0773142	0.07646	0x7ffe9d686c10	0.972771	
30	0.00126	0.2646	0.0623009	0.0853489	0.129722	0x7ffe9d686c10	0.972771	
143	0.00126	0.2646	0.0631821	0.0926002	0.185016	0x7ffe9d686c10	0.972771	
84	0.00126	0.2646	0.0617086	0.0786954	0.0773228	0x7ffe9d686c10	0.972771	
82	0.00126	0.2646	0.0621099	0.0836169	0.117079	0x7ffe9d686c10	0.972771	
204	0.00126	0.2646	0.0621856	0.095411	0.213879	0x7ffe9d686c10	0.972771	
179	0.00126	0.2646	0.060833	0.0766709	0.0770719	0x7ffe9d686c10	0.972771	
110	0.00126	0.2646	0.0623874	0.0876002	0.150657	0x7ffe9d686c10	0.972771	
144	0.00126	0.2646	0.0642331	0.107625	0.297822	0x7ffe9d686c10	0.972771	
116	0.00126	0.2646	0.0612159	0.0774999	0.0782229	0x7ffe9d686c10	0.972771	
154	0.00126	0.2646	0.0627368	0.0910229	0.180148	0x7ffe9d686c10	0.972771	
117	0.00126	0.2646	0.0627822	0.0878592	0.145845	0x7ffe9d686c10	0.972771	
125	0.00126	0.2646	0.0622399	0.0845336	0.126374	0x7ffe9d686c10	0.972771	
58	0.00126	0.2646	0.0624965	0.0868246	0.141699	0x7ffe9d686c10	0.972771	
81	0.00126	0.2646	0.0617488	0.0835677	0.125703	0x7ffe9d686c10	0.972771	
79	0.00126	0.2646	0.0606121	0.076593	0.0770377	0x7ffe9d686c10	0.972771	
72	0.00126	0.2646	0.0605179	0.0758165	0.0760059	0x7ffe9d686c10	0.972771	
28	0.00126	0.2646	0.0616482	0.079213	0.0779415	0x7ffe9d686c10	0.972771	
107	0.00126	0.2646	0.0613796	0.0784827	0.0770835	0x7ffe9d686c10	0.972771	
45	0.00126	0.2646	0.0607426	0.0762565	0.075532	0x7ffe9d686c10	0.972771	
108	0.00126	0.2646	0.0614095	0.0778748	0.0773786	0x7ffe9d686c10	0.972771	
130	0.00126	0.2646	0.0648465	0.105238	0.272974	0x7ffe9d686c10	0.972771	
49	0.00126	0.2646	0.0629304	0.0871651	0.137111	0x7ffe9d686c10	0.972771	
30	0.00126	0.2646	0.0607377	0.0765302	0.0753753	0x7ffe9d686c10	0.972771	
113	0.00126	0.2646	0.0607456	0.077764	0.0884155	0x7ffe9d686c10	0.972771	
95	0.00126	0.2646	0.0605062	0.0760072	0.0755109	0x7ffe9d686c10	0.972771	
143	0.00126	0.2646	0.0608652	0.076242	0.075161	0x7ffe9d686c10	0.972771	
117	0.00126	0.2646	0.064267	0.0992372	0.230991	0x7ffe9d686c10	0.972771	
183	0.00126	0.2646	0.0654933	0.108904	0.299281	0x7ffe9d686c10	0.972771	
146	0.00126	0.2646	0.062935	0.0894498	0.162871	0x7ffe9d686c10	0.972771	
121	0.00126	0.2646	0.063249	0.0940312	0.196153	0x7ffe9d686c10	0.972771	
99	0.00126	0.2646	0.0619153	0.0800095	0.0820116	0x7ffe9d686c10	0.972771	
111	0.00126	0.2646	0.0608926	0.0767664	0.0790907	0x7ffe9d686c10	0.972771	
58	0.00126	0.2646	0.0604392	0.0758181	0.076455	0x7ffe9d686c10	0.972771	
85	0.00126	0.2646	0.0605694	0.076256	0.0751303	0x7ffe9d686c10	0.972771	
112	0.00126	0.2646	0.0606148	0.0762283	0.0764655	0x7ffe9d686c10	0.972771	
73	0.00126	0.2646	0.0610111	0.077234	0.0759566	0x7ffe9d686c10	0.972771	
95	0.00126	0.2646	0.0611607	0.0774264	0.0765111	0x7ffe9d686c10	0.972771	
63	0.00126	0.2646	0.0612907	0.0777889	0.0770486	0x7ffe9d686c10	0.972771	
110	0.00126	0.2646	0.0621678	0.0864352	0.144014	0x7ffe9d686c10	0.972771	
116	0.00126	0.2646	0.061275	0.0774697	0.0767384	0x7ffe9d686c10	0.972771	
63	0.00126	0.2646	0.062467	0.0871865	0.142832	0x7ffe9d686c10	0.972771	
66	0.00126	0.2646	0.060893	0.0769028	0.0777807	0x7ffe9d686c10	0.972771	
111	0.00126	0.2646	0.0608059	0.0772562	0.0819148	0x7ffe9d686c10	0.972771	
70	0.00126	0.2646	0.0607409	0.0762289	0.0751427	0x7ffe9d686c10	0.972771	
152	0.00126	0.2646	0.0623023	0.0874313	0.145992	0x7ffe9d686c10	0.972771	
60	0.00126	0.2646	0.0612332	0.0779337	0.0810034	0x7ffe9d686c10	0.972771	
66	0.00126	0.2646	0.0607963	0.0765773	0.0758027	0x7ffe9d686c10	0.972771	
122	0.00126	0.2646	0.0605318	0.0758264	0.0756968	0x7ffe9d686c10	0.972771	
16	0.00126	0.2646	0.0611047	0.0775377	0.0762177	0x7ffe9d686c10	0.972771	
152	0.00126	0.2646	0.0619633	0.0849713	0.134643	0x7ffe9d686c10	0.972771	
160	0.00126	0.2646	0.0620951	0.086125	0.142091	0x7ffe9d686c10	0.972771	
14	0.00126	0.2646	0.0608131	0.0764523	0.0753328	0x7ffe9d686c10	0.972771	
198	0.00126	0.2646	0.0626486	0.0879668	0.147961	0x7ffe9d686c10	0.972771	
207	0.00126	0.2646	0.0618574	0.0833757	0.12562	0x7ffe9d686c10	0.972771	
165	0.00126	0.2646	0.0628525	0.0909829	0.171066	0x7ffe9d686c10	0.972771	
113	0.00126	0.2646	0.0612886	0.0775549	0.0773576	0x7ffe9d686c10	0.972771	
151	0.00126	0.2646	0.0620898	0.0869831	0.150425	0x7ffe9d686c10	0.972771	
103	0.00126	0.2646	0.0606066	0.0759466	0.0754188	0x7ffe9d686c10	0.972771	
39	0.00126	0.2646	0.0609967	0.0772312	0.0761161	0x7ffe9d686c10	0.972771	
108	0.00126	0.2646	0.0628779	0.0945644	0.207308	0x7ffe9d686c10	0.972771	
103	0.00126	0.2646	0.060851	0.0762641	0.075171	0x7ffe9d686c10	0.972771	
96	0.00126	0.2646	0.0624727	0.0874679	0.14657	0x7ffe9d686c10	0.972771	
120	0.00126	0.2646	0.0623977	0.0896553	0.172298	0x7ffe9d686c10	0.972771	
70	0.00126	0.2646	0.0610671	0.0771002	0.0758805	0x7ffe9d686c10	0.972771	
53	0.00126	0.2646	0.0617843	0.0839504	0.126697	0x7ffe9d686c10	0.972771	
115	0.00126	0.2646	0.0610774	0.0773009	0.0790422	0x7ffe9d686c10	0.972771	
43	0.00126	0.2646	0.0611447	0.0776117	0.0762691	0x7ffe9d686c10	0.972771	
48	0.00126	0.2646	0.0609479	0.0781493	0.0888936	0x7ffe9d686c10	0.972771	
73	0.00126	0.2646	0.0606989	0.0763746	0.0764937	0x7ffe9d686c10	0.972771	
82	0.00126	0.2646	0.061042	0.0777051	0.0763259	0x7ffe9d686c10	0.972771	
63	0.00126	0.2646	0.0605991	0.0761781	0.0781203	0x7ffe9d686c10	0.972771	
44	0.00126	0.2646	0.0612173	0.0776822	0.0763408	0x7ffe9d686c10	0.972771	
121	0.00126	0.2646	0.0610565	0.0780647	0.0871687	0x7ffe9d686c10	0.972771	
34	0.00126	0.2646	0.0607671	0.0764163	0.0758626	0x7ffe9d686c10	0.972771	
115	0.00126	0.2646	0.0621923	0.0893912	0.175022	0x7ffe9d686c10	0.972771	
87	0.00126	0.2646	0.061362	0.0785037	0.0831969	0x7ffe9d686c10	0.972771	
91	0.00126	0.2646	0.0619894	0.0840878	0.12828	0x7ffe9d686c10	0.972771	
85	0.00126	0.2646	0.0633959	0.0948602	0.198908	0x7ffe9d686c10	0.972771	
24	0.00126	0.2646	0.061262	0.0780221	0.0813289	0x7ffe9d686c10	0.972771	
23	0.00126	0.2646	0.0608752	0.0767015	0.0756907	0x7ffe9d686c10	0.972771	
119	0.00126	0.2646	0.0610651	0.0771605	0.076596	0x7ffe9d686c10	0.972771	
123	0.00126	0.2646	0.0631966	0.0947084	0.201756	0x7ffe9d686c10	0.972771	
122	0.00126	0.2646	0.0609286	0.0770631	0.0764715	0x7ffe9d686c10	0.972771	
107	0.00126	0.2646	0.0608304	0.0767055	0.0755393	0x7ffe9d686c10	0.972771	
154	0.00126	0.2646	0.0607597	0.0766462	0.0758166	0x7ffe9d686c10	0.972771	
48	0.00126	0.2646	0.0608177	0.0765626	0.0776364	0x7ffe9d686c10	0.972771	
102	0.00126	0.2646	0.0619583	0.0829953	0.115947	0x7ffe9d686c10	0.972771	
146	0.00126	0.2646	0.0637076	0.0972913	0.215908	0x7ffe9d686c10	0.972771	
156	0.00126	0.2646	0.0610561	0.0766039	0.0758089	0x7ffe9d686c10	0.972771	
102	0.00126	0.2646	0.0622035	0.0866073	0.146787	0x7ffe9d686c10	0.972771	
127	0.00126	0.2646	0.0622609	0.0861602	0.141351	0x7ffe9d686c10	0.972771	
92	0.00126	0.2646	0.0624416	0.087679	0.150254	0x7ffe9d686c10	0.972771	
86	0.00126	0.2646	0.0610444	0.0768377	0.0758018	0x7ffe9d686c10	0.972771	
137	0.00126	0.2646	0.0617779	0.0816443	0.102105	0x7ffe9d686c10	0.972771	
86	0.00126	0.2646	0.0608931	0.0764742	0.0758311	0x7ffe9d686c10	0.972771	
99	0.00126	0.2646	0.0616044	0.0822738	0.114823	0x7ffe9d686c10	0.972771	
124	0.00126	0.2646	0.0615116	0.0783363	0.0771921	0x7ffe9d686c10	0.972771	
135	0.00126	0.2646	0.0622646	0.086963	0.146073	0x7ffe9d686c10	0.972771	
109	0.00126	0.2646	0.0609672	0.0768083	0.076421	0x7ffe9d686c10	0.972771	
182	0.00126	0.2646	0.0620118	0.0850265	0.133808	0x7ffe9d686c10	0.972771	
147	0.00126	0.2646	0.0623479	0.0863005	0.13999	0x7ffe9d686c10	0.972771	
88	0.00126	0.2646	0.0615727	0.0785615	0.0770812	0x7ffe9d686c10	0.972771	
27	0.00126	0.2646	0.0611599	0.077046	0.075845	0x7ffe9d686c10	0.972771	
131	0.00126	0.2646	0.0623171	0.0872282	0.148857	0x7ffe9d686c10	0.972771	
74	0.00126	0.2646	0.0609872	0.0771156	0.0758632	0x7ffe9d686c10	0.972771	
109	0.00126	0.2646	0.0617211	0.0847521	0.136808	0x7ffe9d686c10	0.972771	
101	0.00126	0.2646	0.0612747	0.0797618	0.0979442	0x7ffe9d686c10	0.972771	
115	0.00126	0.2646	0.0609197	0.0774223	0.0767483	0x7ffe9d686c10	0.972771	
76	0.00126	0.2646	0.0606019	0.0758552	0.074822	0x7ffe9d686c10	0.972771	
125	0.00126	0.2646	0.0620923	0.0857105	0.136512	0x7ffe9d686c10	0.972771	
69	0.00126	0.2646	0.0613796	0.0777812	0.0774706	0x7ffe9d686c10	0.972771	
170	0.00126	0.2646	0.0618503	0.0829669	0.116087	0x7ffe9d686c10	0.972771	
89	0.00126	0.2646	0.0612955	0.0773537	0.076075	0x7ffe9d686c10	0.972771	
112	0.00126	0.2646	0.062169	0.0859501	0.136494	0x7ffe9d686c10	0.972771	
99	0.00126	0.2646	0.0608191	0.0767118	0.0777144	0x7ffe9d686c10	0.972771	
128	0.00126	0.2646	0.0608668	0.077513	0.0855626	0x7ffe9d686c10	0.972771	
102	0.00126	0.2646	0.0615048	0.0811459	0.102176	0x7ffe9d686c10	0.972771	
91	0.00126	0.2646	0.060611	0.0761781	0.0775856	0x7ffe9d686c10	0.972771	
45	0.00126	0.2646	0.0604353	0.0757094	0.074689	0x7ffe9d686c10	0.972771	
107	0.00126	0.2646	0.0607861	0.0763972	0.0763754	0x7ffe9d686c10	0.972771	
79	0.00126	0.2646	0.0618724	0.0806382	0.0894921	0x7ffe9d686c10	0.972771	
112	0.00126	0.2646	0.0630928	0.0930684	0.193384	0x7ffe9d686c10	0.972771	
193	0.00126	0.2646	0.062183	0.0876252	0.15687	0x7ffe9d686c10	0.972771	
23	0.00126	0.2646	0.0611853	0.0774183	0.0761145	0x7ffe9d686c10	0.972771	
134	0.00126	0.2646	0.0621722	0.0878867	0.15889	0x7ffe9d686c10	0.972771	
84	0.00126	0.2646	0.0619758	0.0794173	0.0783459	0x7ffe9d686c10	0.972771	
129	0.00126	0.2646	0.0644998	0.102124	0.246723	0x7ffe9d686c10	0.972771	
58	0.00126	0.2646	0.0615479	0.0780238	0.0767848	0x7ffe9d686c10	0.972771	
24	0.00126	0.2646	0.0609309	0.0767606	0.0758141	0x7ffe9d686c10	0.972771	
94	0.00126	0.2646	0.0613143	0.077813	0.0764281	0x7ffe9d686c10	0.972771	
206	0.00126	0.2646	0.0640051	0.105954	0.28187	0x7ffe9d686c10	0.972771	
106	0.00126	0.2646	0.061562	0.0783713	0.0769061	0x7ffe9d686c10	0.972771	
25	0.00126	0.2646	0.0612428	0.077316	0.0760401	0x7ffe9d686c10	0.972771	
169	0.00126	0.2646	0.063	0.0945922	0.20708	0x7ffe9d686c10	0.972771	
50	0.00126	0.2646	0.0615661	0.0779602	0.0769611	0x7ffe9d686c10	0.972771	
124	0.00126	0.2646	0.0654057	0.111134	0.3181	0x7ffe9d686c10	0.972771	
102	0.00126	0.2646	0.0633149	0.0896748	0.153065	0x7ffe9d686c10	0.972771	
67	0.00126	0.2646	0.0616389	0.0784142	0.0779941	0x7ffe9d686c10	0.972771	
126	0.00126	0.2646	0.0621334	0.0855408	0.133599	0x7ffe9d686c10	0.972771	
103	0.00126	0.2646	0.061051	0.0767552	0.0755755	0x7ffe9d686c10	0.972771	
162	0.00126	0.2646	0.0626758	0.0886096	0.148035	0x7ffe9d686c10	0.972771	
165	0.00126	0.2646	0.0632579	0.0953937	0.209172	0x7ffe9d686c10	0.972771	
112	0.00126	0.2646	0.0607344	0.0762844	0.0751881	0x7ffe9d686c10	0.972771	
56	0.00126	0.2646	0.0610421	0.0772849	0.0769047	0x7ffe9d686c10	0.972771	
105	0.00126	0.2646	0.0624432	0.0889335	0.163163	0x7ffe9d686c10	0.972771	
151	0.00126	0.2646	0.0616113	0.079611	0.0911878	0x7ffe9d686c10	0.972771	
105	0.00126	0.2646	0.0620818	0.0847563	0.127309	0x7ffe9d686c10	0.972771	
55	0.00126	0.2646	0.0610326	0.077376	0.0830256	0x7ffe9d686c10	0.972771	
139	0.00126	0.2646	0.062714	0.0927926	0.19361	0x7ffe9d686c10	0.972771	
88	0.00126	0.2646	0.061107	0.0779848	0.0834161	0x7ffe9d686c10	0.972771	
123	0.00126	0.2646	0.0608045	0.0766571	0.0760435	0x7ffe9d686c10	0.972771	
51	0.00126	0.2646	0.061025	0.0781818	0.0862347	0x7ffe9d686c10	0.972771	
143	0.00126	0.2646	0.0609861	0.0769837	0.0778698	0x7ffe9d686c10	0.972771	
80	0.00126	0.2646	0.060732	0.0765671	0.0754241	0x7ffe9d686c10	0.972771	
43	0.00126	0.2646	0.0608111	0.076626	0.0758151	0x7ffe9d686c10	0.972771	
117	0.00126	0.2646	0.0620144	0.0865703	0.149433	0x7ffe9d686c10	0.972771	
26	0.00126	0.2646	0.0612756	0.0780551	0.0770109	0x7ffe9d686c10	0.972771	
133	0.00126	0.2646	0.0604919	0.0758055	0.0752684	0x7ffe9d686c10	0.972771	
112	0.00126	0.2646	0.0604317	0.0757273	0.0758523	0x7ffe9d686c10	0.972771	
87	0.00126	0.2646	0.0610698	0.0777876	0.076826	0x7ffe9d686c10	0.972771	
85	0.00126	0.2646	0.0611067	0.077241	0.0759883	0x7ffe9d686c10	0.972771	
149	0.00126	0.2646	0.0632486	0.0958491	0.211711	0x7ffe9d686c10	0.972771	
68	0.00126	0.2646	0.0607692	0.0771715	0.0829051	0x7ffe9d686c10	0.972771	
138	0.00126	0.2646	0.0611577	0.081965	0.121606	0x7ffe9d686c10	0.972771	
65	0.00126	0.2646	0.0606493	0.0761953	0.0761105	0x7ffe9d686c10	0.972771	
111	0.00126	0.2646	0.0612391	0.0777691	0.0767523	0x7ffe9d686c10	0.972771	
121	0.00126	0.2646	0.0627851	0.0923128	0.18763	0x7ffe9d686c10	0.972771	
61	0.00126	0.2646	0.0608174	0.076534	0.0762763	0x7ffe9d686c10	0.972771	
80	0.00126	0.2646	0.0608199	0.0764207	0.0772219	0x7ffe9d686c10	0.972771	
131	0.00126	0.2646	0.0646105	0.107681	0.297736	0x7ffe9d686c10	0.972771	
80	0.00126	0.2646	0.0612019	0.0772826	0.0768802	0x7ffe9d686c10	0.972771	
120	0.00126	0.2646	0.0611251	0.0776562	0.0781369	0x7ffe9d686c10	0.972771	
95	0.00126	0.2646	0.0607428	0.0762079	0.0751246	0x7ffe9d686c10	0.972771	
84	0.00126	0.2646	0.0605835	0.0762667	0.0766949	0x7ffe9d686c10	0.972771	
47	0.00126	0.2646	0.0608786	0.0768161	0.0760938	0x7ffe9d686c10	0.972771	
235	0.00126	0.2646	0.0629389	0.0935719	0.197797	0x7ffe9d686c10	0.972771	
131	0.00126	0.2646	0.0619579	0.0822448	0.10911	0x7ffe9d686c10	0.972771	
182	0.00126	0.2646	0.0622696	0.0867983	0.144464	0x7ffe9d686c10	0.972771	
56	0.00126	0.2646	0.060938	0.0764408	0.0753273	0x7ffe9d686c10	0.972771	
75	0.00126	0.2646	0.0627074	0.0879947	0.145442	0x7ffe9d686c10	0.972771	
125	0.00126	0.2646	0.0629644	0.0914358	0.180595	0x7ffe9d686c10	0.972771	
99	0.00126	0.2646	0.0629268	0.089188	0.152363	0x7ffe9d686c10	0.972771	
145	0.00126	0.2646	0.0615332	0.0816023	0.112529	0x7ffe9d686c10	0.972771	
124	0.00126	0.2646	0.0617806	0.0835748	0.12378	0x7ffe9d686c10	0.972771	
137	0.00126	0.2646	0.0608409	0.0763665	0.0754057	0x7ffe9d686c10	0.972771	
106	0.00126	0.2646	0.0614303	0.0780838	0.0766758	0x7ffe9d686c10	0.972771	
196	0.00126	0.2646	0.062694	0.0862113	0.126812	0x7ffe9d686c10	0.972771	
73	0.00126	0.2646	0.0622717	0.0850506	0.128795	0x7ffe9d686c10	0.972771	
58	0.00126	0.2646	0.0610503	0.0768112	0.0757651	0x7ffe9d686c10	0.972771	
124	0.00126	0.2646	0.0624112	0.0867286	0.141607	0x7ffe9d686c10	0.972771	
114	0.00126	0.2646	0.0623368	0.085539	0.132663	0x7ffe9d686c10	0.972771	
55	0.00126	0.2646	0.0618829	0.07944	0.0783438	0x7ffe9d686c10	0.972771	
140	0.00126	0.2646	0.0617133	0.0781701	0.0773303	0x7ffe9d686c10	0.972771	
106	0.00126	0.2646	0.0637208	0.0956574	0.202765	0x7ffe9d686c10	0.972771	
134	0.00126	0.2646	0.0626829	0.0857888	0.129113	0x7ffe9d686c10	0.972771	
228	0.00126	0.2646	0.0640559	0.0965441	0.209355	0x7ffe9d686c10	0.972771	
151	0.00126	0.2646	0.0664056	0.115185	0.334802	0x7ffe9d686c10	0.972771	
86	0.00126	0.2646	0.0614326	0.0775082	0.0764913	0x7ffe9d686c10	0.972771	
78	0.00126	0.2646	0.0607752	0.0765821	0.0782488	0x7ffe9d686c10	0.972771	
61	0.00126	0.2646	0.0612142	0.0779731	0.0825036	0x7ffe9d686c10	0.972771	
101	0.00126	0.2646	0.0625241	0.0865789	0.140185	0x7ffe9d686c10	0.972771	
116	0.00126	0.2646	0.0640904	0.100321	0.241793	0x7ffe9d686c10	0.972771	
118	0.00126	0.2646	0.0633539	0.0935499	0.191088	0x7ffe9d686c10	0.972771	
88	0.00126	0.2646	0.0619816	0.0794419	0.0789657	0x7ffe9d686c10	0.972771	
95	0.00126	0.2646	0.0621079	0.0853728	0.136579	0x7ffe9d686c10	0.972771	
67	0.00126	0.2646	0.0612942	0.0776399	0.0764448	0x7ffe9d686c10	0.972771	
36	0.00126	0.2646	0.0618193	0.0819192	0.101459	0x7ffe9d686c10	0.972771	
120	0.00126	0.2646	0.0606319	0.0762642	0.07888	0x7ffe9d686c10	0.972771	
61	0.00126	0.2646	0.0608567	0.0780304	0.0908134	0x7ffe9d686c10	0.972771	
120	0.00126	0.2646	0.0623125	0.0867488	0.143671	0x7ffe9d686c10	0.972771	
112	0.00126	0.2646	0.0624001	0.0857177	0.133353	0x7ffe9d686c10	0.972771	
75	0.00126	0.2646	0.0625347	0.0860543	0.134303	0x7ffe9d686c10	0.972771	
16	0.00126	0.2646	0.0614763	0.0782541	0.0768289	0x7ffe9d686c10	0.972771	
129	0.00126	0.2646	0.063089	0.0942025	0.20086	0x7ffe9d686c10	0.972771	
132	0.00126	0.2646	0.0611543	0.0786523	0.0900075	0x7ffe9d686c10	0.972771	
125	0.00126	0.2646	0.0611725	0.0777041	0.0775485	0x7ffe9d686c10	0.972771	
149	0.00126	0.2646	0.0626929	0.0935792	0.198032	0x7ffe9d686c10	0.972771	
111	0.00126	0.2646	0.0608346	0.0767258	0.0771798	0x7ffe9d686c10	0.972771	
140	0.00126	0.2646	0.0613005	0.0825915	0.124491	0x7ffe9d686c10	0.972771	
123	0.00126	0.2646	0.061112	0.0772979	0.0760114	0x7ffe9d686c10	0.972771	
129	0.00126	0.2646	0.0623012	0.0883432	0.161065	0x7ffe9d686c10	0.972771	
33	0.00126	0.2646	0.0612905	0.0778723	0.0786188	0x7ffe9d686c10	0.972771	
124	0.00126	0.2646	0.0621398	0.0866922	0.145951	0x7ffe9d686c10	0.972771	
44	0.00126	0.2646	0.0609841	0.0769151	0.0757074	0x7ffe9d686c10	0.972771	
156	0.00126	0.2646	0.0615642	0.0870559	0.147635	0x7ffe9d686c10	0.972771	
154	0.00126	0.2646	0.0641375	0.102087	0.255397	0x7ffe9d686c10	0.972771	
37	0.00126	0.2646	0.0625069	0.0837621	0.109259	0x7ffe9d686c10	0.972771	
104	0.00126	0.2646	0.0617116	0.0790312	0.0776091	0x7ffe9d686c10	0.972771	
72	0.00126	0.2646	0.0612169	0.0780151	0.0841946	0x7ffe9d686c10	0.972771	
63	0.00126	0.2646	0.0631147	0.0948027	0.205288	0x7ffe9d686c10	0.972771	
119	0.00126	0.2646	0.061518	0.0791321	0.0779333	0x7ffe9d686c10	0.972771	
77	0.00126	0.2646	0.0615659	0.0825232	0.120806	0x7ffe9d686c10	0.972771	
109	0.00126	0.2646	0.0619943	0.085447	0.136611	0x7ffe9d686c10	0.972771	
77	0.00126	0.2646	0.0612099	0.0778258	0.0764607	0x7ffe9d686c10	0.972771	
27	0.00126	0.2646	0.0607555	0.0763499	0.0752338	0x7ffe9d686c10	0.972771	
112	0.00126	0.2646	0.0627528	0.089524	0.152911	0x7ffe9d686c10	0.972771	
145	0.00126	0.2646	0.063332	0.0889201	0.148486	0x7ffe9d686c10	0.972771	
150	0.00126	0.2646	0.066252	0.116659	0.355775	0x7ffe9d686c10	0.972771	
200	0.00126	0.2646	0.0629063	0.088778	0.156913	0x7ffe9d686c10	0.972771	
85	0.00126	0.2646	0.0623746	0.0869263	0.143093	0x7ffe9d686c10	0.972771	
115	0.00126	0.2646	0.0625819	0.0938538	0.200852	0x7ffe9d686c10	0.972771	
68	0.00126	0.2646	0.061212	0.0776398	0.0763043	0x7ffe9d686c10	0.972771	
114	0.00126	0.2646	0.0609846	0.0773641	0.0777547	0x7ffe9d686c10	0.972771	
53	0.00126	0.2646	0.0611444	0.080225	0.105554	0x7ffe9d686c10	0.972771	
88	0.00126	0.2646	0.0607436	0.0764226	0.0758613	0x7ffe9d686c10	0.972771	
93	0.00126	0.2646	0.0612045	0.0776466	0.0771224	0x7ffe9d686c10	0.972771	
105	0.00126	0.2646	0.0632234	0.0934406	0.188804	0x7ffe9d686c10	0.972771	
61	0.00126	0.2646	0.0618033	0.0818668	0.106242	0x7ffe9d686c10	0.972771	
135	0.00126	0.2646	0.0609454	0.0772671	0.0783505	0x7ffe9d686c10	0.972771	
75	0.00126	0.2646	0.0606765	0.0764762	0.0758406	0x7ffe9d686c10	0.972771	
79	0.00126	0.2646	0.0605659	0.076277	0.0751577	0x7ffe9d686c10	0.972771	
68	0.00126	0.2646	0.0607761	0.0766191	0.0758095	0x7ffe9d686c10	0.972771	
