155	0.00126	0.2646	0.078272	0.110925	0.205154
60	0.00126	0.2646	0.0753271	0.0949491	0.114904
101	0.00126	0.2646	0.0748658	0.0940511	0.118695
107	0.00126	0.2646	0.0774883	0.105295	0.170553
91	0.00126	0.2646	0.0811752	0.132966	0.364578
145	0.00126	0.2646	0.0776232	0.108063	0.193632
18	0.00126	0.2646	0.0748758	0.0914389	0.0885701
25	0.00126	0.2646	0.0742126	0.0901314	0.0871993
167	0.00126	0.2646	0.0754894	0.10087	0.168216
64	0.00126	0.2646	0.0767991	0.101932	0.151993
70	0.00126	0.2646	0.076432	0.105402	0.192701
118	0.00126	0.2646	0.0777096	0.113688	0.239324
82	0.00126	0.2646	0.0760882	0.10331	0.182781
137	0.00126	0.2646	0.0774689	0.10788	0.199457
128	0.00126	0.2646	0.0783119	0.112998	0.227428
77	0.00126	0.2646	0.0781323	0.11241	0.230852
85	0.00126	0.2646	0.0793962	0.123783	0.310532
68	0.00126	0.2646	0.0760079	0.102993	0.179683
50	0.00126	0.2646	0.0740335	0.0895427	0.0867465
18	0.00126	0.2646	0.0746301	0.0918485	0.0962408
78	0.00126	0.2646	0.078335	0.11299	0.229799
84	0.00126	0.2646	0.078273	0.106758	0.167467
100	0.00126	0.2646	0.0786162	0.115915	0.262431
65	0.00126	0.2646	0.079961	0.118316	0.240448
32	0.00126	0.2646	0.0752327	0.09113	0.091495
76	0.00126	0.2646	0.0777144	0.107275	0.190251
200	0.00126	0.2646	0.0818742	0.133764	0.356473
115	0.00126	0.2646	0.0802494	0.126962	0.323289
49	0.00126	0.2646	0.0764049	0.100405	0.150337
162	0.00126	0.2646	0.0792341	0.123581	0.311165
164	0.00126	0.2646	0.0835934	0.143107	0.421133
157	0.00126	0.2646	0.0847777	0.148318	0.446426
101	0.00126	0.2646	0.0811305	0.119588	0.246393
190	0.00126	0.2646	0.0831145	0.140756	0.408718
130	0.00126	0.2646	0.0779493	0.103574	0.158061
132	0.00126	0.2646	0.0808948	0.123998	0.284055
120	0.00126	0.2646	0.080446	0.121302	0.274635
150	0.00126	0.2646	0.0823314	0.139775	0.399907
33	0.00126	0.2646	0.0770068	0.10422	0.181313
114	0.00126	0.2646	0.0801171	0.124984	0.313263
127	0.00126	0.2646	0.0770774	0.101861	0.151188
175	0.00126	0.2646	0.0827157	0.142334	0.419268
176	0.00126	0.2646	0.0800985	0.120305	0.273083
90	0.00126	0.2646	0.0803095	0.117052	0.231848
96	0.00126	0.2646	0.0809356	0.126712	0.318316
112	0.00126	0.2646	0.0820585	0.137049	0.388908
81	0.00126	0.2646	0.0787172	0.112712	0.223971
88	0.00126	0.2646	0.0792339	0.119526	0.27117
120	0.00126	0.2646	0.0770651	0.107795	0.208188
146	0.00126	0.2646	0.0772553	0.107784	0.197322
112	0.00126	0.2646	0.077853	0.109189	0.200228
121	0.00126	0.2646	0.0793143	0.121796	0.291916
88	0.00126	0.2646	0.0772016	0.102842	0.156489
109	0.00126	0.2646	0.0785237	0.113395	0.232425
100	0.00126	0.2646	0.0793079	0.122928	0.305788
24	0.00126	0.2646	0.0762822	0.102174	0.163904
91	0.00126	0.2646	0.0746033	0.0932335	0.115862
139	0.00126	0.2646	0.0777562	0.115031	0.25153
70	0.00126	0.2646	0.0755537	0.0977653	0.138126
130	0.00126	0.2646	0.0788511	0.121957	0.301826
175	0.00126	0.2646	0.07882	0.122134	0.307176
19	0.00126	0.2646	0.0757787	0.0933112	0.0898029
125	0.00126	0.2646	0.0788293	0.115802	0.248619
94	0.00126	0.2646	0.0800838	0.123479	0.291126
57	0.00126	0.2646	0.0765926	0.100737	0.150408
118	0.00126	0.2646	0.0786744	0.122899	0.311523
87	0.00126	0.2646	0.0741487	0.0898774	0.0872759
118	0.00126	0.2646	0.074321	0.094731	0.125787
65	0.00126	0.2646	0.0741544	0.0941699	0.123576
108	0.00126	0.2646	0.0771498	0.109034	0.208713
74	0.00126	0.2646	0.0773718	0.104606	0.162163
124	0.00126	0.2646	0.076905	0.108846	0.221988
122	0.00126	0.2646	0.0769975	0.105013	0.182959
70	0.00126	0.2646	0.0795406	0.122065	0.289392
70	0.00126	0.2646	0.076977	0.10493	0.185094
155	0.00126	0.2646	0.0777305	0.11092	0.218003
111	0.00126	0.2646	0.0768592	0.111195	0.239315
32	0.00126	0.2646	0.0740298	0.0920255	0.110847
99	0.00126	0.2646	0.0756504	0.10419	0.191275
52	0.00126	0.2646	0.0767143	0.107751	0.210269
206	0.00126	0.2646	0.0865076	0.168129	0.588749
138	0.00126	0.2646	0.0784959	0.109941	0.202718
51	0.00126	0.2646	0.0772129	0.10461	0.180557
130	0.00126	0.2646	0.081942	0.13317	0.352391
157	0.00126	0.2646	0.0825705	0.136031	0.365023
49	0.00126	0.2646	0.0772276	0.102626	0.153419
62	0.00126	0.2646	0.0753466	0.0968957	0.131769
78	0.00126	0.2646	0.0740312	0.0930966	0.119091
28	0.00126	0.2646	0.0736934	0.089969	0.0980699
131	0.00126	0.2646	0.0768985	0.102555	0.160599
202	0.00126	0.2646	0.085552	0.156017	0.498203
133	0.00126	0.2646	0.0815129	0.131961	0.357245
73	0.00126	0.2646	0.0785242	0.109138	0.199856
156	0.00126	0.2646	0.0844916	0.149935	0.466235
212	0.00126	0.2646	0.0844334	0.145902	0.424354
148	0.00126	0.2646	0.0789595	0.118753	0.280602
61	0.00126	0.2646	0.075616	0.0963823	0.123204
127	0.00126	0.2646	0.0757987	0.104895	0.200581
50	0.00126	0.2646	0.0746392	0.0932835	0.115442
120	0.00126	0.2646	0.0797268	0.121683	0.289193
142	0.00126	0.2646	0.0789507	0.1156	0.250384
72	0.00126	0.2646	0.0768373	0.10574	0.192354
86	0.00126	0.2646	0.0782195	0.113077	0.234448
167	0.00126	0.2646	0.0798506	0.122946	0.298212
94	0.00126	0.2646	0.0775722	0.103155	0.155914
189	0.00126	0.2646	0.081985	0.137149	0.392208
134	0.00126	0.2646	0.0826335	0.136223	0.371932
100	0.00126	0.2646	0.0814718	0.133744	0.374178
35	0.00126	0.2646	0.0779687	0.105439	0.175963
195	0.00126	0.2646	0.0859459	0.163673	0.560173
35	0.00126	0.2646	0.07455	0.0914427	0.103758
138	0.00126	0.2646	0.0782677	0.119934	0.286894
112	0.00126	0.2646	0.0756492	0.09609	0.125388
79	0.00126	0.2646	0.0794683	0.118086	0.253259
142	0.00126	0.2646	0.0821039	0.139918	0.413145
62	0.00126	0.2646	0.0790209	0.116087	0.250294
56	0.00126	0.2646	0.0778073	0.103973	0.153454
81	0.00126	0.2646	0.0777028	0.107579	0.196023
167	0.00126	0.2646	0.0809111	0.132645	0.363143
52	0.00126	0.2646	0.0776371	0.107608	0.190381
67	0.00126	0.2646	0.0749987	0.0905437	0.0879063
203	0.00126	0.2646	0.081813	0.139175	0.403747
72	0.00126	0.2646	0.0760621	0.0927163	0.0898446
161	0.00126	0.2646	0.081955	0.140432	0.415921
107	0.00126	0.2646	0.0764955	0.101984	0.165692
15	0.00126	0.2646	0.0757204	0.0927632	0.0893864
161	0.00126	0.2646	0.0810971	0.130168	0.337687
65	0.00126	0.2646	0.0772579	0.102307	0.156358
112	0.00126	0.2646	0.0805971	0.129994	0.342532
76	0.00126	0.2646	0.0771848	0.106755	0.193952
52	0.00126	0.2646	0.07655	0.0979494	0.12406
161	0.00126	0.2646	0.0822104	0.133012	0.343706
170	0.00126	0.2646	0.0819477	0.134543	0.370859
92	0.00126	0.2646	0.0781445	0.105421	0.16198
50	0.00126	0.2646	0.0754116	0.0908665	0.0878883
214	0.00126	0.2646	0.0844244	0.159022	0.546058
56	0.00126	0.2646	0.0800885	0.116354	0.230902
85	0.00126	0.2646	0.0775675	0.107402	0.194329
87	0.00126	0.2646	0.0766164	0.10582	0.196465
90	0.00126	0.2646	0.0757005	0.0972426	0.129837
50	0.00126	0.2646	0.0742406	0.0896822	0.0875456
63	0.00126	0.2646	0.0769785	0.101501	0.145856
119	0.00126	0.2646	0.0807603	0.127078	0.313085
112	0.00126	0.2646	0.0784499	0.110339	0.207646
132	0.00126	0.2646	0.07635	0.0988265	0.140523
66	0.00126	0.2646	0.0789426	0.114473	0.230999
145	0.00126	0.2646	0.081749	0.135363	0.37395
62	0.00126	0.2646	0.0774917	0.107012	0.190686
16	0.00126	0.2646	0.0744542	0.0905336	0.089544
82	0.00126	0.2646	0.0743779	0.0939245	0.123072
198	0.00126	0.2646	0.0789268	0.121918	0.299888
31	0.00126	0.2646	0.0767387	0.0992174	0.134615
142	0.00126	0.2646	0.0827883	0.144841	0.441766
14	0.00126	0.2646	0.0760636	0.0933286	0.0918303
102	0.00126	0.2646	0.0765744	0.104965	0.184943
32	0.00126	0.2646	0.0747855	0.0927247	0.107402
80	0.00126	0.2646	0.0774944	0.109458	0.209804
132	0.00126	0.2646	0.0801182	0.128713	0.340222
141	0.00126	0.2646	0.0780026	0.114272	0.249505
75	0.00126	0.2646	0.0765989	0.101683	0.153399
109	0.00126	0.2646	0.0761142	0.0981868	0.131176
174	0.00126	0.2646	0.0791199	0.12468	0.326916
62	0.00126	0.2646	0.078521	0.109392	0.192113
124	0.00126	0.2646	0.0814219	0.138503	0.409047
30	0.00126	0.2646	0.0749806	0.0910818	0.0896568
88	0.00126	0.2646	0.0759358	0.101309	0.165119
147	0.00126	0.2646	0.0784877	0.120381	0.290738
57	0.00126	0.2646	0.0748706	0.0924022	0.0991305
117	0.00126	0.2646	0.0767393	0.107785	0.206257
157	0.00126	0.2646	0.0783512	0.119168	0.286708
126	0.00126	0.2646	0.0785273	0.118423	0.274015
38	0.00126	0.2646	0.0753409	0.0957633	0.122885
52	0.00126	0.2646	0.0757529	0.098276	0.136593
59	0.00126	0.2646	0.0752935	0.0950176	0.113461
45	0.00126	0.2646	0.0746368	0.0932521	0.113295
66	0.00126	0.2646	0.0764315	0.103299	0.169456
142	0.00126	0.2646	0.0766278	0.103393	0.164464
95	0.00126	0.2646	0.0764771	0.109169	0.22999
160	0.00126	0.2646	0.0768873	0.11095	0.233655
100	0.00126	0.2646	0.0766001	0.10363	0.171733
81	0.00126	0.2646	0.0769509	0.102785	0.154432
77	0.00126	0.2646	0.0767463	0.106468	0.201969
179	0.00126	0.2646	0.079223	0.122105	0.296583
81	0.00126	0.2646	0.0768801	0.100477	0.140655
81	0.00126	0.2646	0.07864	0.117335	0.268393
140	0.00126	0.2646	0.0798805	0.12565	0.32483
150	0.00126	0.2646	0.0809587	0.133219	0.365399
15	0.00126	0.2646	0.0745039	0.090028	0.088039
61	0.00126	0.2646	0.0748245	0.0987547	0.15952
146	0.00126	0.2646	0.0761364	0.10424	0.186343
15	0.00126	0.2646	0.076043	0.0933244	0.0899586
69	0.00126	0.2646	0.0778486	0.111243	0.224539
110	0.00126	0.2646	0.0812354	0.13191	0.352649
106	0.00126	0.2646	0.0802148	0.121279	0.273081
32	0.00126	0.2646	0.0764967	0.0976184	0.122125
27	0.00126	0.2646	0.0766935	0.0984306	0.128005
126	0.00126	0.2646	0.0837542	0.150504	0.477207
85	0.00126	0.2646	0.0770224	0.0996405	0.129773
106	0.00126	0.2646	0.07622	0.103234	0.184349
95	0.00126	0.2646	0.0801868	0.125874	0.308513
146	0.00126	0.2646	0.0789787	0.121152	0.294827
85	0.00126	0.2646	0.0755459	0.0971015	0.136491
145	0.00126	0.2646	0.0795413	0.1258	0.321982
93	0.00126	0.2646	0.0757576	0.0932601	0.089752
98	0.00126	0.2646	0.0759476	0.0999687	0.152513
129	0.00126	0.2646	0.0773863	0.108005	0.203931
141	0.00126	0.2646	0.0814526	0.130233	0.334131
106	0.00126	0.2646	0.0809185	0.125257	0.298518
51	0.00126	0.2646	0.0773047	0.102577	0.161191
111	0.00126	0.2646	0.080716	0.125997	0.303575
21	0.00126	0.2646	0.0746262	0.090808	0.0878608
77	0.00126	0.2646	0.0739913	0.089424	0.0892729
111	0.00126	0.2646	0.077762	0.112878	0.233685
63	0.00126	0.2646	0.0795061	0.12517	0.32455
110	0.00126	0.2646	0.077442	0.107632	0.195681
78	0.00126	0.2646	0.0777155	0.111628	0.231083
213	0.00126	0.2646	0.0808106	0.128551	0.327715
39	0.00126	0.2646	0.0771418	0.101763	0.153705
78	0.00126	0.2646	0.0795327	0.119827	0.271439
123	0.00126	0.2646	0.0788138	0.115981	0.247084
91	0.00126	0.2646	0.0788936	0.118901	0.275669
158	0.00126	0.2646	0.0773678	0.108516	0.203465
94	0.00126	0.2646	0.0761691	0.101588	0.167004
60	0.00126	0.2646	0.0776443	0.108632	0.195756
92	0.00126	0.2646	0.0754804	0.0982699	0.141685
83	0.00126	0.2646	0.0746629	0.0933618	0.119998
60	0.00126	0.2646	0.0798484	0.121865	0.279416
126	0.00126	0.2646	0.078556	0.112696	0.230253
112	0.00126	0.2646	0.0809028	0.128392	0.326032
98	0.00126	0.2646	0.0786837	0.111145	0.207343
213	0.00126	0.2646	0.0841359	0.152916	0.498211
112	0.00126	0.2646	0.0804713	0.122508	0.280353
54	0.00126	0.2646	0.0769768	0.101634	0.156492
128	0.00126	0.2646	0.0801787	0.124147	0.296939
83	0.00126	0.2646	0.0775838	0.111098	0.229463
50	0.00126	0.2646	0.0755385	0.0927235	0.0921222
143	0.00126	0.2646	0.0797998	0.120755	0.268897
41	0.00126	0.2646	0.0770873	0.104475	0.179416
63	0.00126	0.2646	0.076532	0.094847	0.0913403
91	0.00126	0.2646	0.0802769	0.125487	0.318105
103	0.00126	0.2646	0.0775602	0.107752	0.19299
152	0.00126	0.2646	0.0790487	0.120018	0.284013
86	0.00126	0.2646	0.0773876	0.10147	0.146092
198	0.00126	0.2646	0.0835999	0.147779	0.45911
114	0.00126	0.2646	0.0793594	0.115964	0.239058
111	0.00126	0.2646	0.0767493	0.101103	0.15849
149	0.00126	0.2646	0.0820102	0.135014	0.362269
48	0.00126	0.2646	0.0775383	0.103291	0.160325
97	0.00126	0.2646	0.0786308	0.114973	0.244849
68	0.00126	0.2646	0.077288	0.104381	0.167095
126	0.00126	0.2646	0.0802613	0.12629	0.320907
93	0.00126	0.2646	0.0781344	0.111612	0.227217
94	0.00126	0.2646	0.0800694	0.121159	0.270864
69	0.00126	0.2646	0.0787141	0.109536	0.19652
199	0.00126	0.2646	0.0822141	0.139486	0.403481
129	0.00126	0.2646	0.0769429	0.10565	0.197213
80	0.00126	0.2646	0.078054	0.108732	0.195864
187	0.00126	0.2646	0.0806645	0.12881	0.334595
109	0.00126	0.2646	0.0792047	0.115458	0.240647
145	0.00126	0.2646	0.0812232	0.131487	0.348835
49	0.00126	0.2646	0.0752221	0.0924465	0.0891969
103	0.00126	0.2646	0.0773315	0.10749	0.196593
146	0.00126	0.2646	0.0813961	0.132469	0.356194
78	0.00126	0.2646	0.0798902	0.118138	0.255281
165	0.00126	0.2646	0.0815883	0.134636	0.369284
154	0.00126	0.2646	0.0771114	0.0999902	0.133528
91	0.00126	0.2646	0.0798855	0.124091	0.302333
95	0.00126	0.2646	0.0778079	0.10931	0.205004
108	0.00126	0.2646	0.0769652	0.108142	0.210569
25	0.00126	0.2646	0.074873	0.0911863	0.0881071
179	0.00126	0.2646	0.0805998	0.133435	0.37677
43	0.00126	0.2646	0.0761233	0.100272	0.159659
163	0.00126	0.2646	0.0806942	0.131176	0.352767
86	0.00126	0.2646	0.0781913	0.109631	0.202519
100	0.00126	0.2646	0.0777023	0.110486	0.221057
113	0.00126	0.2646	0.0787799	0.119132	0.281321
104	0.00126	0.2646	0.0772389	0.107404	0.200204
79	0.00126	0.2646	0.0765847	0.102916	0.165196
69	0.00126	0.2646	0.0754617	0.0961715	0.124873
89	0.00126	0.2646	0.0778994	0.113139	0.240789
134	0.00126	0.2646	0.0781757	0.118444	0.276083
27	0.00126	0.2646	0.0739388	0.0894949	0.0945416
96	0.00126	0.2646	0.0767853	0.103088	0.160031
104	0.00126	0.2646	0.0798312	0.127113	0.334
64	0.00126	0.2646	0.0767111	0.102896	0.164303
42	0.00126	0.2646	0.0760838	0.100237	0.153148
75	0.00126	0.2646	0.0770736	0.10274	0.157425
138	0.00126	0.2646	0.0790799	0.117536	0.252108
43	0.00126	0.2646	0.0742056	0.0891461	0.0864291
55	0.00126	0.2646	0.0751098	0.0951903	0.121973
133	0.00126	0.2646	0.0768209	0.108985	0.216933
65	0.00126	0.2646	0.0751837	0.0960093	0.132477
122	0.00126	0.2646	0.0798208	0.124905	0.309344
62	0.00126	0.2646	0.0792562	0.119487	0.276635
104	0.00126	0.2646	0.0779273	0.115386	0.260805
139	0.00126	0.2646	0.0746025	0.089942	0.0874567
50	0.00126	0.2646	0.0772295	0.0990532	0.122258
168	0.00126	0.2646	0.0844647	0.154612	0.501691
57	0.00126	0.2646	0.0754847	0.0938931	0.113471
76	0.00126	0.2646	0.0766794	0.104643	0.179241
41	0.00126	0.2646	0.0770104	0.106129	0.190556
108	0.00126	0.2646	0.0777385	0.116672	0.272107
69	0.00126	0.2646	0.0758931	0.0955395	0.109298
144	0.00126	0.2646	0.0795282	0.124588	0.318922
115	0.00126	0.2646	0.0782801	0.114004	0.237638
77	0.00126	0.2646	0.0747626	0.0901043	0.0873418
100	0.00126	0.2646	0.079059	0.119334	0.272168
102	0.00126	0.2646	0.0776495	0.104013	0.162337
169	0.00126	0.2646	0.0794993	0.120882	0.284354
108	0.00126	0.2646	0.0790965	0.11597	0.241521
112	0.00126	0.2646	0.0784032	0.119776	0.29201
17	0.00126	0.2646	0.0742514	0.0903076	0.095801
181	0.00126	0.2646	0.0789831	0.126198	0.337149
71	0.00126	0.2646	0.0765869	0.100101	0.141012
149	0.00126	0.2646	0.0778927	0.110633	0.211804
105	0.00126	0.2646	0.0762038	0.101643	0.16659
142	0.00126	0.2646	0.0785053	0.114217	0.234579
44	0.00126	0.2646	0.0772081	0.106196	0.194245
63	0.00126	0.2646	0.0781586	0.109275	0.198935
136	0.00126	0.2646	0.0797277	0.123235	0.298189
103	0.00126	0.2646	0.0773202	0.10839	0.204236
81	0.00126	0.2646	0.0751414	0.0955649	0.125153
144	0.00126	0.2646	0.0769622	0.107482	0.199247
58	0.00126	0.2646	0.0778356	0.108736	0.196329
175	0.00126	0.2646	0.0788043	0.121083	0.294335
15	0.00126	0.2646	0.0745917	0.0896197	0.0868279
153	0.00126	0.2646	0.0808295	0.12858	0.324563
141	0.00126	0.2646	0.0804281	0.122851	0.291997
130	0.00126	0.2646	0.0827331	0.135282	0.356328
113	0.00126	0.2646	0.0812536	0.130989	0.347656
39	0.00126	0.2646	0.0755027	0.0921697	0.0910562
104	0.00126	0.2646	0.0789135	0.122916	0.311252
86	0.00126	0.2646	0.0767033	0.102596	0.165569
147	0.00126	0.2646	0.0786982	0.116536	0.256843
54	0.00126	0.2646	0.0783754	0.113086	0.228231
169	0.00126	0.2646	0.0780468	0.11397	0.252556
123	0.00126	0.2646	0.0827829	0.139327	0.389855
83	0.00126	0.2646	0.0804309	0.116923	0.240321
246	0.00126	0.2646	0.0875403	0.169547	0.587153
103	0.00126	0.2646	0.0801038	0.117214	0.238468
68	0.00126	0.2646	0.0756743	0.0963754	0.127671
29	0.00126	0.2646	0.075452	0.0954637	0.115405
125	0.00126	0.2646	0.0775447	0.111875	0.230841
43	0.00126	0.2646	0.0764368	0.0959338	0.104276
182	0.00126	0.2646	0.0808393	0.131611	0.355376
80	0.00126	0.2646	0.0769403	0.101588	0.159374
168	0.00126	0.2646	0.0831668	0.141763	0.405508
79	0.00126	0.2646	0.0808154	0.123297	0.29686
138	0.00126	0.2646	0.0850952	0.151811	0.467702
100	0.00126	0.2646	0.0810761	0.127839	0.319694
62	0.00126	0.2646	0.0782497	0.110023	0.205551
46	0.00126	0.2646	0.0754226	0.0949844	0.118665
127	0.00126	0.2646	0.0798188	0.128863	0.345044
98	0.00126	0.2646	0.0782319	0.114383	0.24973
88	0.00126	0.2646	0.0774064	0.105071	0.167892
44	0.00126	0.2646	0.0752557	0.0916444	0.0884869
76	0.00126	0.2646	0.0775483	0.10528	0.170526
77	0.00126	0.2646	0.0781316	0.108328	0.192949
164	0.00126	0.2646	0.0805295	0.121055	0.270293
194	0.00126	0.2646	0.0851397	0.158794	0.532095
158	0.00126	0.2646	0.080002	0.13118	0.370813
102	0.00126	0.2646	0.0773182	0.111284	0.234749
79	0.00126	0.2646	0.076722	0.0992218	0.125599
146	0.00126	0.2646	0.0789049	0.114689	0.233752
147	0.00126	0.2646	0.080918	0.127413	0.322665
238	0.00126	0.2646	0.083812	0.146852	0.451897
160	0.00126	0.2646	0.0824482	0.135516	0.371762
125	0.00126	0.2646	0.081533	0.131556	0.34727
87	0.00126	0.2646	0.0776887	0.104196	0.162613
11	0.00126	0.2646	0.0769793	0.0961821	0.0933403
12	0.00126	0.2646	0.0754347	0.0925132	0.0891552
77	0.00126	0.2646	0.0749777	0.0977161	0.151692
170	0.00126	0.2646	0.079014	0.119966	0.277854
118	0.00126	0.2646	0.0797265	0.125274	0.319888
55	0.00126	0.2646	0.0770595	0.102333	0.156351
77	0.00126	0.2646	0.0792296	0.115848	0.23731
86	0.00126	0.2646	0.0780574	0.10498	0.163686
141	0.00126	0.2646	0.0812204	0.126397	0.299544
138	0.00126	0.2646	0.0815677	0.131999	0.355861
96	0.00126	0.2646	0.0813521	0.131808	0.348967
84	0.00126	0.2646	0.0749068	0.0950245	0.121688
72	0.00126	0.2646	0.0732098	0.087479	0.0855922
121	0.00126	0.2646	0.0759643	0.10418	0.184825
72	0.00126	0.2646	0.0757611	0.0990197	0.143551
95	0.00126	0.2646	0.0773353	0.110345	0.223793
121	0.00126	0.2646	0.0782103	0.109208	0.202369
142	0.00126	0.2646	0.0827583	0.138358	0.39165
173	0.00126	0.2646	0.0846722	0.148567	0.449392
121	0.00126	0.2646	0.0803324	0.122387	0.287985
86	0.00126	0.2646	0.0781895	0.112565	0.228248
79	0.00126	0.2646	0.0746031	0.0934037	0.117198
119	0.00126	0.2646	0.075982	0.105809	0.201435
108	0.00126	0.2646	0.0756924	0.0971871	0.127317
63	0.00126	0.2646	0.0767883	0.104996	0.184077
104	0.00126	0.2646	0.0780953	0.112699	0.230666
87	0.00126	0.2646	0.0787714	0.117508	0.267485
163	0.00126	0.2646	0.0795351	0.116443	0.246589
117	0.00126	0.2646	0.0824849	0.134848	0.3548
74	0.00126	0.2646	0.0781958	0.109326	0.205147
113	0.00126	0.2646	0.0781267	0.114283	0.243704
110	0.00126	0.2646	0.0771375	0.107354	0.201295
106	0.00126	0.2646	0.0778096	0.113287	0.242495
132	0.00126	0.2646	0.079648	0.123182	0.303391
81	0.00126	0.2646	0.0794855	0.115755	0.237275
179	0.00126	0.2646	0.0818466	0.136717	0.383198
20	0.00126	0.2646	0.0755456	0.0922403	0.0889522
77	0.00126	0.2646	0.0768648	0.107014	0.20066
110	0.00126	0.2646	0.0773205	0.108186	0.205574
103	0.00126	0.2646	0.0789654	0.119822	0.282997
117	0.00126	0.2646	0.0792458	0.121056	0.288425
141	0.00126	0.2646	0.0753351	0.0974726	0.132038
119	0.00126	0.2646	0.0740592	0.0930688	0.120033
41	0.00126	0.2646	0.0746933	0.0910191	0.0879536
106	0.00126	0.2646	0.0780726	0.108781	0.194162
187	0.00126	0.2646	0.0808525	0.127917	0.320258
95	0.00126	0.2646	0.0788322	0.121631	0.304483
67	0.00126	0.2646	0.0754459	0.0958663	0.122046
45	0.00126	0.2646	0.0752887	0.0956296	0.121419
53	0.00126	0.2646	0.0763427	0.102157	0.162235
123	0.00126	0.2646	0.0759209	0.100751	0.15662
82	0.00126	0.2646	0.076863	0.11006	0.227485
59	0.00126	0.2646	0.0760797	0.103862	0.188734
165	0.00126	0.2646	0.0788913	0.117608	0.265638
215	0.00126	0.2646	0.0842033	0.152389	0.489514
90	0.00126	0.2646	0.0778594	0.105436	0.166751
52	0.00126	0.2646	0.074982	0.0934843	0.114107
129	0.00126	0.2646	0.0785588	0.11753	0.263179
96	0.00126	0.2646	0.0781358	0.112929	0.233796
163	0.00126	0.2646	0.077553	0.10909	0.206195
75	0.00126	0.2646	0.0758959	0.0983275	0.135879
47	0.00126	0.2646	0.0752522	0.0952997	0.122317
73	0.00126	0.2646	0.0766307	0.103251	0.164964
118	0.00126	0.2646	0.0775585	0.109571	0.215213
114	0.00126	0.2646	0.0800224	0.122112	0.276261
67	0.00126	0.2646	0.0765659	0.101582	0.159276
50	0.00126	0.2646	0.0763424	0.103017	0.174994
128	0.00126	0.2646	0.0798152	0.122129	0.280163
122	0.00126	0.2646	0.0783609	0.114261	0.244483
140	0.00126	0.2646	0.0767134	0.100138	0.138134
127	0.00126	0.2646	0.0784898	0.119527	0.286985
129	0.00126	0.2646	0.0781908	0.116293	0.266522
97	0.00126	0.2646	0.0798245	0.126217	0.32649
126	0.00126	0.2646	0.0788011	0.118593	0.275625
127	0.00126	0.2646	0.0786542	0.117317	0.268198
134	0.00126	0.2646	0.0788632	0.11782	0.262316
92	0.00126	0.2646	0.0777085	0.110646	0.225087
159	0.00126	0.2646	0.0797837	0.122267	0.284165
66	0.00126	0.2646	0.075814	0.095864	0.119159
51	0.00126	0.2646	0.0763284	0.101015	0.154125
54	0.00126	0.2646	0.0762686	0.100986	0.157244
89	0.00126	0.2646	0.0770555	0.108008	0.207261
128	0.00126	0.2646	0.0765742	0.105606	0.188984
55	0.00126	0.2646	0.0754085	0.0965227	0.122497
57	0.00126	0.2646	0.0743987	0.0904222	0.0874605
49	0.00126	0.2646	0.0757988	0.0999877	0.154988
97	0.00126	0.2646	0.0772532	0.107479	0.197929
104	0.00126	0.2646	0.0778945	0.109848	0.203715
11	0.00126	0.2646	0.0748491	0.0904696	0.08775
79	0.00126	0.2646	0.076854	0.103445	0.16453
28	0.00126	0.2646	0.0762195	0.0946299	0.0909013
67	0.00126	0.2646	0.0764341	0.0977478	0.124633
68	0.00126	0.2646	0.0758307	0.102411	0.180259
84	0.00126	0.2646	0.0793301	0.12486	0.319665
123	0.00126	0.2646	0.0789016	0.122257	0.308124
43	0.00126	0.2646	0.0763692	0.0973154	0.12383
110	0.00126	0.2646	0.0803782	0.123792	0.287779
76	0.00126	0.2646	0.0786404	0.112711	0.227602
112	0.00126	0.2646	0.0794809	0.119189	0.268322
150	0.00126	0.2646	0.08061	0.123395	0.294624
171	0.00126	0.2646	0.0851707	0.160223	0.544162
83	0.00126	0.2646	0.0785471	0.11566	0.254377
95	0.00126	0.2646	0.0739584	0.0883777	0.0858024
81	0.00126	0.2646	0.0783417	0.118143	0.268762
82	0.00126	0.2646	0.0759585	0.0992281	0.144896
49	0.00126	0.2646	0.078272	0.114278	0.245864
164	0.00126	0.2646	0.0809097	0.13013	0.341831
61	0.00126	0.2646	0.0782995	0.110079	0.210662
117	0.00126	0.2646	0.0813717	0.134724	0.379263
48	0.00126	0.2646	0.0786854	0.107699	0.180502
171	0.00126	0.2646	0.0841262	0.148788	0.452243
158	0.00126	0.2646	0.080328	0.131363	0.364414
81	0.00126	0.2646	0.0752871	0.0919412	0.0904324
124	0.00126	0.2646	0.079038	0.122931	0.300712
48	0.00126	0.2646	0.0744688	0.0897062	0.0876146
99	0.00126	0.2646	0.0773611	0.10849	0.202903
150	0.00126	0.2646	0.079018	0.115295	0.237936
199	0.00126	0.2646	0.0799541	0.124204	0.304139
58	0.00126	0.2646	0.0770596	0.0989897	0.120231
197	0.00126	0.2646	0.0784033	0.113787	0.239435
149	0.00126	0.2646	0.0795876	0.119635	0.268934
58	0.00126	0.2646	0.0752957	0.0919063	0.0887025
115	0.00126	0.2646	0.0792089	0.122067	0.298931
207	0.00126	0.2646	0.0812442	0.132373	0.352788
98	0.00126	0.2646	0.0767803	0.102292	0.164622
110	0.00126	0.2646	0.0784393	0.113236	0.231605
142	0.00126	0.2646	0.0821083	0.141689	0.425595
85	0.00126	0.2646	0.0770233	0.102467	0.160344
143	0.00126	0.2646	0.0779806	0.113148	0.238927
112	0.00126	0.2646	0.0773039	0.106472	0.190032
83	0.00126	0.2646	0.0782006	0.113725	0.235519
180	0.00126	0.2646	0.0799344	0.125706	0.311926
34	0.00126	0.2646	0.0753955	0.0917626	0.0889517
127	0.00126	0.2646	0.0783552	0.110223	0.205571
144	0.00126	0.2646	0.0829145	0.141508	0.414021
101	0.00126	0.2646	0.0800552	0.118177	0.247078
96	0.00126	0.2646	0.0770383	0.10652	0.196198
136	0.00126	0.2646	0.07791	0.116519	0.269299
173	0.00126	0.2646	0.0778111	0.112533	0.23444
65	0.00126	0.2646	0.0771848	0.104376	0.167513
71	0.00126	0.2646	0.07693	0.102756	0.160698
117	0.00126	0.2646	0.0788134	0.122651	0.300672
52	0.00126	0.2646	0.0743336	0.0929488	0.119957
66	0.00126	0.2646	0.0747812	0.0906735	0.0879604
89	0.00126	0.2646	0.0797079	0.119347	0.262955
133	0.00126	0.2646	0.08071	0.125275	0.300148
89	0.00126	0.2646	0.0770792	0.106174	0.192083
100	0.00126	0.2646	0.0771042	0.107538	0.202814
144	0.00126	0.2646	0.0794257	0.123031	0.303643
110	0.00126	0.2646	0.0795998	0.123259	0.300416
37	0.00126	0.2646	0.0760446	0.100269	0.158017
116	0.00126	0.2646	0.0773871	0.112579	0.236289
75	0.00126	0.2646	0.0759306	0.100325	0.157361
149	0.00126	0.2646	0.0790587	0.120777	0.290141
54	0.00126	0.2646	0.0785769	0.105714	0.162807
171	0.00126	0.2646	0.0836295	0.149609	0.471469
132	0.00126	0.2646	0.0761064	0.0966371	0.125083
81	0.00126	0.2646	0.0777115	0.110461	0.216393
89	0.00126	0.2646	0.0781367	0.109748	0.200096
100	0.00126	0.2646	0.0782291	0.114391	0.24193
82	0.00126	0.2646	0.0762386	0.104501	0.191032
179	0.00126	0.2646	0.0770089	0.107735	0.204415
129	0.00126	0.2646	0.078707	0.117655	0.261796
61	0.00126	0.2646	0.0756682	0.092219	0.0890846
151	0.00126	0.2646	0.0809288	0.13278	0.366409
91	0.00126	0.2646	0.0769447	0.102295	0.155693
102	0.00126	0.2646	0.0766602	0.105328	0.192177
94	0.00126	0.2646	0.0787242	0.117342	0.261291
71	0.00126	0.2646	0.0771	0.106189	0.187905
70	0.00126	0.2646	0.0757182	0.100424	0.160521
62	0.00126	0.2646	0.0757586	0.101135	0.163521
96	0.00126	0.2646	0.0773717	0.107782	0.199008
248	0.00126	0.2646	0.0795474	0.120373	0.267362
69	0.00126	0.2646	0.0766684	0.10394	0.182562
141	0.00126	0.2646	0.0779677	0.109961	0.205019
158	0.00126	0.2646	0.0794038	0.12356	0.309069
148	0.00126	0.2646	0.0775036	0.105771	0.18432
90	0.00126	0.2646	0.0806279	0.123497	0.280311
115	0.00126	0.2646	0.0795096	0.12327	0.308892
110	0.00126	0.2646	0.0772107	0.107456	0.195293
73	0.00126	0.2646	0.0753272	0.0957654	0.126386
130	0.00126	0.2646	0.0773228	0.106002	0.181045
150	0.00126	0.2646	0.0788771	0.122118	0.303041
77	0.00126	0.2646	0.0762181	0.101968	0.163488
70	0.00126	0.2646	0.0749581	0.09479	0.124325
63	0.00126	0.2646	0.0783036	0.116479	0.262089
128	0.00126	0.2646	0.079899	0.121914	0.289234
215	0.00126	0.2646	0.0837303	0.151434	0.485903
127	0.00126	0.2646	0.0784929	0.111492	0.221572
105	0.00126	0.2646	0.0814885	0.137709	0.403288
102	0.00126	0.2646	0.0773456	0.105947	0.186981
83	0.00126	0.2646	0.0757484	0.100743	0.162494
17	0.00126	0.2646	0.0739506	0.0891339	0.0864048
160	0.00126	0.2646	0.0776994	0.116657	0.268052
44	0.00126	0.2646	0.0750809	0.094188	0.113871
85	0.00126	0.2646	0.0784256	0.115137	0.244181
112	0.00126	0.2646	0.0796664	0.123911	0.306845
73	0.00126	0.2646	0.0763306	0.098933	0.133811
51	0.00126	0.2646	0.0765269	0.101805	0.161822
89	0.00126	0.2646	0.0791841	0.118829	0.265847
72	0.00126	0.2646	0.0778437	0.11122	0.218261
60	0.00126	0.2646	0.076723	0.107359	0.201156
58	0.00126	0.2646	0.074598	0.0940329	0.117117
66	0.00126	0.2646	0.0754647	0.100018	0.15643
135	0.00126	0.2646	0.0756778	0.100209	0.162226
191	0.00126	0.2646	0.080562	0.131258	0.353871
114	0.00126	0.2646	0.0779224	0.110137	0.210852
135	0.00126	0.2646	0.076951	0.108149	0.208564
105	0.00126	0.2646	0.0749494	0.0913883	0.0882658
164	0.00126	0.2646	0.077765	0.115039	0.254128
64	0.00126	0.2646	0.074896	0.0910819	0.0884781
117	0.00126	0.2646	0.0792071	0.117992	0.25578
169	0.00126	0.2646	0.0826623	0.14735	0.471715
100	0.00126	0.2646	0.0785888	0.112828	0.223739
125	0.00126	0.2646	0.0774716	0.110997	0.229834
93	0.00126	0.2646	0.0787588	0.118705	0.271493
33	0.00126	0.2646	0.0757327	0.0964891	0.12273
74	0.00126	0.2646	0.076198	0.102591	0.17007
205	0.00126	0.2646	0.0777315	0.117168	0.279356
63	0.00126	0.2646	0.0757548	0.100192	0.155059
10	0.00126	0.2646	0.0746049	0.090194	0.0873072
106	0.00126	0.2646	0.0796992	0.125212	0.320053
93	0.00126	0.2646	0.0791199	0.115084	0.237123
69	0.00126	0.2646	0.0813904	0.132512	0.357808
95	0.00126	0.2646	0.0783877	0.113652	0.229141
52	0.00126	0.2646	0.0753899	0.0920959	0.0890348
90	0.00126	0.2646	0.0769724	0.11087	0.230298
67	0.00126	0.2646	0.0742812	0.092998	0.115589
16	0.00126	0.2646	0.0741031	0.0898038	0.08696
63	0.00126	0.2646	0.0761668	0.101635	0.160839
110	0.00126	0.2646	0.0779719	0.113821	0.246515
117	0.00126	0.2646	0.0800776	0.120308	0.266308
140	0.00126	0.2646	0.0808987	0.129789	0.343272
162	0.00126	0.2646	0.0803719	0.122421	0.288424
70	0.00126	0.2646	0.0807512	0.118966	0.244321
161	0.00126	0.2646	0.0837441	0.148412	0.462993
136	0.00126	0.2646	0.0785758	0.116482	0.259539
104	0.00126	0.2646	0.0752831	0.095922	0.128504
174	0.00126	0.2646	0.0778709	0.109346	0.207815
183	0.00126	0.2646	0.0824309	0.139266	0.397368
202	0.00126	0.2646	0.0798034	0.122757	0.302008
67	0.00126	0.2646	0.0788386	0.121476	0.296289
145	0.00126	0.2646	0.0767877	0.102727	0.164381
106	0.00126	0.2646	0.079371	0.119641	0.277173
138	0.00126	0.2646	0.0817001	0.135214	0.379164
103	0.00126	0.2646	0.0772117	0.100276	0.130368
78	0.00126	0.2646	0.0764373	0.104261	0.182938
60	0.00126	0.2646	0.0759022	0.0996452	0.151039
122	0.00126	0.2646	0.0794034	0.118361	0.258303
121	0.00126	0.2646	0.0816096	0.132199	0.341217
97	0.00126	0.2646	0.0762824	0.100145	0.153282
62	0.00126	0.2646	0.0756828	0.100706	0.161462
56	0.00126	0.2646	0.0766411	0.100898	0.150804
94	0.00126	0.2646	0.080755	0.129672	0.338056
29	0.00126	0.2646	0.0769647	0.0951685	0.0916942
122	0.00126	0.2646	0.0801718	0.127745	0.335813
117	0.00126	0.2646	0.0789756	0.118171	0.267989
115	0.00126	0.2646	0.0789921	0.117183	0.261257
197	0.00126	0.2646	0.0825664	0.143261	0.434213
145	0.00126	0.2646	0.0806572	0.12997	0.343578
79	0.00126	0.2646	0.0750353	0.0950147	0.124203
136	0.00126	0.2646	0.0780469	0.109877	0.210962
105	0.00126	0.2646	0.0835009	0.144261	0.425135
84	0.00126	0.2646	0.080026	0.119482	0.266159
104	0.00126	0.2646	0.0780097	0.108401	0.190097
22	0.00126	0.2646	0.0745326	0.0896415	0.0868621
95	0.00126	0.2646	0.0779644	0.113145	0.233444
53	0.00126	0.2646	0.0772703	0.105691	0.17982
116	0.00126	0.2646	0.0767842	0.105142	0.180794
107	0.00126	0.2646	0.0751854	0.0957128	0.123121
115	0.00126	0.2646	0.0760778	0.104178	0.189338
131	0.00126	0.2646	0.0795094	0.116437	0.24568
143	0.00126	0.2646	0.0826749	0.140543	0.403209
60	0.00126	0.2646	0.0769622	0.0983311	0.125641
108	0.00126	0.2646	0.0802312	0.130424	0.353325
66	0.00126	0.2646	0.074143	0.0888709	0.0862179
43	0.00126	0.2646	0.0756291	0.0949787	0.112893
176	0.00126	0.2646	0.0810173	0.131461	0.34836
60	0.00126	0.2646	0.0763929	0.0977529	0.127865
156	0.00126	0.2646	0.078185	0.116495	0.267226
73	0.00126	0.2646	0.0787433	0.115981	0.249225
155	0.00126	0.2646	0.0834298	0.148142	0.463116
54	0.00126	0.2646	0.0772231	0.10399	0.167318
120	0.00126	0.2646	0.0794921	0.123227	0.303796
103	0.00126	0.2646	0.0780062	0.113577	0.237409
116	0.00126	0.2646	0.0751339	0.0962868	0.129999
53	0.00126	0.2646	0.0753647	0.0956229	0.122517
66	0.00126	0.2646	0.078099	0.110686	0.205139
84	0.00126	0.2646	0.0771129	0.103236	0.162453
84	0.00126	0.2646	0.0774075	0.104183	0.165448
183	0.00126	0.2646	0.0813107	0.132061	0.353226
106	0.00126	0.2646	0.0776373	0.112538	0.229765
128	0.00126	0.2646	0.0745941	0.0946646	0.128079
115	0.00126	0.2646	0.0766601	0.107419	0.202874
100	0.00126	0.2646	0.0771152	0.110859	0.232266
146	0.00126	0.2646	0.0780921	0.120086	0.296897
13	0.00126	0.2646	0.0744698	0.0901405	0.0872406
73	0.00126	0.2646	0.0757706	0.100158	0.157869
94	0.00126	0.2646	0.0785268	0.118742	0.278975
96	0.00126	0.2646	0.0764994	0.101063	0.149943
157	0.00126	0.2646	0.077092	0.10904	0.212231
137	0.00126	0.2646	0.0779333	0.117361	0.270305
57	0.00126	0.2646	0.0749892	0.100759	0.175871
44	0.00126	0.2646	0.073738	0.0893168	0.0865756
55	0.00126	0.2646	0.0736466	0.0887052	0.0860875
100	0.00126	0.2646	0.0759292	0.100049	0.144328
79	0.00126	0.2646	0.0763205	0.101699	0.158212
115	0.00126	0.2646	0.0778353	0.116069	0.265146
95	0.00126	0.2646	0.0760776	0.100654	0.158619
155	0.00126	0.2646	0.0784085	0.119591	0.283785
51	0.00126	0.2646	0.0751631	0.0952079	0.122181
161	0.00126	0.2646	0.0784094	0.118854	0.277135
31	0.00126	0.2646	0.0750933	0.0917902	0.0885843
81	0.00126	0.2646	0.0771107	0.108448	0.207723
69	0.00126	0.2646	0.0763586	0.101908	0.164314
137	0.00126	0.2646	0.0794554	0.124681	0.310738
131	0.00126	0.2646	0.0783467	0.117821	0.278554
118	0.00126	0.2646	0.0769189	0.107526	0.205103
131	0.00126	0.2646	0.077034	0.107103	0.19373
169	0.00126	0.2646	0.0764771	0.102859	0.164739
55	0.00126	0.2646	0.076237	0.105194	0.198784
60	0.00126	0.2646	0.0765262	0.101381	0.151089
62	0.00126	0.2646	0.0761852	0.0988979	0.139572
114	0.00126	0.2646	0.0788994	0.114299	0.231347
146	0.00126	0.2646	0.080619	0.128004	0.329517
121	0.00126	0.2646	0.0788152	0.115344	0.243624
58	0.00126	0.2646	0.0756551	0.0974596	0.127774
34	0.00126	0.2646	0.0733392	0.0876636	0.0863135
101	0.00126	0.2646	0.0750786	0.0944622	0.118162
135	0.00126	0.2646	0.0815262	0.13822	0.398573
71	0.00126	0.2646	0.0777191	0.110824	0.222979
190	0.00126	0.2646	0.0825512	0.138133	0.384015
133	0.00126	0.2646	0.0829683	0.141252	0.402845
184	0.00126	0.2646	0.0780495	0.105849	0.172914
131	0.00126	0.2646	0.0784361	0.113792	0.239436
92	0.00126	0.2646	0.0785031	0.114997	0.243787
177	0.00126	0.2646	0.0781996	0.114738	0.245285
142	0.00126	0.2646	0.0778244	0.115339	0.263305
145	0.00126	0.2646	0.078253	0.115226	0.249712
60	0.00126	0.2646	0.075906	0.0946728	0.097653
99	0.00126	0.2646	0.0749584	0.0905207	0.0876674
64	0.00126	0.2646	0.0764003	0.101888	0.159665
148	0.00126	0.2646	0.0782504	0.114323	0.240745
48	0.00126	0.2646	0.0761388	0.0971456	0.128065
85	0.00126	0.2646	0.0784669	0.111763	0.206707
108	0.00126	0.2646	0.0759244	0.101672	0.17114
75	0.00126	0.2646	0.0748491	0.0946232	0.119812
107	0.00126	0.2646	0.0763406	0.106579	0.200264
75	0.00126	0.2646	0.0757886	0.0994041	0.150685
121	0.00126	0.2646	0.0791391	0.124759	0.319175
143	0.00126	0.2646	0.0750426	0.0968533	0.144396
31	0.00126	0.2646	0.0740289	0.0898736	0.0944778
116	0.00126	0.2646	0.077675	0.108276	0.199485
129	0.00126	0.2646	0.0806121	0.120699	0.263151
172	0.00126	0.2646	0.0854516	0.159787	0.53345
86	0.00126	0.2646	0.0758182	0.0920345	0.0900461
118	0.00126	0.2646	0.0788073	0.118471	0.267549
131	0.00126	0.2646	0.0770665	0.108858	0.213725
40	0.00126	0.2646	0.0755276	0.0980629	0.138887
49	0.00126	0.2646	0.0757291	0.100759	0.156799
95	0.00126	0.2646	0.074944	0.099224	0.158899
143	0.00126	0.2646	0.0774546	0.107178	0.198942
156	0.00126	0.2646	0.0841571	0.143849	0.412302
113	0.00126	0.2646	0.0846538	0.144856	0.420768
158	0.00126	0.2646	0.0832219	0.140956	0.401754
96	0.00126	0.2646	0.0761919	0.0958641	0.126824
206	0.00126	0.2646	0.0834284	0.146404	0.440493
74	0.00126	0.2646	0.0781932	0.108187	0.192005
136	0.00126	0.2646	0.0778616	0.114066	0.248306
19	0.00126	0.2646	0.0746953	0.0932425	0.114858
124	0.00126	0.2646	0.0760008	0.102341	0.169028
84	0.00126	0.2646	0.0764529	0.0972089	0.125113
160	0.00126	0.2646	0.0810794	0.127571	0.311686
56	0.00126	0.2646	0.0787645	0.109689	0.196857
74	0.00126	0.2646	0.0789535	0.11534	0.236085
69	0.00126	0.2646	0.0749094	0.0897183	0.0882748
187	0.00126	0.2646	0.0832527	0.142863	0.414576
145	0.00126	0.2646	0.0826326	0.136799	0.369342
91	0.00126	0.2646	0.0794977	0.115644	0.23487
30	0.00126	0.2646	0.0772763	0.103285	0.162962
143	0.00126	0.2646	0.0805824	0.134818	0.381073
84	0.00126	0.2646	0.0766715	0.104856	0.184634
82	0.00126	0.2646	0.075369	0.0919112	0.0891641
204	0.00126	0.2646	0.0807028	0.130587	0.34919
179	0.00126	0.2646	0.0791679	0.118891	0.26863
110	0.00126	0.2646	0.0765381	0.103922	0.186533
144	0.00126	0.2646	0.0812411	0.131839	0.351437
116	0.00126	0.2646	0.0818746	0.133735	0.359919
154	0.00126	0.2646	0.0839535	0.145528	0.431862
117	0.00126	0.2646	0.0795092	0.116614	0.249979
125	0.00126	0.2646	0.0792149	0.119472	0.270456
58	0.00126	0.2646	0.0752441	0.0999636	0.162181
81	0.00126	0.2646	0.0753131	0.0993391	0.157507
79	0.00126	0.2646	0.0772211	0.108022	0.19658
72	0.00126	0.2646	0.0764339	0.102994	0.168475
28	0.00126	0.2646	0.0748812	0.0913726	0.0882897
107	0.00126	0.2646	0.0772203	0.109057	0.206984
45	0.00126	0.2646	0.0757119	0.0960631	0.122627
108	0.00126	0.2646	0.0798151	0.120905	0.273444
130	0.00126	0.2646	0.0796463	0.123909	0.305785
49	0.00126	0.2646	0.0748248	0.0912087	0.0881532
30	0.00126	0.2646	0.0752605	0.0962579	0.124677
113	0.00126	0.2646	0.0758367	0.103079	0.18182
95	0.00126	0.2646	0.0781455	0.117002	0.265875
143	0.00126	0.2646	0.0764162	0.104513	0.187941
117	0.00126	0.2646	0.0778931	0.111425	0.222771
183	0.00126	0.2646	0.0817719	0.142683	0.441806
146	0.00126	0.2646	0.077096	0.106774	0.198276
121	0.00126	0.2646	0.076936	0.102213	0.153641
99	0.00126	0.2646	0.079524	0.12288	0.292348
111	0.00126	0.2646	0.0776152	0.115625	0.268547
58	0.00126	0.2646	0.076516	0.105378	0.192284
85	0.00126	0.2646	0.0782305	0.114673	0.245712
112	0.00126	0.2646	0.0798315	0.12618	0.32462
73	0.00126	0.2646	0.0763236	0.0999189	0.147917
95	0.00126	0.2646	0.0791594	0.122792	0.301749
63	0.00126	0.2646	0.0764853	0.0985665	0.125338
110	0.00126	0.2646	0.0778118	0.109433	0.210608
116	0.00126	0.2646	0.0827081	0.143913	0.434134
63	0.00126	0.2646	0.0768009	0.0997005	0.133674
66	0.00126	0.2646	0.0757372	0.100115	0.156021
111	0.00126	0.2646	0.0775142	0.111034	0.226449
70	0.00126	0.2646	0.0789651	0.11767	0.261889
152	0.00126	0.2646	0.0792341	0.117366	0.255303
60	0.00126	0.2646	0.0776378	0.108966	0.205767
66	0.00126	0.2646	0.075993	0.0966988	0.120325
122	0.00126	0.2646	0.0788774	0.124735	0.327697
16	0.00126	0.2646	0.0752617	0.0932661	0.102693
152	0.00126	0.2646	0.0786436	0.11393	0.231255
160	0.00126	0.2646	0.0815767	0.138018	0.399223
14	0.00126	0.2646	0.0745568	0.0894141	0.086668
198	0.00126	0.2646	0.0841209	0.149292	0.461824
207	0.00126	0.2646	0.081971	0.130922	0.336831
165	0.00126	0.2646	0.081263	0.133624	0.373919
113	0.00126	0.2646	0.0763548	0.0983419	0.129669
151	0.00126	0.2646	0.0771523	0.111743	0.237283
103	0.00126	0.2646	0.075295	0.0996841	0.160027
39	0.00126	0.2646	0.0751755	0.0947744	0.11165
108	0.00126	0.2646	0.0784015	0.11917	0.283788
103	0.00126	0.2646	0.0775525	0.108811	0.205815
96	0.00126	0.2646	0.0787073	0.11798	0.279828
120	0.00126	0.2646	0.0765711	0.102987	0.166401
70	0.00126	0.2646	0.0777666	0.110315	0.213144
53	0.00126	0.2646	0.0757998	0.0958853	0.118105
115	0.00126	0.2646	0.0779441	0.114808	0.249647
43	0.00126	0.2646	0.0750287	0.0973724	0.140665
48	0.00126	0.2646	0.0739184	0.0917484	0.110447
73	0.00126	0.2646	0.0755243	0.105898	0.209455
82	0.00126	0.2646	0.0737615	0.0909989	0.106339
63	0.00126	0.2646	0.0757718	0.103566	0.181754
44	0.00126	0.2646	0.0752819	0.0961739	0.123083
121	0.00126	0.2646	0.0753197	0.0963069	0.12895
34	0.00126	0.2646	0.0761718	0.0965667	0.1175
115	0.00126	0.2646	0.0803983	0.123105	0.291795
87	0.00126	0.2646	0.0819414	0.130541	0.322958
91	0.00126	0.2646	0.0772931	0.106676	0.198652
85	0.00126	0.2646	0.0768905	0.104119	0.167708
24	0.00126	0.2646	0.0750335	0.097247	0.140315
23	0.00126	0.2646	0.0734925	0.0881094	0.0855913
119	0.00126	0.2646	0.0758326	0.103472	0.180788
123	0.00126	0.2646	0.0777938	0.117941	0.283003
122	0.00126	0.2646	0.0791706	0.118578	0.269477
107	0.00126	0.2646	0.0816197	0.127082	0.308014
154	0.00126	0.2646	0.0846212	0.148087	0.440769
48	0.00126	0.2646	0.0777386	0.0984551	0.114936
102	0.00126	0.2646	0.0786958	0.110718	0.208814
146	0.00126	0.2646	0.0824463	0.137695	0.384837
156	0.00126	0.2646	0.0781248	0.110383	0.216226
102	0.00126	0.2646	0.0768939	0.103178	0.164488
127	0.00126	0.2646	0.077914	0.113528	0.240229
92	0.00126	0.2646	0.0766768	0.102795	0.166385
86	0.00126	0.2646	0.0778466	0.108556	0.204644
137	0.00126	0.2646	0.0817876	0.133369	0.356611
86	0.00126	0.2646	0.0784384	0.108117	0.189687
99	0.00126	0.2646	0.0790243	0.113781	0.223809
124	0.00126	0.2646	0.0772898	0.103438	0.168924
135	0.00126	0.2646	0.0798514	0.117625	0.244848
109	0.00126	0.2646	0.0800567	0.119777	0.26793
182	0.00126	0.2646	0.082812	0.137092	0.375997
147	0.00126	0.2646	0.0825522	0.13977	0.40681
88	0.00126	0.2646	0.079025	0.115067	0.238517
27	0.00126	0.2646	0.0748992	0.0907318	0.0877316
131	0.00126	0.2646	0.0796914	0.124825	0.314108
74	0.00126	0.2646	0.0773327	0.103029	0.160249
109	0.00126	0.2646	0.0796846	0.122319	0.290645
101	0.00126	0.2646	0.0774506	0.107849	0.202487
115	0.00126	0.2646	0.0780499	0.11215	0.227794
76	0.00126	0.2646	0.0782434	0.10934	0.203137
125	0.00126	0.2646	0.0841894	0.148263	0.448271
69	0.00126	0.2646	0.0792717	0.114271	0.228458
170	0.00126	0.2646	0.0775251	0.110039	0.217203
89	0.00126	0.2646	0.0755975	0.100033	0.160516
112	0.00126	0.2646	0.0785316	0.114996	0.244101
99	0.00126	0.2646	0.0805794	0.126565	0.315961
128	0.00126	0.2646	0.0792938	0.116015	0.244151
102	0.00126	0.2646	0.0797352	0.124698	0.31177
91	0.00126	0.2646	0.0758202	0.098518	0.142106
45	0.00126	0.2646	0.0759414	0.101989	0.176422
107	0.00126	0.2646	0.0796959	0.120759	0.271585
79	0.00126	0.2646	0.0779931	0.109233	0.199873
112	0.00126	0.2646	0.0765717	0.106964	0.20645
193	0.00126	0.2646	0.0787516	0.124194	0.326189
23	0.00126	0.2646	0.0754221	0.0935426	0.101954
134	0.00126	0.2646	0.078816	0.118298	0.268571
84	0.00126	0.2646	0.078858	0.114946	0.238583
129	0.00126	0.2646	0.0796661	0.123763	0.303739
58	0.00126	0.2646	0.0756874	0.096323	0.119714
24	0.00126	0.2646	0.0743825	0.089885	0.0870449
94	0.00126	0.2646	0.0775093	0.107552	0.192964
206	0.00126	0.2646	0.0809099	0.132939	0.363839
106	0.00126	0.2646	0.077365	0.106741	0.188042
25	0.00126	0.2646	0.075759	0.0955685	0.119203
169	0.00126	0.2646	0.0810518	0.13757	0.405683
50	0.00126	0.2646	0.0759937	0.0946039	0.10412
124	0.00126	0.2646	0.0789146	0.117679	0.264925
102	0.00126	0.2646	0.0801077	0.122737	0.282995
67	0.00126	0.2646	0.0765605	0.101332	0.160932
126	0.00126	0.2646	0.0794704	0.120889	0.285893
103	0.00126	0.2646	0.0823432	0.137282	0.380855
162	0.00126	0.2646	0.0791737	0.115639	0.24091
165	0.00126	0.2646	0.0784553	0.118556	0.280264
112	0.00126	0.2646	0.0757676	0.096623	0.122742
56	0.00126	0.2646	0.0773395	0.104366	0.165056
105	0.00126	0.2646	0.0795273	0.1202	0.276409
151	0.00126	0.2646	0.0793906	0.121203	0.290751
105	0.00126	0.2646	0.077595	0.108945	0.203072
55	0.00126	0.2646	0.0746442	0.090046	0.0872026
139	0.00126	0.2646	0.0800577	0.130106	0.355598
88	0.00126	0.2646	0.0793331	0.116079	0.241199
123	0.00126	0.2646	0.0793963	0.120177	0.273592
51	0.00126	0.2646	0.0754626	0.0960367	0.125837
143	0.00126	0.2646	0.0811809	0.131168	0.344675
80	0.00126	0.2646	0.077156	0.103424	0.163449
43	0.00126	0.2646	0.0751358	0.0944812	0.115182
117	0.00126	0.2646	0.0767379	0.108853	0.220334
26	0.00126	0.2646	0.0752467	0.0925317	0.0891719
133	0.00126	0.2646	0.0762553	0.10597	0.20201
112	0.00126	0.2646	0.0767187	0.11015	0.231441
87	0.00126	0.2646	0.07629	0.10484	0.19166
85	0.00126	0.2646	0.0781959	0.117946	0.277205
149	0.00126	0.2646	0.0773061	0.104704	0.173317
68	0.00126	0.2646	0.0776254	0.107246	0.190259
138	0.00126	0.2646	0.0804164	0.130186	0.346844
65	0.00126	0.2646	0.0757603	0.0989998	0.154349
111	0.00126	0.2646	0.0775183	0.107677	0.18715
121	0.00126	0.2646	0.0766674	0.106265	0.199035
61	0.00126	0.2646	0.0761454	0.102554	0.169106
80	0.00126	0.2646	0.0755474	0.100812	0.160147
131	0.00126	0.2646	0.0734898	0.0883433	0.086125
80	0.00126	0.2646	0.0750347	0.0976192	0.14319
120	0.00126	0.2646	0.0785441	0.122366	0.313255
95	0.00126	0.2646	0.0788965	0.119253	0.27577
84	0.00126	0.2646	0.080297	0.127856	0.335172
47	0.00126	0.2646	0.0769895	0.0945591	0.0908681
235	0.00126	0.2646	0.0864498	0.165715	0.570233
131	0.00126	0.2646	0.0792659	0.111292	0.204849
182	0.00126	0.2646	0.0812874	0.134899	0.380698
56	0.00126	0.2646	0.0772245	0.106176	0.18995
75	0.00126	0.2646	0.076696	0.106798	0.200977
125	0.00126	0.2646	0.0769478	0.110998	0.235143
99	0.00126	0.2646	0.0759824	0.0977635	0.126408
145	0.00126	0.2646	0.0814828	0.131253	0.33864
124	0.00126	0.2646	0.0792508	0.108445	0.177266
137	0.00126	0.2646	0.0832154	0.140829	0.40736
106	0.00126	0.2646	0.0813478	0.114926	0.197429
196	0.00126	0.2646	0.085456	0.157744	0.521617
73	0.00126	0.2646	0.0801926	0.116531	0.231796
58	0.00126	0.2646	0.077395	0.104687	0.177253
124	0.00126	0.2646	0.0793559	0.121479	0.287116
114	0.00126	0.2646	0.0766362	0.102688	0.165615
55	0.00126	0.2646	0.0769596	0.103593	0.172137
140	0.00126	0.2646	0.0798494	0.12296	0.294408
106	0.00126	0.2646	0.077302	0.100751	0.136776
134	0.00126	0.2646	0.0788603	0.109641	0.198368
228	0.00126	0.2646	0.0872923	0.169368	0.593143
151	0.00126	0.2646	0.0819406	0.128334	0.313515
86	0.00126	0.2646	0.0792492	0.115226	0.237965
78	0.00126	0.2646	0.0772464	0.105934	0.18985
61	0.00126	0.2646	0.0781155	0.109783	0.203363
101	0.00126	0.2646	0.0784505	0.113722	0.233673
116	0.00126	0.2646	0.0789108	0.117647	0.267168
118	0.00126	0.2646	0.0786924	0.11981	0.288833
88	0.00126	0.2646	0.0777325	0.108644	0.197491
95	0.00126	0.2646	0.0758857	0.0942355	0.105691
67	0.00126	0.2646	0.0797748	0.120696	0.268009
36	0.00126	0.2646	0.0757587	0.0930137	0.0903438
120	0.00126	0.2646	0.0758588	0.100841	0.159138
61	0.00126	0.2646	0.0747834	0.094133	0.120562
120	0.00126	0.2646	0.0772984	0.105671	0.172947
112	0.00126	0.2646	0.0774218	0.110677	0.225411
75	0.00126	0.2646	0.0767347	0.103336	0.168286
16	0.00126	0.2646	0.0750184	0.0930678	0.104463
129	0.00126	0.2646	0.0808043	0.132592	0.370192
132	0.00126	0.2646	0.082458	0.13871	0.398065
125	0.00126	0.2646	0.0800747	0.118211	0.250294
149	0.00126	0.2646	0.0798078	0.124336	0.313506
111	0.00126	0.2646	0.0780869	0.113785	0.238425
140	0.00126	0.2646	0.0761257	0.103805	0.188267
123	0.00126	0.2646	0.0791342	0.124294	0.316508
129	0.00126	0.2646	0.0761958	0.102436	0.169379
33	0.00126	0.2646	0.0749673	0.0966102	0.136417
124	0.00126	0.2646	0.0751479	0.0958514	0.128096
44	0.00126	0.2646	0.0753452	0.0956015	0.121605
156	0.00126	0.2646	0.0785877	0.115338	0.245565
154	0.00126	0.2646	0.0800274	0.12331	0.294219
37	0.00126	0.2646	0.0770108	0.0987405	0.12229
104	0.00126	0.2646	0.0794212	0.123633	0.305659
72	0.00126	0.2646	0.0760648	0.101448	0.166059
63	0.00126	0.2646	0.0764826	0.104562	0.182485
119	0.00126	0.2646	0.0775226	0.111709	0.227509
77	0.00126	0.2646	0.0767894	0.108558	0.215648
109	0.00126	0.2646	0.0770126	0.103733	0.1657
77	0.00126	0.2646	0.0771209	0.10773	0.200259
27	0.00126	0.2646	0.0753356	0.0946568	0.117838
112	0.00126	0.2646	0.0786691	0.111417	0.209753
145	0.00126	0.2646	0.0833376	0.141589	0.404309
150	0.00126	0.2646	0.0808378	0.129435	0.343146
200	0.00126	0.2646	0.0778595	0.10952	0.209399
85	0.00126	0.2646	0.0789072	0.120763	0.289446
115	0.00126	0.2646	0.0773112	0.108954	0.210993
68	0.00126	0.2646	0.077253	0.109642	0.217791
114	0.00126	0.2646	0.0780313	0.109122	0.196746
53	0.00126	0.2646	0.0776379	0.109405	0.211576
88	0.00126	0.2646	0.0778832	0.113581	0.247002
93	0.00126	0.2646	0.0780286	0.106162	0.171655
105	0.00126	0.2646	0.08143	0.133546	0.359548
61	0.00126	0.2646	0.0753066	0.0917242	0.090215
135	0.00126	0.2646	0.0772375	0.110333	0.220202
75	0.00126	0.2646	0.0771253	0.107279	0.197512
79	0.00126	0.2646	0.0775528	0.111342	0.226715
68	0.00126	0.2646	0.0769565	0.106029	0.191927
