100
Generating hetero cluster distribution... 
Getting steady state.. 
0	499.9408968
2	426.5242828
4	447.4785796
6	474.4672139
8	501.0529204
0
2	565.8555486
4	607.2490053
6	648.5137752
8	689.5430756
10	728.1529442
155	0.00126	0.2646	0.05287741703	0.06996016107	0.07248501157
60	0.00126	0.2646	0.05276103884	0.06924455523	0.06902355803
101	0.00126	0.2646	0.05296410598	0.06992888275	0.07222733756
107	0.00126	0.2646	0.05517158039	0.08972682958	0.2187601412
91	0.00126	0.2646	0.05306745419	0.07006617436	0.07006336634
145	0.00126	0.2646	0.05271363515	0.06930661197	0.07065762234
18	0.00126	0.2646	0.05265804996	0.06896760373	0.06852581467
25	0.00126	0.2646	0.05302603282	0.06981373131	0.06952818697
167	0.00126	0.2646	0.05508821269	0.08831049771	0.2088098441
64	0.00126	0.2646	0.05297355661	0.06960071234	0.06933840693
70	0.00126	0.2646	0.0526978628	0.06902789881	0.06858273271
118	0.00126	0.2646	0.05304367066	0.07018392403	0.07040416224
82	0.00126	0.2646	0.05329390667	0.07123592517	0.07881655538
137	0.00126	0.2646	0.05505706824	0.08730754305	0.198916565
128	0.00126	0.2646	0.05324351046	0.070572214	0.07074818843
77	0.00126	0.2646	0.05279123673	0.06940038157	0.07014307345
85	0.00126	0.2646	0.05291057904	0.06975111894	0.06947750291
68	0.00126	0.2646	0.05310783122	0.07017580978	0.06981739663
50	0.00126	0.2646	0.05379521471	0.07592227879	0.1120208008
18	0.00126	0.2646	0.05282855608	0.06943268203	0.07039050228
78	0.00126	0.2646	0.05275902805	0.06932595283	0.07093332911
84	0.00126	0.2646	0.05313382577	0.07015744346	0.06956016096
100	0.00126	0.2646	0.05434955019	0.08215498146	0.1612895226
65	0.00126	0.2646	0.05318988357	0.07048356022	0.07123875867
32	0.00126	0.2646	0.05314616759	0.07036675316	0.06975089718
76	0.00126	0.2646	0.05294881213	0.06944312011	0.06894786172
200	0.00126	0.2646	0.05478051171	0.08427395069	0.1731876319
115	0.00126	0.2646	0.05517609463	0.08816148689	0.2089875828
49	0.00126	0.2646	0.05310230988	0.0698921019	0.06935613796
162	0.00126	0.2646	0.05297630209	0.07028079923	0.07355781872
164	0.00126	0.2646	0.05303924109	0.06973670838	0.06921417016
157	0.00126	0.2646	0.05315238434	0.07039176138	0.06975602706
101	0.00126	0.2646	0.05291273806	0.06967413076	0.0691322156
190	0.00126	0.2646	0.0528722509	0.06967696501	0.07180385622
130	0.00126	0.2646	0.05322929842	0.07077734567	0.07033734284
132	0.00126	0.2646	0.05281081527	0.06940236067	0.0707180276
120	0.00126	0.2646	0.0529367077	0.06987622504	0.07016096369
150	0.00126	0.2646	0.05305436579	0.07073269323	0.07624380847
33	0.00126	0.2646	0.05293289986	0.06954819871	0.06995017672
114	0.00126	0.2646	0.05450273929	0.08345551657	0.1712739609
127	0.00126	0.2646	0.0539639951	0.07517041723	0.1058299537
175	0.00126	0.2646	0.05602256911	0.09461620765	0.248351151
176	0.00126	0.2646	0.05314768414	0.07026905291	0.0736312186
90	0.00126	0.2646	0.05287788746	0.06971630184	0.06971039141
96	0.00126	0.2646	0.05274481489	0.06917302449	0.06871450279
112	0.00126	0.2646	0.05268547136	0.06907453452	0.06862542904
81	0.00126	0.2646	0.05278202745	0.06948708861	0.06971863866
88	0.00126	0.2646	0.05280216678	0.06950256381	0.06900965611
120	0.00126	0.2646	0.05275048201	0.06912233756	0.06890105917
146	0.00126	0.2646	0.05325956038	0.07066670905	0.07022497531
112	0.00126	0.2646	0.05483394843	0.08478882759	0.1788181421
121	0.00126	0.2646	0.05333156442	0.07070834345	0.07004083965
88	0.00126	0.2646	0.05280416467	0.06940560651	0.07043078408
109	0.00126	0.2646	0.05282331168	0.06955002898	0.06931188975
100	0.00126	0.2646	0.05265619898	0.06909811106	0.06986028367
24	0.00126	0.2646	0.05271548725	0.06928983495	0.06880949627
91	0.00126	0.2646	0.05277966316	0.0693330184	0.0698179718
139	0.00126	0.2646	0.05378591119	0.0781798833	0.1387076399
70	0.00126	0.2646	0.05299131275	0.06981874277	0.06927909654
130	0.00126	0.2646	0.05314180487	0.0701100367	0.0698500238
175	0.00126	0.2646	0.05301896906	0.07011563525	0.07059154683
19	0.00126	0.2646	0.05279475397	0.0692399943	0.06877887704
125	0.00126	0.2646	0.05319473175	0.07158105385	0.08249107653
94	0.00126	0.2646	0.05408308012	0.0788288112	0.1344284954
57	0.00126	0.2646	0.05282633661	0.0692850435	0.06881592815
118	0.00126	0.2646	0.05269404611	0.06964203576	0.07310057533
87	0.00126	0.2646	0.05263833572	0.0690718923	0.06949750753
118	0.00126	0.2646	0.0527953046	0.06986663594	0.07327609482
65	0.00126	0.2646	0.05280434505	0.06943283906	0.06977413944
108	0.00126	0.2646	0.05363571001	0.08234182335	0.1739082272
74	0.00126	0.2646	0.05270086198	0.06912000461	0.06866627079
124	0.00126	0.2646	0.05286884647	0.07008730245	0.07443533618
122	0.00126	0.2646	0.05384794591	0.07954962141	0.1454230168
70	0.00126	0.2646	0.05353181897	0.07305579836	0.08830810013
70	0.00126	0.2646	0.05282779793	0.06940149925	0.06892755073
155	0.00126	0.2646	0.05302226181	0.07420961745	0.1109623929
111	0.00126	0.2646	0.05281082754	0.06968476371	0.07023605284
32	0.00126	0.2646	0.05264857731	0.06898909828	0.06854761491
99	0.00126	0.2646	0.05285174373	0.07081368033	0.08413733317
52	0.00126	0.2646	0.05297070133	0.07045826053	0.06980258149
206	0.00126	0.2646	0.05288325904	0.06979009022	0.07022105137
138	0.00126	0.2646	0.05349071693	0.07606534194	0.1236354015
51	0.00126	0.2646	0.05281229135	0.06958318088	0.0693362566
130	0.00126	0.2646	0.05289595121	0.06999580348	0.07413440632
157	0.00126	0.2646	0.05323560782	0.0723687435	0.09092168258
49	0.00126	0.2646	0.05307985983	0.07064633905	0.07548793288
62	0.00126	0.2646	0.05347016355	0.07375654917	0.09826928784
78	0.00126	0.2646	0.05280548733	0.06943142941	0.0694300771
28	0.00126	0.2646	0.05267394618	0.06916469192	0.06923509845
131	0.00126	0.2646	0.05266269358	0.06907322032	0.06891922971
202	0.00126	0.2646	0.05415899936	0.0811317013	0.1566275758
133	0.00126	0.2646	0.05309107893	0.07124821016	0.08264194974
73	0.00126	0.2646	0.05268316555	0.06903455618	0.0685877034
156	0.00126	0.2646	0.05300735559	0.07021338664	0.07016873763
212	0.00126	0.2646	0.05376654313	0.07773513292	0.1330506077
148	0.00126	0.2646	0.05300231191	0.07000373634	0.06995613302
61	0.00126	0.2646	0.05285081117	0.0694420055	0.06896139994
127	0.00126	0.2646	0.05337543851	0.07479969007	0.1129743142
50	0.00126	0.2646	0.0530066415	0.07005669947	0.06948377494
120	0.00126	0.2646	0.05287114977	0.06957183508	0.0710789687
142	0.00126	0.2646	0.05268448861	0.06902918681	0.06858355389
72	0.00126	0.2646	0.05293356815	0.06995285311	0.06938207663
86	0.00126	0.2646	0.05267285224	0.06899854355	0.06855429535
167	0.00126	0.2646	0.0529034627	0.07000154921	0.06987972478
94	0.00126	0.2646	0.05277449236	0.06951388211	0.07014606405
189	0.00126	0.2646	0.05266635732	0.06912466069	0.06866510133
134	0.00126	0.2646	0.05263169747	0.0690665744	0.06952258593
100	0.00126	0.2646	0.05268286752	0.06900050266	0.068557085
35	0.00126	0.2646	0.05312745828	0.07062354481	0.07053847146
195	0.00126	0.2646	0.05280482847	0.07002621085	0.07709826099
35	0.00126	0.2646	0.0529721971	0.0695601351	0.06952147151
138	0.00126	0.2646	0.05528222937	0.08933884628	0.215315638
112	0.00126	0.2646	0.05303675612	0.06965737506	0.06914965274
79	0.00126	0.2646	0.05304100335	0.07016495582	0.07015041688
142	0.00126	0.2646	0.05370283419	0.07683979613	0.1230289323
62	0.00126	0.2646	0.05323109407	0.0732894583	0.1011180381
56	0.00126	0.2646	0.05288070489	0.06965752635	0.06911634042
81	0.00126	0.2646	0.05287193689	0.06942195967	0.0695191535
167	0.00126	0.2646	0.05407640122	0.07982433074	0.146135073
52	0.00126	0.2646	0.05287684993	0.06956917285	0.07091645212
67	0.00126	0.2646	0.05295446758	0.06956321895	0.06991644956
203	0.00126	0.2646	0.05478177257	0.08433023305	0.1697427887
72	0.00126	0.2646	0.05309612191	0.07002780244	0.06970881264
161	0.00126	0.2646	0.05284840837	0.06944509861	0.06921013095
107	0.00126	0.2646	0.05389677944	0.07961903737	0.1461804259
15	0.00126	0.2646	0.05282317335	0.06941132524	0.06892201449
161	0.00126	0.2646	0.05292687301	0.06980711506	0.06955137207
65	0.00126	0.2646	0.05295992445	0.06992923877	0.06935881743
112	0.00126	0.2646	0.05286733	0.06965523579	0.06989940843
76	0.00126	0.2646	0.05282138158	0.06944049569	0.06894834348
52	0.00126	0.2646	0.05283153789	0.06938684039	0.06891212201
161	0.00126	0.2646	0.0531296567	0.07076612248	0.0726165275
170	0.00126	0.2646	0.05273254752	0.06927556697	0.07032679269
92	0.00126	0.2646	0.05284614739	0.07080959111	0.08394211867
50	0.00126	0.2646	0.05284460913	0.06972329102	0.06996285461
214	0.00126	0.2646	0.05272476587	0.06931496873	0.07031829898
56	0.00126	0.2646	0.0528721246	0.06990168213	0.07185373143
85	0.00126	0.2646	0.05271150507	0.0692176426	0.0695609291
87	0.00126	0.2646	0.05267090869	0.068998482	0.06855489467
90	0.00126	0.2646	0.05289898358	0.06978054604	0.06922508581
50	0.00126	0.2646	0.0529437777	0.06976403549	0.06980622474
63	0.00126	0.2646	0.05311359767	0.07043260901	0.06979325948
119	0.00126	0.2646	0.05270264702	0.06922876225	0.07036405398
112	0.00126	0.2646	0.05269660215	0.06911433166	0.06866150387
132	0.00126	0.2646	0.05290505045	0.06976342135	0.06920160646
66	0.00126	0.2646	0.0530258282	0.07068733143	0.07692928516
145	0.00126	0.2646	0.05372385394	0.07652259142	0.1192917135
62	0.00126	0.2646	0.05287389392	0.07033574214	0.07882110684
16	0.00126	0.2646	0.05284978416	0.06957669255	0.06905604342
82	0.00126	0.2646	0.05303923932	0.07164221831	0.08918031372
198	0.00126	0.2646	0.05295911759	0.06997360662	0.07060831702
31	0.00126	0.2646	0.05287346369	0.06996821527	0.07214757159
142	0.00126	0.2646	0.05267207619	0.06900170225	0.06855708675
14	0.00126	0.2646	0.05291413988	0.06984212972	0.06928961756
102	0.00126	0.2646	0.05276853261	0.0692157018	0.0690457457
32	0.00126	0.2646	0.05280033776	0.06953308643	0.06994771124
80	0.00126	0.2646	0.05288147856	0.06955664148	0.06935180265
132	0.00126	0.2646	0.05337837377	0.07278040241	0.09158024672
141	0.00126	0.2646	0.0541898563	0.08111677888	0.1576899444
75	0.00126	0.2646	0.05293957591	0.06960609709	0.06961241804
109	0.00126	0.2646	0.05276281766	0.06917730275	0.06872110192
174	0.00126	0.2646	0.05288118265	0.07031540042	0.07931107846
62	0.00126	0.2646	0.05298402268	0.06959542647	0.06909473872
124	0.00126	0.2646	0.05492900077	0.08530458122	0.1805574227
30	0.00126	0.2646	0.05324298462	0.07042400568	0.0697927654
88	0.00126	0.2646	0.05272980546	0.06914743632	0.06895097931
147	0.00126	0.2646	0.05268428078	0.06909552877	0.06894001624
57	0.00126	0.2646	0.0527201069	0.06918236902	0.06872520821
117	0.00126	0.2646	0.05285103596	0.06958095896	0.06906051608
157	0.00126	0.2646	0.05298337196	0.07044779507	0.07365092653
126	0.00126	0.2646	0.05277283731	0.06928941687	0.0695578189
38	0.00126	0.2646	0.05269660903	0.06908984745	0.06863893117
52	0.00126	0.2646	0.05301747032	0.06997468332	0.06940407547
59	0.00126	0.2646	0.05456299182	0.08220436622	0.153117309
45	0.00126	0.2646	0.05297209	0.06971541489	0.07076226112
66	0.00126	0.2646	0.05270979843	0.06922756308	0.06875707864
142	0.00126	0.2646	0.05291946692	0.07018848279	0.07268204575
95	0.00126	0.2646	0.05267286747	0.06898973933	0.06854728522
160	0.00126	0.2646	0.05282161799	0.06938531042	0.06890768725
100	0.00126	0.2646	0.0539245202	0.07963330365	0.1462844296
81	0.00126	0.2646	0.05263346489	0.06895143904	0.06851124756
77	0.00126	0.2646	0.05270328863	0.0692802825	0.06880579375
179	0.00126	0.2646	0.05264327109	0.06898884031	0.06854426337
81	0.00126	0.2646	0.05285412224	0.06964240651	0.06910850975
81	0.00126	0.2646	0.05286270128	0.06959888035	0.06909155518
140	0.00126	0.2646	0.05287662312	0.06956737708	0.07063078025
150	0.00126	0.2646	0.05404155207	0.08006321571	0.1469945169
15	0.00126	0.2646	0.05279641756	0.06924767675	0.06878090588
61	0.00126	0.2646	0.05279332628	0.0703461653	0.08041512987
146	0.00126	0.2646	0.05276127143	0.06949647565	0.06947675841
15	0.00126	0.2646	0.05278315174	0.06947528231	0.06896024163
69	0.00126	0.2646	0.05280723968	0.06987733371	0.0731310794
110	0.00126	0.2646	0.05259882271	0.06897805205	0.06938514729
106	0.00126	0.2646	0.05263744304	0.06900259006	0.06855659887
32	0.00126	0.2646	0.05276269047	0.06939452154	0.06889645221
27	0.00126	0.2646	0.0527486282	0.06930809169	0.06882763827
126	0.00126	0.2646	0.05278673669	0.0694637383	0.06895703344
85	0.00126	0.2646	0.05270528544	0.06920806152	0.06873794546
106	0.00126	0.2646	0.05273825617	0.06972967217	0.07429942468
95	0.00126	0.2646	0.05268779738	0.06937426365	0.07179928127
146	0.00126	0.2646	0.05259134754	0.06891995582	0.06894356929
85	0.00126	0.2646	0.05271990055	0.06932616148	0.06912178266
145	0.00126	0.2646	0.05259332438	0.06892777025	0.06848943219
93	0.00126	0.2646	0.0525700992	0.06901685253	0.06855156833
98	0.00126	0.2646	0.05262719044	0.06898343648	0.06854024681
129	0.00126	0.2646	0.0526945554	0.06925454605	0.06903962876
141	0.00126	0.2646	0.05275402938	0.06944958838	0.06892763209
106	0.00126	0.2646	0.05264989234	0.06899520925	0.06880239353
51	0.00126	0.2646	0.0529525229	0.07052311293	0.07589450924
111	0.00126	0.2646	0.05264253221	0.06904049729	0.06884183738
21	0.00126	0.2646	0.05271183649	0.06906067208	0.06861178135
77	0.00126	0.2646	0.05300686065	0.07049638267	0.07387431034
111	0.00126	0.2646	0.05263481788	0.06893230688	0.06849349497
63	0.00126	0.2646	0.05259190873	0.0688921379	0.06845566399
110	0.00126	0.2646	0.05272542203	0.06930558655	0.06882089932
78	0.00126	0.2646	0.05284032008	0.06956688209	0.07021701501
213	0.00126	0.2646	0.05409330304	0.08125661381	0.1571724013
39	0.00126	0.2646	0.05284212884	0.06935368436	0.06886977006
78	0.00126	0.2646	0.05321795849	0.07283826356	0.09495978839
123	0.00126	0.2646	0.05278886494	0.0694242293	0.06924909435
91	0.00126	0.2646	0.05301420559	0.06995065001	0.06940240215
158	0.00126	0.2646	0.05306846769	0.07035307703	0.06970973182
94	0.00126	0.2646	0.05268206096	0.06909436381	0.06864347425
60	0.00126	0.2646	0.05260418946	0.06897685436	0.06913815206
92	0.00126	0.2646	0.05273505307	0.06942698376	0.0689212644
83	0.00126	0.2646	0.05267037771	0.06909139041	0.06913302031
60	0.00126	0.2646	0.05285168755	0.06970313677	0.06915903671
126	0.00126	0.2646	0.0527921923	0.06959866338	0.06905829555
112	0.00126	0.2646	0.05279134443	0.06933738402	0.06886384948
98	0.00126	0.2646	0.05354973505	0.07634415363	0.1246880783
213	0.00126	0.2646	0.05346303915	0.07454842133	0.1095466475
112	0.00126	0.2646	0.05417355928	0.08197746374	0.1622149258
54	0.00126	0.2646	0.05272741716	0.06919040998	0.06871848123
128	0.00126	0.2646	0.05266397944	0.06904989294	0.0686026798
83	0.00126	0.2646	0.0529168868	0.06979313454	0.06922852882
50	0.00126	0.2646	0.05299920371	0.07012953044	0.06953026823
143	0.00126	0.2646	0.0532557375	0.07242519115	0.0899405347
41	0.00126	0.2646	0.05276274306	0.06940342005	0.07053093138
63	0.00126	0.2646	0.05265480392	0.06909474614	0.06975733374
91	0.00126	0.2646	0.05285546919	0.06973162991	0.07101073444
103	0.00126	0.2646	0.05329314639	0.07387378747	0.1048821478
152	0.00126	0.2646	0.05309939111	0.07151324504	0.08135628049
86	0.00126	0.2646	0.05267316023	0.06907730608	0.06915810037
198	0.00126	0.2646	0.05294783586	0.06972624497	0.07089278421
114	0.00126	0.2646	0.05493039375	0.08548633761	0.1802045505
111	0.00126	0.2646	0.05458590589	0.08249220521	0.1582540275
149	0.00126	0.2646	0.05489540498	0.08463143441	0.174912804
48	0.00126	0.2646	0.05301560694	0.069775048	0.06954291799
97	0.00126	0.2646	0.05272016348	0.06918823734	0.06918623837
68	0.00126	0.2646	0.05277860081	0.06935932023	0.06888982036
126	0.00126	0.2646	0.05286598825	0.06961087065	0.06935091806
93	0.00126	0.2646	0.05374529999	0.07931775037	0.1436192048
94	0.00126	0.2646	0.05277144887	0.06942804021	0.07056403162
69	0.00126	0.2646	0.053066348	0.07124850739	0.0854386861
199	0.00126	0.2646	0.05340672055	0.07106615517	0.07033512987
129	0.00126	0.2646	0.05378872309	0.07671466992	0.121523559
80	0.00126	0.2646	0.0531951069	0.07035551936	0.07027126214
187	0.00126	0.2646	0.05347838571	0.07506142966	0.1132760916
109	0.00126	0.2646	0.05290775441	0.06979202144	0.070023203
145	0.00126	0.2646	0.05268199203	0.06902209115	0.06882947836
49	0.00126	0.2646	0.05309606376	0.07035508656	0.06973255554
103	0.00126	0.2646	0.05303524082	0.07023072347	0.07020401747
146	0.00126	0.2646	0.05293204883	0.06957697445	0.07023454305
78	0.00126	0.2646	0.05366401645	0.07160304934	0.07133597058
165	0.00126	0.2646	0.05550045618	0.08969753928	0.2141802074
154	0.00126	0.2646	0.05330952439	0.07093413183	0.07615708365
91	0.00126	0.2646	0.0530713593	0.07036633114	0.07258200965
95	0.00126	0.2646	0.05284868423	0.06969243269	0.07147730644
108	0.00126	0.2646	0.05273055249	0.06931159473	0.07054733764
25	0.00126	0.2646	0.05273564994	0.06910183988	0.06865138199
179	0.00126	0.2646	0.05276887135	0.06943502275	0.07137232264
43	0.00126	0.2646	0.05292413412	0.06970333075	0.06976832921
163	0.00126	0.2646	0.05353083199	0.0735816934	0.09768305577
86	0.00126	0.2646	0.05471383635	0.0825571363	0.1590910598
100	0.00126	0.2646	0.05342388053	0.07092180648	0.07024566616
113	0.00126	0.2646	0.05291888227	0.0696938659	0.07186899567
104	0.00126	0.2646	0.05346774448	0.07505811677	0.1130599694
79	0.00126	0.2646	0.05295449315	0.06995231855	0.07129979997
69	0.00126	0.2646	0.05283626738	0.06965607863	0.07077873142
89	0.00126	0.2646	0.05279887575	0.06948486138	0.06925164873
134	0.00126	0.2646	0.05259408987	0.06889372247	0.06845840373
27	0.00126	0.2646	0.0527404192	0.06941578909	0.06993589153
96	0.00126	0.2646	0.05280052916	0.0696659388	0.07260798881
104	0.00126	0.2646	0.05306057351	0.07020565797	0.07177583857
64	0.00126	0.2646	0.05386142506	0.07757726385	0.1283936074
42	0.00126	0.2646	0.05294274789	0.06963069266	0.06912427262
75	0.00126	0.2646	0.05306170093	0.0710885008	0.07991996889
138	0.00126	0.2646	0.05272999887	0.0693378729	0.070865456
43	0.00126	0.2646	0.05266449464	0.06909827364	0.06864921425
55	0.00126	0.2646	0.05260937349	0.06901157107	0.06930260261
133	0.00126	0.2646	0.05264770702	0.06900822473	0.0685623181
65	0.00126	0.2646	0.05327629056	0.07468854946	0.1130105703
122	0.00126	0.2646	0.05266747772	0.06904893631	0.06860011508
62	0.00126	0.2646	0.05262349759	0.06892672161	0.06848779111
104	0.00126	0.2646	0.05286195254	0.06974077044	0.07082910054
139	0.00126	0.2646	0.05340961216	0.07551700111	0.118409356
50	0.00126	0.2646	0.05275686726	0.06925805478	0.06879417806
168	0.00126	0.2646	0.05265928036	0.06932001327	0.0717723635
57	0.00126	0.2646	0.05262875654	0.06901116154	0.06856602411
76	0.00126	0.2646	0.05258989678	0.06906682228	0.07023943636
41	0.00126	0.2646	0.05265229193	0.06900242508	0.06855753074
108	0.00126	0.2646	0.0527512728	0.06938129398	0.06889353416
69	0.00126	0.2646	0.05283598642	0.07080463076	0.08362077465
144	0.00126	0.2646	0.0527478507	0.0801708262	0.1626989429
115	0.00126	0.2646	0.05288405353	0.0700222632	0.0718130687
77	0.00126	0.2646	0.05264144192	0.06898388567	0.06885564504
100	0.00126	0.2646	0.05267862149	0.0692461708	0.07015080287
102	0.00126	0.2646	0.05280191034	0.06928429832	0.06880723765
169	0.00126	0.2646	0.05412957754	0.08136753185	0.1573810995
108	0.00126	0.2646	0.0528379268	0.06975745665	0.0691886866
112	0.00126	0.2646	0.05291394413	0.06985347084	0.0693002102
17	0.00126	0.2646	0.05269270658	0.06906505654	0.06861601085
181	0.00126	0.2646	0.05264142945	0.06909462606	0.06864513011
71	0.00126	0.2646	0.05263648259	0.06913301455	0.06866052326
149	0.00126	0.2646	0.05283005792	0.06960218999	0.0690761946
105	0.00126	0.2646	0.05264731285	0.06899103533	0.06880333267
142	0.00126	0.2646	0.05276575246	0.0695147695	0.06925764743
44	0.00126	0.2646	0.05277308607	0.06956650346	0.06902830182
63	0.00126	0.2646	0.05284431852	0.0696908583	0.06915155497
136	0.00126	0.2646	0.05271383574	0.0691035596	0.06865119538
103	0.00126	0.2646	0.05398342729	0.07895588785	0.1372047528
81	0.00126	0.2646	0.0528410085	0.06937663757	0.06917098173
144	0.00126	0.2646	0.05296114661	0.07159678991	0.08724501381
58	0.00126	0.2646	0.05276703715	0.06948668317	0.06926892033
175	0.00126	0.2646	0.05272071274	0.06938762355	0.07113053824
15	0.00126	0.2646	0.05274337549	0.06936744563	0.06887057713
153	0.00126	0.2646	0.05281048529	0.06951623761	0.07046762235
141	0.00126	0.2646	0.05418967654	0.08300185187	0.1675309753
130	0.00126	0.2646	0.05281719321	0.0693419095	0.06885899218
113	0.00126	0.2646	0.05302537203	0.07002335092	0.06970058343
39	0.00126	0.2646	0.0528701569	0.06972212044	0.0691947987
104	0.00126	0.2646	0.05278029838	0.06959692219	0.06960763727
86	0.00126	0.2646	0.05275896585	0.06955585014	0.06903360711
147	0.00126	0.2646	0.05283392367	0.0696138422	0.06967392594
54	0.00126	0.2646	0.05295785175	0.06973026719	0.06920989669
169	0.00126	0.2646	0.05391649305	0.07898412117	0.1425839195
123	0.00126	0.2646	0.05313016876	0.07021897019	0.0696249223
83	0.00126	0.2646	0.05314825939	0.07141420215	0.07989422788
246	0.00126	0.2646	0.052766644	0.06933218274	0.06886046055
103	0.00126	0.2646	0.05273972345	0.06922568401	0.06876717269
68	0.00126	0.2646	0.05276910484	0.06933456131	0.06886281328
29	0.00126	0.2646	0.05271668751	0.06925624945	0.06878859736
125	0.00126	0.2646	0.05272665769	0.06926628972	0.06879717061
43	0.00126	0.2646	0.05294300627	0.06967085518	0.06916859997
182	0.00126	0.2646	0.05398405133	0.07799104412	0.1298212376
80	0.00126	0.2646	0.05345488123	0.07154255893	0.07700370125
168	0.00126	0.2646	0.05481186413	0.08457479042	0.1749561114
79	0.00126	0.2646	0.05300040384	0.06962388737	0.06911891927
138	0.00126	0.2646	0.05296755658	0.07137278901	0.08766581284
100	0.00126	0.2646	0.05302738286	0.07214258027	0.09369516337
62	0.00126	0.2646	0.05312742559	0.0704220328	0.06979348848
46	0.00126	0.2646	0.05329233779	0.07275538216	0.09119494017
127	0.00126	0.2646	0.05277452083	0.06935556297	0.0704412116
98	0.00126	0.2646	0.05290607534	0.06984472662	0.07178177976
88	0.00126	0.2646	0.05308614854	0.07015642339	0.06959199603
44	0.00126	0.2646	0.05303115833	0.07023510342	0.07343029834
76	0.00126	0.2646	0.05318730243	0.07071974166	0.07208968993
77	0.00126	0.2646	0.05282265546	0.06936584557	0.06888194435
164	0.00126	0.2646	0.05274878793	0.06935736086	0.07005717914
194	0.00126	0.2646	0.05275098405	0.06918368909	0.06872716604
158	0.00126	0.2646	0.05621532031	0.09648279583	0.2679470182
102	0.00126	0.2646	0.05459572544	0.08091696467	0.1477837743
79	0.00126	0.2646	0.05321509803	0.07015999094	0.07017859842
146	0.00126	0.2646	0.05397777448	0.07681527615	0.1196421754
147	0.00126	0.2646	0.05442019697	0.0800547994	0.1441316248
238	0.00126	0.2646	0.05348397781	0.07279772959	0.09347710074
160	0.00126	0.2646	0.05435583559	0.08183181973	0.159885181
125	0.00126	0.2646	0.05309943287	0.07009820973	0.07051465282
87	0.00126	0.2646	0.05295519622	0.06980411425	0.06972951057
11	0.00126	0.2646	0.05318533136	0.0700009195	0.06945882472
12	0.00126	0.2646	0.05326858686	0.07073033196	0.07078296876
77	0.00126	0.2646	0.05420729134	0.07909783931	0.1372923405
170	0.00126	0.2646	0.05430714307	0.07954935324	0.1407572879
118	0.00126	0.2646	0.05453690069	0.08111219945	0.1486018451
55	0.00126	0.2646	0.05330745286	0.07055929962	0.06993409361
77	0.00126	0.2646	0.05287984214	0.06944248581	0.06957518583
86	0.00126	0.2646	0.05316963674	0.07025453901	0.0696528855
141	0.00126	0.2646	0.05434359022	0.08067588942	0.150051765
138	0.00126	0.2646	0.05397250635	0.0782879986	0.1341331859
96	0.00126	0.2646	0.0528845773	0.06931882747	0.06884818068
84	0.00126	0.2646	0.05272626254	0.06947124822	0.07225190532
72	0.00126	0.2646	0.05296788214	0.07001611501	0.06942634317
121	0.00126	0.2646	0.05291161366	0.06962723608	0.06910551979
72	0.00126	0.2646	0.05306317996	0.06991723009	0.06936296173
95	0.00126	0.2646	0.05422295195	0.08065342533	0.1502240717
121	0.00126	0.2646	0.05294404605	0.06972859521	0.07040545679
142	0.00126	0.2646	0.05280205177	0.06935356557	0.06969414414
173	0.00126	0.2646	0.05295984468	0.06979765838	0.06957185635
121	0.00126	0.2646	0.05310956851	0.07131698871	0.08133641145
86	0.00126	0.2646	0.05265871699	0.06896504121	0.06852495574
79	0.00126	0.2646	0.05266153504	0.06918525846	0.06919166709
119	0.00126	0.2646	0.05275503094	0.0693465894	0.06886480784
108	0.00126	0.2646	0.0527982328	0.06956883879	0.06953610875
63	0.00126	0.2646	0.05266155195	0.0691176157	0.06864548186
104	0.00126	0.2646	0.05286132687	0.06967977841	0.06961548769
87	0.00126	0.2646	0.05276535294	0.06932427405	0.0688432998
163	0.00126	0.2646	0.05285437645	0.06994599027	0.07316594221
117	0.00126	0.2646	0.05287745479	0.06966948451	0.06914198949
74	0.00126	0.2646	0.05286161651	0.06970416525	0.06947451317
113	0.00126	0.2646	0.0526180815	0.0689643131	0.06852210167
110	0.00126	0.2646	0.05307225482	0.0702983352	0.07047508533
106	0.00126	0.2646	0.05374914712	0.07774548762	0.1344005615
132	0.00126	0.2646	0.05302358081	0.0703746106	0.0738700349
81	0.00126	0.2646	0.05297084292	0.06978777941	0.07034605805
179	0.00126	0.2646	0.05466880101	0.08329569694	0.163227029
20	0.00126	0.2646	0.05292537154	0.06941103259	0.0689257548
77	0.00126	0.2646	0.05297632625	0.07067572897	0.07877918982
110	0.00126	0.2646	0.05290508831	0.06973934689	0.06920779888
103	0.00126	0.2646	0.05299091505	0.0705381664	0.07515728289
117	0.00126	0.2646	0.05401350263	0.08351663568	0.1737701011
141	0.00126	0.2646	0.05406990108	0.07843080784	0.1323319517
119	0.00126	0.2646	0.05297269272	0.06980611102	0.0695849305
41	0.00126	0.2646	0.05280332104	0.06949345588	0.06898621135
106	0.00126	0.2646	0.05312905235	0.07071630417	0.07657692191
187	0.00126	0.2646	0.05455317192	0.0821603758	0.1558703173
95	0.00126	0.2646	0.05285974531	0.06932749803	0.06913355931
67	0.00126	0.2646	0.05269538246	0.06920211612	0.0695283205
45	0.00126	0.2646	0.05278761602	0.0695618659	0.06906443935
53	0.00126	0.2646	0.05270814801	0.06910299024	0.06865275484
123	0.00126	0.2646	0.05302043602	0.07025769618	0.06988084549
82	0.00126	0.2646	0.05422366184	0.07963237228	0.138625741
59	0.00126	0.2646	0.05291579657	0.06947919803	0.06898505668
165	0.00126	0.2646	0.05382132995	0.07865880836	0.1339053328
215	0.00126	0.2646	0.05401059666	0.07923694657	0.1383554936
90	0.00126	0.2646	0.05306808854	0.07055372502	0.07523583624
52	0.00126	0.2646	0.05267175433	0.06901756193	0.06881396583
129	0.00126	0.2646	0.05275642504	0.06922598933	0.06904584234
96	0.00126	0.2646	0.05375473729	0.07682245411	0.1230652604
163	0.00126	0.2646	0.05300871298	0.06988327968	0.07043050986
75	0.00126	0.2646	0.05385088519	0.07747369941	0.1300409103
47	0.00126	0.2646	0.05280526265	0.06946583755	0.06895969251
73	0.00126	0.2646	0.05274167922	0.06921086147	0.06874078015
118	0.00126	0.2646	0.05403623628	0.08053188151	0.1485422354
114	0.00126	0.2646	0.05418487755	0.07990581458	0.1441900643
67	0.00126	0.2646	0.05290142565	0.06963595832	0.07068213894
50	0.00126	0.2646	0.05280178734	0.06950911663	0.06945931264
128	0.00126	0.2646	0.05287628867	0.06937558338	0.0688927604
122	0.00126	0.2646	0.05429157632	0.081359094	0.1540053176
140	0.00126	0.2646	0.05335412	0.07351118573	0.1017087818
127	0.00126	0.2646	0.05288281447	0.06988431312	0.07232427943
129	0.00126	0.2646	0.05263559274	0.06899695426	0.06885393365
97	0.00126	0.2646	0.05276640607	0.06945917947	0.07105428323
126	0.00126	0.2646	0.0535117912	0.07529768199	0.112639964
127	0.00126	0.2646	0.05373087258	0.07649920421	0.1221186972
134	0.00126	0.2646	0.05303766919	0.07079166848	0.07898846097
92	0.00126	0.2646	0.05273891996	0.069175368	0.06903485291
159	0.00126	0.2646	0.05295341023	0.07008980076	0.07206468077
66	0.00126	0.2646	0.05296446875	0.06992447261	0.06935904899
51	0.00126	0.2646	0.05280100131	0.06942078631	0.06894246544
54	0.00126	0.2646	0.05271555494	0.06950174947	0.07202618586
89	0.00126	0.2646	0.05276334739	0.06926667803	0.0694025791
128	0.00126	0.2646	0.05297181997	0.07016528531	0.07102974547
55	0.00126	0.2646	0.05276665511	0.0693408373	0.06912952651
57	0.00126	0.2646	0.05276313343	0.06935177839	0.06887611326
49	0.00126	0.2646	0.05273182152	0.06926498281	0.06908745734
97	0.00126	0.2646	0.05267966677	0.06918242208	0.06994209685
104	0.00126	0.2646	0.05275727625	0.06931343337	0.06884319245
11	0.00126	0.2646	0.05270942283	0.06906768836	0.06861846469
79	0.00126	0.2646	0.05290992879	0.07033476748	0.07573441855
28	0.00126	0.2646	0.05273907367	0.06925728808	0.06878992356
67	0.00126	0.2646	0.0533208136	0.07164462505	0.07959571421
68	0.00126	0.2646	0.0529917073	0.06992040512	0.07031172468
84	0.00126	0.2646	0.05274721697	0.06914986257	0.06869714655
123	0.00126	0.2646	0.05283200755	0.0694633742	0.06897469282
43	0.00126	0.2646	0.05317151739	0.07224825434	0.09090916952
110	0.00126	0.2646	0.05287069849	0.06976522271	0.07123895211
76	0.00126	0.2646	0.05292695536	0.06972181621	0.06918446954
112	0.00126	0.2646	0.05293285065	0.06967209393	0.06914900407
150	0.00126	0.2646	0.05334789225	0.07380637298	0.1038322658
171	0.00126	0.2646	0.05342755962	0.07452091084	0.1103220698
83	0.00126	0.2646	0.05278774353	0.06938930766	0.07016206134
95	0.00126	0.2646	0.05299518817	0.07008903804	0.06978848159
81	0.00126	0.2646	0.05289614199	0.06968900714	0.0694373618
82	0.00126	0.2646	0.05288544709	0.0700764576	0.073783337
49	0.00126	0.2646	0.05278278463	0.06928339282	0.06881881496
164	0.00126	0.2646	0.05286098336	0.06992961865	0.07396727874
61	0.00126	0.2646	0.05312069478	0.0701140768	0.06983413846
117	0.00126	0.2646	0.05421914773	0.07984033286	0.1434421341
48	0.00126	0.2646	0.05319351305	0.07042729182	0.06981675747
171	0.00126	0.2646	0.05278271665	0.06934072271	0.06942650438
158	0.00126	0.2646	0.05284710401	0.0694886384	0.0689867536
81	0.00126	0.2646	0.05412331316	0.08108730596	0.1542953892
124	0.00126	0.2646	0.0530836028	0.07039346754	0.07195078527
48	0.00126	0.2646	0.05275130315	0.06917339065	0.06901894849
99	0.00126	0.2646	0.0529568277	0.06986656115	0.06932056278
150	0.00126	0.2646	0.05329288473	0.07391155093	0.1060598785
199	0.00126	0.2646	0.05303008881	0.06986058153	0.06960241602
58	0.00126	0.2646	0.0535093525	0.07138484941	0.07088585799
197	0.00126	0.2646	0.0539363302	0.07868599012	0.1417626241
149	0.00126	0.2646	0.05277844472	0.06921889304	0.0687539574
58	0.00126	0.2646	0.05324699735	0.07387000837	0.1055868759
115	0.00126	0.2646	0.05316734221	0.07093820525	0.0719268091
207	0.00126	0.2646	0.05390838202	0.07912240797	0.1413367294
98	0.00126	0.2646	0.05282100188	0.06933803191	0.06962209651
110	0.00126	0.2646	0.0529807193	0.07011642295	0.07184875178
142	0.00126	0.2646	0.05293018269	0.0697480515	0.07091290158
85	0.00126	0.2646	0.05410436677	0.07958372009	0.1445035672
143	0.00126	0.2646	0.05446847283	0.08242363728	0.1646448864
112	0.00126	0.2646	0.05304612616	0.06994419785	0.06940099321
83	0.00126	0.2646	0.0528692035	0.07026202506	0.07365639905
180	0.00126	0.2646	0.05296139283	0.07000164805	0.07043050813
34	0.00126	0.2646	0.05287040884	0.06995214765	0.06938406744
127	0.00126	0.2646	0.05284300271	0.07010804059	0.07726012364
144	0.00126	0.2646	0.05293435077	0.06958972681	0.07051367885
101	0.00126	0.2646	0.05442260257	0.08093840622	0.1452382102
96	0.00126	0.2646	0.05290179142	0.06943011464	0.0694521075
136	0.00126	0.2646	0.05299997636	0.07159733315	0.08921189872
173	0.00126	0.2646	0.05285316856	0.07003670322	0.07446163502
65	0.00126	0.2646	0.05273973317	0.06932934387	0.06977240359
71	0.00126	0.2646	0.05285601894	0.06993630202	0.06935420805
117	0.00126	0.2646	0.05474321264	0.08476039027	0.1803958216
52	0.00126	0.2646	0.0531291474	0.07133954557	0.08514029916
66	0.00126	0.2646	0.05282033382	0.06941658853	0.06893219344
89	0.00126	0.2646	0.0530965297	0.06996781629	0.06941473877
133	0.00126	0.2646	0.05458188121	0.08201292666	0.1544010745
89	0.00126	0.2646	0.05288585633	0.06933833053	0.06886217874
100	0.00126	0.2646	0.05283537595	0.07022579472	0.07719832198
144	0.00126	0.2646	0.05310693407	0.07331974481	0.1036676
110	0.00126	0.2646	0.05272537266	0.06921668697	0.06899125051
37	0.00126	0.2646	0.05293093948	0.06952135191	0.06902429622
116	0.00126	0.2646	0.05307306133	0.0703956723	0.07099386096
75	0.00126	0.2646	0.05278486068	0.06927216973	0.06904525052
149	0.00126	0.2646	0.05345563768	0.07548028114	0.115078233
54	0.00126	0.2646	0.0529867176	0.06992551009	0.06938232561
171	0.00126	0.2646	0.05289469718	0.06968035483	0.06915023913
132	0.00126	0.2646	0.05266582322	0.06900983205	0.06856610131
81	0.00126	0.2646	0.05278474134	0.06984866355	0.07372004138
89	0.00126	0.2646	0.05290958467	0.07018556607	0.07356973649
100	0.00126	0.2646	0.05299182228	0.07150115293	0.08856280794
82	0.00126	0.2646	0.05289976447	0.07003677638	0.07398571548
179	0.00126	0.2646	0.05263299562	0.06900026473	0.06855579692
129	0.00126	0.2646	0.05264541051	0.06903671551	0.06890072669
61	0.00126	0.2646	0.05290767468	0.07000993359	0.06975369016
151	0.00126	0.2646	0.05325395437	0.0731073312	0.09736764996
91	0.00126	0.2646	0.05271187134	0.06913102369	0.06895468621
102	0.00126	0.2646	0.05277507475	0.06971217553	0.0707527326
94	0.00126	0.2646	0.05269779494	0.06919005694	0.06978068076
71	0.00126	0.2646	0.05295574519	0.07016791587	0.07166006601
70	0.00126	0.2646	0.05278347176	0.06938319564	0.06890665241
62	0.00126	0.2646	0.05263523288	0.0690063416	0.06887557207
96	0.00126	0.2646	0.05266875761	0.06940419891	0.07299173655
248	0.00126	0.2646	0.05284766973	0.06977494159	0.06977143641
69	0.00126	0.2646	0.0527569081	0.06935522767	0.06914881998
141	0.00126	0.2646	0.05280151485	0.06968062684	0.07058945027
158	0.00126	0.2646	0.0526406999	0.06911284935	0.06967314289
148	0.00126	0.2646	0.05263115201	0.0689859845	0.06854284312
90	0.00126	0.2646	0.05279877937	0.06950002447	0.07002490083
115	0.00126	0.2646	0.05351951094	0.075947258	0.1220901678
110	0.00126	0.2646	0.05298136723	0.07000990939	0.06972034051
73	0.00126	0.2646	0.05264913047	0.06906105839	0.06943528575
130	0.00126	0.2646	0.05289806538	0.06945904212	0.06897686979
150	0.00126	0.2646	0.05454127122	0.08472202986	0.1841224873
77	0.00126	0.2646	0.05286433369	0.06942604568	0.06894690613
70	0.00126	0.2646	0.05261547782	0.06891384565	0.06847773979
63	0.00126	0.2646	0.05261271476	0.06893570633	0.06849753555
128	0.00126	0.2646	0.05270831866	0.06921320034	0.06874595525
215	0.00126	0.2646	0.05319117446	0.07345199056	0.1056911455
127	0.00126	0.2646	0.05290242896	0.06961177296	0.06910482163
105	0.00126	0.2646	0.0536536501	0.07719414631	0.1289631933
102	0.00126	0.2646	0.05277025071	0.06931421435	0.07005640528
83	0.00126	0.2646	0.05298596046	0.07013881254	0.07099987861
17	0.00126	0.2646	0.05294741028	0.06985353975	0.06931330474
160	0.00126	0.2646	0.05289391094	0.07066398679	0.08108628249
44	0.00126	0.2646	0.05267433442	0.06903220762	0.06858760778
85	0.00126	0.2646	0.05287729302	0.06974460513	0.06920928859
112	0.00126	0.2646	0.05316870498	0.07313970154	0.1004744751
73	0.00126	0.2646	0.05306975637	0.07032756888	0.06972330327
51	0.00126	0.2646	0.05277729686	0.06923314174	0.06931927732
89	0.00126	0.2646	0.05285543107	0.06963530917	0.06911526519
72	0.00126	0.2646	0.05276842633	0.06927701282	0.06880842887
60	0.00126	0.2646	0.05266908211	0.06908335996	0.06890768752
58	0.00126	0.2646	0.05268845005	0.06917391381	0.06939680589
66	0.00126	0.2646	0.05276415631	0.06954668834	0.07039490718
135	0.00126	0.2646	0.05266859216	0.06925134288	0.07028649139
191	0.00126	0.2646	0.05274479433	0.06944087266	0.07071491914
114	0.00126	0.2646	0.05293889028	0.06969844399	0.06980364047
135	0.00126	0.2646	0.05442990771	0.08250446043	0.1656958824
105	0.00126	0.2646	0.05335435759	0.07082394407	0.07017072428
164	0.00126	0.2646	0.05282256454	0.0693134752	0.06884606291
64	0.00126	0.2646	0.05264110907	0.06894348462	0.06850422678
117	0.00126	0.2646	0.05276312373	0.06966183319	0.07204588388
169	0.00126	0.2646	0.05295516073	0.07057664413	0.0737683207
100	0.00126	0.2646	0.05346637312	0.07548870965	0.1177667021
125	0.00126	0.2646	0.05282609444	0.06986321883	0.07473417647
93	0.00126	0.2646	0.05309879772	0.07265667205	0.09727468771
33	0.00126	0.2646	0.05280214603	0.06934282236	0.06887193561
74	0.00126	0.2646	0.05320642609	0.07042913293	0.07161839557
205	0.00126	0.2646	0.05508844119	0.08595802574	0.1935893226
63	0.00126	0.2646	0.0531003525	0.06998741992	0.06943912117
10	0.00126	0.2646	0.05268065292	0.06903683039	0.06858981098
106	0.00126	0.2646	0.0527766684	0.06965592712	0.07068143879
93	0.00126	0.2646	0.05333133193	0.07967745733	0.1494224284
69	0.00126	0.2646	0.0528874777	0.06994495369	0.06938565733
95	0.00126	0.2646	0.05269019407	0.06902860665	0.06858410238
52	0.00126	0.2646	0.05293824266	0.07008778185	0.07136604785
90	0.00126	0.2646	0.05269527466	0.06902848938	0.06858404085
67	0.00126	0.2646	0.05290313611	0.06973091016	0.0694709609
16	0.00126	0.2646	0.05318360863	0.07057301156	0.06993738566
63	0.00126	0.2646	0.05294296831	0.06996911528	0.07134937052
110	0.00126	0.2646	0.05288024547	0.07065766811	0.08107248667
117	0.00126	0.2646	0.05301016139	0.07004340356	0.07088188079
140	0.00126	0.2646	0.0529226141	0.0697377545	0.06918873636
162	0.00126	0.2646	0.052942199	0.06988432332	0.06980902789
70	0.00126	0.2646	0.0529035546	0.0695940037	0.06907820024
161	0.00126	0.2646	0.05332870451	0.07266778495	0.0900949107
136	0.00126	0.2646	0.05275949662	0.06932229085	0.07035423084
104	0.00126	0.2646	0.05279486614	0.06948841392	0.06950982929
174	0.00126	0.2646	0.05295354044	0.07003185983	0.0710442245
183	0.00126	0.2646	0.05315424166	0.07153399215	0.08423379102
202	0.00126	0.2646	0.05348499022	0.07521276992	0.1143767055
67	0.00126	0.2646	0.05305657047	0.07098737481	0.07992709305
145	0.00126	0.2646	0.0527539647	0.06930256527	0.06999790282
106	0.00126	0.2646	0.0528562732	0.06934868406	0.06887115996
138	0.00126	0.2646	0.05404669499	0.07924334756	0.1416580748
103	0.00126	0.2646	0.05397268856	0.07765667971	0.128861422
78	0.00126	0.2646	0.05279954186	0.0692547633	0.06904263853
60	0.00126	0.2646	0.05272075112	0.06926778133	0.068800932
122	0.00126	0.2646	0.05273060573	0.06931910634	0.06942340721
121	0.00126	0.2646	0.05285066292	0.06972685954	0.06996043252
97	0.00126	0.2646	0.05284557509	0.06982972497	0.07300569903
62	0.00126	0.2646	0.05266853492	0.06914036974	0.06899981617
56	0.00126	0.2646	0.05261783656	0.06893774158	0.06849925545
94	0.00126	0.2646	0.05278893916	0.06944249313	0.06895221247
29	0.00126	0.2646	0.05305539123	0.07024429736	0.06964510758
122	0.00126	0.2646	0.05285525108	0.06950391848	0.0690127448
117	0.00126	0.2646	0.05288481014	0.06989731027	0.07069509618
115	0.00126	0.2646	0.05326364806	0.07432099219	0.1103133093
197	0.00126	0.2646	0.05275033255	0.06933823282	0.06994297957
145	0.00126	0.2646	0.05294314603	0.07139283328	0.0876539403
79	0.00126	0.2646	0.05265381991	0.06904531949	0.06884341091
136	0.00126	0.2646	0.05268458971	0.06974797403	0.07201094258
105	0.00126	0.2646	0.05271921451	0.0698460557	0.07619610449
84	0.00126	0.2646	0.05295971833	0.07157575323	0.08999569919
104	0.00126	0.2646	0.05295294132	0.06997441468	0.06940055331
22	0.00126	0.2646	0.05281626928	0.06933435333	0.06885458331
95	0.00126	0.2646	0.05411410511	0.08185857424	0.1640590928
53	0.00126	0.2646	0.05283044163	0.06949483742	0.06900131154
116	0.00126	0.2646	0.05267064778	0.06903174134	0.06858600677
107	0.00126	0.2646	0.05281146532	0.06977060244	0.07118716909
115	0.00126	0.2646	0.05260089822	0.06889288839	0.06845720562
131	0.00126	0.2646	0.0526119002	0.06895804591	0.06851749894
143	0.00126	0.2646	0.05265214175	0.06914890972	0.06957770868
60	0.00126	0.2646	0.05262293914	0.06900698703	0.06856046517
108	0.00126	0.2646	0.05263066192	0.06903608699	0.06904825919
66	0.00126	0.2646	0.05263218054	0.06895104175	0.06851074606
43	0.00126	0.2646	0.05293269853	0.07027593148	0.0721406497
176	0.00126	0.2646	0.05269245767	0.06912038295	0.06925400707
60	0.00126	0.2646	0.05287922075	0.06977839664	0.07113074493
156	0.00126	0.2646	0.05378199369	0.07843712322	0.1384413827
73	0.00126	0.2646	0.05270722637	0.06909268364	0.06863676833
155	0.00126	0.2646	0.05288092557	0.06982355091	0.06988468596
54	0.00126	0.2646	0.05287451646	0.06972841047	0.06919577164
120	0.00126	0.2646	0.05269338799	0.06917629959	0.06871376601
103	0.00126	0.2646	0.05261971379	0.06894027108	0.06850127639
116	0.00126	0.2646	0.05279106643	0.06952743695	0.06928059804
53	0.00126	0.2646	0.05286758668	0.06966639818	0.06913668028
66	0.00126	0.2646	0.05282721693	0.06958735111	0.06907642146
84	0.00126	0.2646	0.0528062021	0.06964203847	0.07097716049
84	0.00126	0.2646	0.05292150397	0.06988917377	0.06933180151
183	0.00126	0.2646	0.05270551968	0.06919707517	0.0700949464
106	0.00126	0.2646	0.05456178463	0.08475750927	0.1903637998
128	0.00126	0.2646	0.05294618294	0.06953198464	0.06904743159
115	0.00126	0.2646	0.05322941895	0.07368793707	0.104076877
100	0.00126	0.2646	0.05295241694	0.07027237421	0.07691005461
146	0.00126	0.2646	0.0541025956	0.08092402003	0.1538509436
13	0.00126	0.2646	0.05301421506	0.06978580205	0.06926281391
73	0.00126	0.2646	0.05364819171	0.07687168867	0.1266620193
94	0.00126	0.2646	0.05279664598	0.06923869282	0.06877242259
96	0.00126	0.2646	0.05298960211	0.07032464895	0.07381211981
157	0.00126	0.2646	0.05295544642	0.06967916218	0.0705645902
137	0.00126	0.2646	0.05295156466	0.07002333105	0.06947713329
57	0.00126	0.2646	0.05266534072	0.06904566387	0.06915214884
44	0.00126	0.2646	0.0527314905	0.06936734685	0.06887773262
55	0.00126	0.2646	0.05264016873	0.06896945191	0.06852839513
100	0.00126	0.2646	0.05284718677	0.06979772665	0.07120756004
79	0.00126	0.2646	0.05297134453	0.07044571064	0.0769799192
115	0.00126	0.2646	0.05343569645	0.073846024	0.1007171172
95	0.00126	0.2646	0.05286494355	0.06938114833	0.06921304323
155	0.00126	0.2646	0.05321623785	0.07222862147	0.0892967131
51	0.00126	0.2646	0.05290645282	0.06966931539	0.0693969168
161	0.00126	0.2646	0.05330044971	0.07446085666	0.1122275871
31	0.00126	0.2646	0.052771605	0.06946862613	0.07077407749
81	0.00126	0.2646	0.05307752161	0.07248292032	0.09498116252
69	0.00126	0.2646	0.05265181232	0.06900252774	0.06855896914
137	0.00126	0.2646	0.05269824486	0.06927796457	0.069280478
131	0.00126	0.2646	0.05269126209	0.06930883687	0.07073273672
118	0.00126	0.2646	0.0528006677	0.06957138603	0.07048883495
131	0.00126	0.2646	0.05295825728	0.06987936401	0.06932920931
169	0.00126	0.2646	0.05295659986	0.07011468797	0.07185182155
55	0.00126	0.2646	0.05282719578	0.06953291662	0.07027200293
60	0.00126	0.2646	0.05282346836	0.06949210069	0.06900993822
62	0.00126	0.2646	0.05272803278	0.06976787622	0.07221130979
114	0.00126	0.2646	0.0527081699	0.06924309627	0.06901047853
146	0.00126	0.2646	0.05263339838	0.06900594813	0.06916536033
121	0.00126	0.2646	0.05285893399	0.07063918806	0.08095860205
58	0.00126	0.2646	0.05265648632	0.0692667887	0.07120830457
34	0.00126	0.2646	0.05268124681	0.06923238252	0.07042129517
101	0.00126	0.2646	0.05287973938	0.06944936825	0.06896195343
135	0.00126	0.2646	0.05416412343	0.08114244566	0.1557820691
71	0.00126	0.2646	0.0532847686	0.07282398907	0.09510494458
190	0.00126	0.2646	0.05428288615	0.08058036817	0.1481038687
133	0.00126	0.2646	0.05485255296	0.08341993593	0.1628843095
184	0.00126	0.2646	0.05487433397	0.08497906917	0.1813313163
131	0.00126	0.2646	0.05295374688	0.06950216627	0.06900898137
92	0.00126	0.2646	0.05291774484	0.07065690558	0.08118572327
177	0.00126	0.2646	0.0529366504	0.06980726521	0.06924876917
142	0.00126	0.2646	0.05359005136	0.07542562738	0.1141722821
145	0.00126	0.2646	0.05456614182	0.08398802811	0.17824539
60	0.00126	0.2646	0.05306419372	0.07000909318	0.06999041296
99	0.00126	0.2646	0.05297611542	0.06985702877	0.07113594998
64	0.00126	0.2646	0.05289660022	0.06973596103	0.06920737827
148	0.00126	0.2646	0.05294858685	0.06973648632	0.06918859707
48	0.00126	0.2646	0.05318302425	0.07052826273	0.06986127601
85	0.00126	0.2646	0.05311783052	0.07034578381	0.07003898239
108	0.00126	0.2646	0.05286579425	0.0695612276	0.06906602125
75	0.00126	0.2646	0.05268440723	0.06904424221	0.0685964084
107	0.00126	0.2646	0.05274809669	0.06935142282	0.06946977341
75	0.00126	0.2646	0.05296729332	0.06989582334	0.06933780139
121	0.00126	0.2646	0.05372453753	0.07781937055	0.1334281596
143	0.00126	0.2646	0.05281658572	0.06950839828	0.07109798134
31	0.00126	0.2646	0.05270596708	0.06973259971	0.07120235217
116	0.00126	0.2646	0.05266439054	0.0690205297	0.06886084687
129	0.00126	0.2646	0.05301222198	0.07011018664	0.06979298236
172	0.00126	0.2646	0.05456465433	0.08333824875	0.1697448689
86	0.00126	0.2646	0.05298223915	0.06964055017	0.06913877942
118	0.00126	0.2646	0.05284730386	0.0698638423	0.07330677533
131	0.00126	0.2646	0.05273533808	0.06941481718	0.06991602392
40	0.00126	0.2646	0.05271021688	0.06960762973	0.07424848225
49	0.00126	0.2646	0.05279615295	0.06956280596	0.06905738067
95	0.00126	0.2646	0.05261501821	0.06893235777	0.06881260198
143	0.00126	0.2646	0.0535327672	0.08289212873	0.1726345449
156	0.00126	0.2646	0.05273959809	0.06932931727	0.06912189073
113	0.00126	0.2646	0.0530328567	0.07071420943	0.07923925259
158	0.00126	0.2646	0.0547274885	0.08461763312	0.1737797899
96	0.00126	0.2646	0.05315839165	0.07080673798	0.07940159426
206	0.00126	0.2646	0.05328954306	0.07111697249	0.07066097686
74	0.00126	0.2646	0.05270669539	0.0691326512	0.06930500819
136	0.00126	0.2646	0.05265518974	0.06918131635	0.0702119837
19	0.00126	0.2646	0.05286943128	0.06983516084	0.06927936415
124	0.00126	0.2646	0.05270633232	0.06930960825	0.06962902663
84	0.00126	0.2646	0.05269127682	0.06945517054	0.06894241616
160	0.00126	0.2646	0.05283683997	0.06995249558	0.07268085461
56	0.00126	0.2646	0.05268468406	0.06906529511	0.06861813968
74	0.00126	0.2646	0.05284401535	0.06966270384	0.0691125103
69	0.00126	0.2646	0.05283720981	0.06931367283	0.06883832943
187	0.00126	0.2646	0.05394298369	0.07777546113	0.1254890662
145	0.00126	0.2646	0.05281568246	0.06947759202	0.07086871562
91	0.00126	0.2646	0.05274652698	0.06945171092	0.06978086182
30	0.00126	0.2646	0.05278490629	0.06947499124	0.06896938
143	0.00126	0.2646	0.05263481479	0.06897564084	0.068532191
84	0.00126	0.2646	0.05266248376	0.06906205592	0.0688859089
82	0.00126	0.2646	0.05264634516	0.06903688557	0.06888876095
204	0.00126	0.2646	0.05269637373	0.06969312714	0.07498414789
179	0.00126	0.2646	0.0526712093	0.06919161432	0.07019672248
110	0.00126	0.2646	0.0528891413	0.0698152661	0.07309061859
144	0.00126	0.2646	0.0543237149	0.08193231298	0.1625412291
116	0.00126	0.2646	0.05297307923	0.0700001218	0.0734731885
154	0.00126	0.2646	0.05352546917	0.07666928716	0.1280503467
117	0.00126	0.2646	0.05294744618	0.069966748	0.07065733072
125	0.00126	0.2646	0.052786801	0.0695142932	0.06898794826
58	0.00126	0.2646	0.05287458767	0.0697334801	0.0692129096
81	0.00126	0.2646	0.05263982457	0.06892581901	0.06848881561
79	0.00126	0.2646	0.05278771822	0.06955828686	0.0695540614
72	0.00126	0.2646	0.05283160285	0.0696702011	0.07041799268
28	0.00126	0.2646	0.05285622356	0.06957971777	0.06905841583
107	0.00126	0.2646	0.05297513254	0.07005205636	0.06971440752
45	0.00126	0.2646	0.05279644158	0.06939497185	0.06890007383
108	0.00126	0.2646	0.05294736073	0.0698939294	0.07110658505
130	0.00126	0.2646	0.05430574254	0.08116397274	0.1503470048
49	0.00126	0.2646	0.05303892427	0.06991229539	0.06935717655
30	0.00126	0.2646	0.05281218258	0.06928393156	0.06881124747
113	0.00126	0.2646	0.05260629333	0.06894719513	0.06901772843
95	0.00126	0.2646	0.05279429939	0.07054699983	0.08200954683
143	0.00126	0.2646	0.05266864292	0.06903080676	0.06858599911
117	0.00126	0.2646	0.05274698712	0.06917136764	0.06871315794
183	0.00126	0.2646	0.05351867029	0.07621320957	0.1219096103
146	0.00126	0.2646	0.05284796415	0.06954092332	0.06933344254
121	0.00126	0.2646	0.05290420896	0.06960867078	0.0707458597
99	0.00126	0.2646	0.05463770736	0.08326761664	0.1649853517
111	0.00126	0.2646	0.05419750656	0.08036990412	0.1485531016
58	0.00126	0.2646	0.05274487156	0.06945046536	0.07007865766
85	0.00126	0.2646	0.05262011649	0.068932754	0.06849500029
112	0.00126	0.2646	0.05268476457	0.06922592889	0.06907795763
73	0.00126	0.2646	0.05269880798	0.06921900417	0.06874515831
95	0.00126	0.2646	0.05272775378	0.06927144008	0.06879591452
63	0.00126	0.2646	0.05281369639	0.06988082202	0.07344926847
110	0.00126	0.2646	0.05287481972	0.07089838435	0.08150511983
116	0.00126	0.2646	0.05274979059	0.06970233132	0.07029974462
63	0.00126	0.2646	0.05289063313	0.06996090922	0.07154396582
66	0.00126	0.2646	0.05287051212	0.07003478441	0.07362535505
111	0.00126	0.2646	0.05301290728	0.07106052251	0.08177507585
70	0.00126	0.2646	0.05291099061	0.06973201954	0.06918536298
152	0.00126	0.2646	0.05290824297	0.06998372954	0.07114117731
60	0.00126	0.2646	0.05263904141	0.06895060919	0.06851105722
66	0.00126	0.2646	0.05266302262	0.06919117549	0.06947260121
122	0.00126	0.2646	0.05267989791	0.06922324314	0.06922090244
16	0.00126	0.2646	0.052748527	0.06937107743	0.06889307408
152	0.00126	0.2646	0.05289751786	0.07002266348	0.07168550499
160	0.00126	0.2646	0.05283758884	0.06958849078	0.06905992846
14	0.00126	0.2646	0.05275152152	0.06924633749	0.06878279813
198	0.00126	0.2646	0.05303287646	0.07011509554	0.07093559821
207	0.00126	0.2646	0.05422284181	0.0799212157	0.1416723167
165	0.00126	0.2646	0.05381777652	0.07529160825	0.1048899679
113	0.00126	0.2646	0.05286865835	0.06958400338	0.07128600691
151	0.00126	0.2646	0.05290836537	0.06959072012	0.06991886596
103	0.00126	0.2646	0.05445118722	0.08360948159	0.1719407606
39	0.00126	0.2646	0.05293168828	0.06967818956	0.06946009401
108	0.00126	0.2646	0.05288742475	0.07003204961	0.07222213268
103	0.00126	0.2646	0.05268022969	0.06909443102	0.06894374144
96	0.00126	0.2646	0.05264494694	0.06894572032	0.06850727981
120	0.00126	0.2646	0.05289812486	0.07090339208	0.08418858425
70	0.00126	0.2646	0.0530587681	0.06994035995	0.06938809569
53	0.00126	0.2646	0.05461915839	0.08382701244	0.1691387303
115	0.00126	0.2646	0.05309700376	0.07042139087	0.07577125665
43	0.00126	0.2646	0.05294166834	0.06974762727	0.06922484088
48	0.00126	0.2646	0.05291668993	0.06984235321	0.06927498805
73	0.00126	0.2646	0.05265897953	0.0690289726	0.0685825716
82	0.00126	0.2646	0.05264799679	0.06899310841	0.06854889533
63	0.00126	0.2646	0.05282826562	0.07014030288	0.07553444323
44	0.00126	0.2646	0.05264195438	0.06896626642	0.06852656432
121	0.00126	0.2646	0.05275676464	0.06960640904	0.06908476991
34	0.00126	0.2646	0.05275342131	0.069291525	0.06881163767
115	0.00126	0.2646	0.05415982513	0.08320636682	0.1686060192
87	0.00126	0.2646	0.0533796736	0.07226785103	0.08592527836
91	0.00126	0.2646	0.05339824929	0.07220250032	0.08691092358
85	0.00126	0.2646	0.05347548821	0.07351921539	0.09641380807
24	0.00126	0.2646	0.05287191426	0.07032453653	0.07903747867
23	0.00126	0.2646	0.05267944716	0.0690572894	0.06860871277
119	0.00126	0.2646	0.05294179017	0.0704880262	0.07481361896
123	0.00126	0.2646	0.05268261059	0.06916960173	0.0692863147
122	0.00126	0.2646	0.05410242933	0.08247347975	0.1676096285
107	0.00126	0.2646	0.05295791947	0.06986606293	0.06930931468
154	0.00126	0.2646	0.05288454151	0.06977807244	0.0692266339
48	0.00126	0.2646	0.05349647291	0.073459265	0.09683739856
102	0.00126	0.2646	0.05372649231	0.07178470722	0.0719245536
146	0.00126	0.2646	0.05545734452	0.09006321494	0.2178218433
156	0.00126	0.2646	0.0529892327	0.06965008511	0.06969508621
102	0.00126	0.2646	0.05287879895	0.06960926242	0.07095206274
127	0.00126	0.2646	0.05478481874	0.08694891615	0.2040840831
92	0.00126	0.2646	0.05316138722	0.07085016489	0.07806683624
86	0.00126	0.2646	0.05305692725	0.07008598017	0.06979156401
137	0.00126	0.2646	0.05427649987	0.0813781963	0.1546653465
86	0.00126	0.2646	0.0529253198	0.06942163323	0.06919288597
99	0.00126	0.2646	0.05296547181	0.06988358368	0.06932042729
124	0.00126	0.2646	0.05301392273	0.06969330903	0.06978394272
135	0.00126	0.2646	0.05430625546	0.08015924417	0.1409497978
109	0.00126	0.2646	0.0528318373	0.06935761228	0.06945532375
182	0.00126	0.2646	0.0526807287	0.06931916958	0.07150888887
147	0.00126	0.2646	0.05290020718	0.06986004966	0.06929954173
88	0.00126	0.2646	0.05302759521	0.07023368609	0.06960248742
27	0.00126	0.2646	0.05299239813	0.06990219396	0.06934277659
131	0.00126	0.2646	0.05286505941	0.06964331499	0.06960929196
74	0.00126	0.2646	0.05275404932	0.06924910557	0.06878784867
109	0.00126	0.2646	0.05280513024	0.06948684192	0.06898284214
101	0.00126	0.2646	0.05274733538	0.06931105271	0.07058839486
115	0.00126	0.2646	0.0531045388	0.07052389902	0.07017102571
76	0.00126	0.2646	0.05266675543	0.06898637843	0.06854241746
125	0.00126	0.2646	0.05269859582	0.06928376162	0.06880175265
69	0.00126	0.2646	0.05287918613	0.06981563061	0.07131661113
170	0.00126	0.2646	0.05410156245	0.08145662922	0.1579367582
89	0.00126	0.2646	0.05266007498	0.06900737817	0.06856333894
112	0.00126	0.2646	0.0526773544	0.06901179699	0.06856903142
99	0.00126	0.2646	0.05333873673	0.07349345518	0.1005261868
128	0.00126	0.2646	0.05395098429	0.07903591408	0.141449596
102	0.00126	0.2646	0.05280685994	0.06926048193	0.06879555856
91	0.00126	0.2646	0.0527988455	0.07006609522	0.07698415888
45	0.00126	0.2646	0.05260572842	0.06892282752	0.06848479317
107	0.00126	0.2646	0.05266546912	0.06909182437	0.06891037064
79	0.00126	0.2646	0.0533902482	0.07482600299	0.1099059209
112	0.00126	0.2646	0.05289840488	0.0700185449	0.071489122
193	0.00126	0.2646	0.05259065223	0.06892489359	0.06848485453
23	0.00126	0.2646	0.05256798565	0.06883573454	0.06840456392
134	0.00126	0.2646	0.05276738913	0.06939125142	0.06945400653
84	0.00126	0.2646	0.05308535292	0.0703786465	0.0697594775
129	0.00126	0.2646	0.05281194858	0.06937181904	0.06888955913
58	0.00126	0.2646	0.05279016046	0.06947623099	0.06925780845
24	0.00126	0.2646	0.05274726972	0.06965252363	0.06958596396
94	0.00126	0.2646	0.05266144819	0.06938453872	0.06886567582
206	0.00126	0.2646	0.05288425176	0.06987331677	0.06930228158
106	0.00126	0.2646	0.05286966336	0.07003948721	0.06942942591
25	0.00126	0.2646	0.052565686	0.0688610955	0.0684276423
169	0.00126	0.2646	0.05260637655	0.06909587538	0.07018486657
50	0.00126	0.2646	0.05272475912	0.06921418922	0.06949937931
124	0.00126	0.2646	0.0535889605	0.07610484482	0.1203829552
102	0.00126	0.2646	0.05361884677	0.07585322436	0.1166767776
67	0.00126	0.2646	0.05304606844	0.07032835907	0.07175883794
126	0.00126	0.2646	0.05366011469	0.07977417176	0.1437477139
103	0.00126	0.2646	0.05353333958	0.08103998654	0.1563936755
162	0.00126	0.2646	0.05262662598	0.06916139974	0.06894696418
165	0.00126	0.2646	0.05257954696	0.06893346498	0.06849311166
112	0.00126	0.2646	0.0527160132	0.06924156472	0.06877740594
56	0.00126	0.2646	0.05283217233	0.06972773959	0.07094727304
105	0.00126	0.2646	0.05277498262	0.06941519558	0.06962258919
151	0.00126	0.2646	0.05276100899	0.06946814366	0.07020541827
105	0.00126	0.2646	0.05283478201	0.06965668483	0.07063592929
55	0.00126	0.2646	0.05322364225	0.07272285104	0.08973625507
139	0.00126	0.2646	0.05278080151	0.0697037333	0.07022354461
88	0.00126	0.2646	0.05269553155	0.06954290346	0.06901245857
123	0.00126	0.2646	0.05258702116	0.06898422995	0.06930163184
51	0.00126	0.2646	0.05256960519	0.06883786042	0.0684059625
143	0.00126	0.2646	0.05277557114	0.06971877309	0.07334430023
80	0.00126	0.2646	0.05280715574	0.06948219456	0.06897925086
43	0.00126	0.2646	0.05279230943	0.06935989082	0.06888303226
117	0.00126	0.2646	0.05296706228	0.07023544895	0.07134363696
26	0.00126	0.2646	0.05291885074	0.0697640234	0.06995322196
133	0.00126	0.2646	0.05303700868	0.07028299739	0.0696328434
112	0.00126	0.2646	0.05269341812	0.06909603539	0.06890909025
87	0.00126	0.2646	0.05271075934	0.06922732847	0.06960859153
85	0.00126	0.2646	0.05290126176	0.06986612814	0.06931096514
149	0.00126	0.2646	0.05268664258	0.06927728003	0.07123429019
68	0.00126	0.2646	0.05262636412	0.06899368207	0.06855206169
138	0.00126	0.2646	0.05271581057	0.06923636968	0.06997117819
65	0.00126	0.2646	0.05295285782	0.0698518573	0.06929026228
111	0.00126	0.2646	0.05315896448	0.07031887921	0.06972651518
121	0.00126	0.2646	0.05413473793	0.07959811565	0.1413145116
61	0.00126	0.2646	0.05286490783	0.06937069172	0.0688954968
80	0.00126	0.2646	0.05270290608	0.06946453925	0.07279058785
131	0.00126	0.2646	0.05267180547	0.06906460848	0.06891483117
80	0.00126	0.2646	0.05276413444	0.06939499778	0.06922564602
120	0.00126	0.2646	0.05265029753	0.06903480564	0.06884328747
95	0.00126	0.2646	0.0526349028	0.06898531478	0.06854292196
84	0.00126	0.2646	0.05271977918	0.06943715815	0.0719968434
47	0.00126	0.2646	0.05298267861	0.07028247464	0.07017080827
235	0.00126	0.2646	0.05310906901	0.06980396896	0.06929117642
131	0.00126	0.2646	0.05486555974	0.08286206352	0.153073717
182	0.00126	0.2646	0.05308714481	0.06975038442	0.06923635329
56	0.00126	0.2646	0.05293546155	0.06977485786	0.06921504416
75	0.00126	0.2646	0.05295023756	0.07012570499	0.07153245541
125	0.00126	0.2646	0.05273203992	0.06914964878	0.06869413578
99	0.00126	0.2646	0.05284550996	0.07064079526	0.082224968
145	0.00126	0.2646	0.05289556797	0.06976443353	0.0695343639
124	0.00126	0.2646	0.05286576851	0.06963232579	0.06986930979
137	0.00126	0.2646	0.05278970634	0.06920863534	0.06901972629
106	0.00126	0.2646	0.05349372062	0.0708275765	0.07016744225
196	0.00126	0.2646	0.05718775234	0.1034581294	0.3112425362
73	0.00126	0.2646	0.05356634859	0.07102759338	0.07034504638
58	0.00126	0.2646	0.05276863911	0.06916823456	0.0689863876
124	0.00126	0.2646	0.05270303252	0.0691588752	0.06916375232
114	0.00126	0.2646	0.05292287267	0.06985398928	0.06929442321
55	0.00126	0.2646	0.05313332332	0.07058888659	0.07096286887
140	0.00126	0.2646	0.05338665508	0.07075868969	0.0711317946
106	0.00126	0.2646	0.05412647118	0.07761343673	0.1216888009
134	0.00126	0.2646	0.05307162792	0.06980903977	0.07044418738
228	0.00126	0.2646	0.05442548862	0.08278905948	0.1664086506
151	0.00126	0.2646	0.05343464556	0.07119792401	0.07152026446
86	0.00126	0.2646	0.05306052107	0.07012041437	0.07010630913
78	0.00126	0.2646	0.05273548611	0.0696742225	0.07473450956
61	0.00126	0.2646	0.05264133929	0.06907380743	0.06947732413
101	0.00126	0.2646	0.05283375103	0.06932146624	0.06883838695
116	0.00126	0.2646	0.05440367659	0.08246605758	0.1627133223
118	0.00126	0.2646	0.05447658518	0.08209115111	0.1597822236
88	0.00126	0.2646	0.0530779117	0.06988731446	0.06935968166
95	0.00126	0.2646	0.05282014234	0.06946266207	0.0698694502
67	0.00126	0.2646	0.05290045089	0.06976165257	0.06946567738
36	0.00126	0.2646	0.05279545254	0.06925301755	0.06878757836
120	0.00126	0.2646	0.05352137377	0.07626316353	0.1237027488
61	0.00126	0.2646	0.05271370451	0.06911566127	0.06866064833
120	0.00126	0.2646	0.05274861043	0.06953975413	0.07047637466
112	0.00126	0.2646	0.05273196649	0.06926040189	0.07023117316
75	0.00126	0.2646	0.05324796743	0.07082617735	0.07188786846
16	0.00126	0.2646	0.05286132765	0.06967852654	0.06914778555
129	0.00126	0.2646	0.05274970368	0.06912321416	0.06866959329
132	0.00126	0.2646	0.05349037406	0.07506935051	0.1119847052
125	0.00126	0.2646	0.0532804881	0.07106144004	0.07268033358
149	0.00126	0.2646	0.05275520111	0.06926971564	0.07031317574
111	0.00126	0.2646	0.0527578471	0.06951065283	0.0699955347
140	0.00126	0.2646	0.05265431732	0.06909586826	0.06864100205
123	0.00126	0.2646	0.05260067033	0.06892669073	0.06848917049
129	0.00126	0.2646	0.05269867199	0.06934546792	0.06979378438
33	0.00126	0.2646	0.05287722324	0.07007501855	0.0694763819
124	0.00126	0.2646	0.05278037808	0.0704398949	0.08010938262
44	0.00126	0.2646	0.05263528617	0.06897420295	0.0685315349
156	0.00126	0.2646	0.05301512508	0.07017324895	0.07069321084
154	0.00126	0.2646	0.05427530089	0.08122024549	0.1541163596
37	0.00126	0.2646	0.05299530288	0.06986837466	0.07084628726
104	0.00126	0.2646	0.05292609086	0.06986698744	0.06958034273
72	0.00126	0.2646	0.05329334161	0.07352985978	0.1000497997
63	0.00126	0.2646	0.05265971283	0.06902215081	0.0685754935
119	0.00126	0.2646	0.05270776353	0.06938073614	0.06973947215
77	0.00126	0.2646	0.05391521912	0.08271067203	0.1680674052
109	0.00126	0.2646	0.05265063766	0.06914618296	0.06868472708
77	0.00126	0.2646	0.05267770652	0.06921452002	0.06874459795
27	0.00126	0.2646	0.05266803502	0.06900900602	0.06856493881
112	0.00126	0.2646	0.05304798984	0.07010450297	0.06953119268
145	0.00126	0.2646	0.05370350586	0.07539563905	0.1121220423
150	0.00126	0.2646	0.05424439471	0.07905414939	0.1338266688
200	0.00126	0.2646	0.05451397491	0.08260991504	0.161350301
85	0.00126	0.2646	0.05287624826	0.06981373577	0.06925385673
115	0.00126	0.2646	0.0525818567	0.06888473545	0.06844873206
68	0.00126	0.2646	0.05264234016	0.06938693395	0.06886204128
114	0.00126	0.2646	0.05316262576	0.07281916885	0.0958292903
53	0.00126	0.2646	0.0527160547	0.06916381542	0.06870737539
88	0.00126	0.2646	0.05262571364	0.06905225365	0.06970448618
93	0.00126	0.2646	0.05272586114	0.06920589089	0.06928694632
105	0.00126	0.2646	0.05309418735	0.07015022779	0.06981712007
61	0.00126	0.2646	0.05453648664	0.08328297377	0.1681008333
135	0.00126	0.2646	0.05313298883	0.07062644072	0.07427440776
75	0.00126	0.2646	0.05292644557	0.07098475142	0.08321181869
79	0.00126	0.2646	0.05265032415	0.06899967081	0.06855588387
68	0.00126	0.2646	0.0526468241	0.06899624486	0.06855111083
1
