155	0.00126	0.2646	0.0890975	0.144464	0.401034	897.827	
60	0.00126	0.2646	0.084641	0.113629	0.19994	923.125	
101	0.00126	0.2646	0.0850994	0.120984	0.264091	915.669	
107	0.00126	0.2646	0.0882796	0.137746	0.352597	903.644	
91	0.00126	0.2646	0.0862305	0.122669	0.255911	916.096	
145	0.00126	0.2646	0.0870769	0.134374	0.343415	905.112	
18	0.00126	0.2646	0.0823089	0.0994707	0.104029	935.224	
25	0.00126	0.2646	0.0821384	0.0993922	0.104837	935.248	
167	0.00126	0.2646	0.0868636	0.140163	0.408937	896.879	
64	0.00126	0.2646	0.0850725	0.113802	0.190214	924.581	
70	0.00126	0.2646	0.0839304	0.115825	0.22941	919.153	
118	0.00126	0.2646	0.0853547	0.122991	0.268533	914.347	
82	0.00126	0.2646	0.0844471	0.116744	0.232242	918.978	
137	0.00126	0.2646	0.0868642	0.131227	0.322818	907.272	
128	0.00126	0.2646	0.0865097	0.130008	0.317906	908.14	
77	0.00126	0.2646	0.0847456	0.118527	0.242298	917.791	
85	0.00126	0.2646	0.0846423	0.119645	0.251308	916.574	
68	0.00126	0.2646	0.0826306	0.105982	0.157372	928.591	
50	0.00126	0.2646	0.0821209	0.104377	0.147966	929.826	
18	0.00126	0.2646	0.081215	0.0967456	0.0977051	936.031	
78	0.00126	0.2646	0.084913	0.118793	0.238381	918.17	
84	0.00126	0.2646	0.0846954	0.1138	0.193455	923.764	
100	0.00126	0.2646	0.0848558	0.120642	0.265019	914.714	
65	0.00126	0.2646	0.0852293	0.114072	0.176681	925.914	
32	0.00126	0.2646	0.082838	0.100804	0.108216	934.647	
76	0.00126	0.2646	0.0849686	0.118275	0.236614	918.539	
200	0.00126	0.2646	0.0893637	0.1508	0.458414	890.708	
115	0.00126	0.2646	0.085835	0.126424	0.295932	911.199	
49	0.00126	0.2646	0.0823377	0.102274	0.132665	931.815	
162	0.00126	0.2646	0.0853458	0.126783	0.305086	909.917	
164	0.00126	0.2646	0.0893114	0.143724	0.399131	897.982	
157	0.00126	0.2646	0.0892596	0.140363	0.367706	901.939	
101	0.00126	0.2646	0.0876613	0.129438	0.29405	912.257	
190	0.00126	0.2646	0.0900673	0.152761	0.474278	888.317	
130	0.00126	0.2646	0.0867299	0.127693	0.298644	910.707	
132	0.00126	0.2646	0.0870664	0.130576	0.310413	909.345	
120	0.00126	0.2646	0.0864525	0.126403	0.286346	912.404	
150	0.00126	0.2646	0.0885875	0.148125	0.44582	892.299	
33	0.00126	0.2646	0.082368	0.0996879	0.111473	934.543	
114	0.00126	0.2646	0.0870091	0.13419	0.347747	904.87	
127	0.00126	0.2646	0.0906687	0.149473	0.431326	894.361	
175	0.00126	0.2646	0.0921256	0.160805	0.513246	883.671	
176	0.00126	0.2646	0.0899311	0.146245	0.414248	896.179	
90	0.00126	0.2646	0.0862623	0.119512	0.221962	920.822	
96	0.00126	0.2646	0.086116	0.124168	0.266242	914.766	
112	0.00126	0.2646	0.0855578	0.126544	0.304561	909.89	
81	0.00126	0.2646	0.0841281	0.115698	0.225302	919.96	
88	0.00126	0.2646	0.0843347	0.116285	0.224432	920.071	
120	0.00126	0.2646	0.0847323	0.119564	0.257332	915.987	
146	0.00126	0.2646	0.0881935	0.136697	0.349373	904.393	
112	0.00126	0.2646	0.0883937	0.133288	0.310265	909.222	
121	0.00126	0.2646	0.0871605	0.131566	0.32747	906.993	
88	0.00126	0.2646	0.0863653	0.125209	0.272279	913.921	
109	0.00126	0.2646	0.0854325	0.125273	0.297767	910.59	
100	0.00126	0.2646	0.0855031	0.129401	0.32944	906.596	
24	0.00126	0.2646	0.0817744	0.0992368	0.111225	934.305	
91	0.00126	0.2646	0.0835252	0.111657	0.198819	923.781	
139	0.00126	0.2646	0.0876323	0.138779	0.374648	901.122	
70	0.00126	0.2646	0.0856687	0.119791	0.240428	918.146	
130	0.00126	0.2646	0.0887389	0.141061	0.383501	900.022	
175	0.00126	0.2646	0.088242	0.14321	0.412128	896.215	
19	0.00126	0.2646	0.0831331	0.100177	0.0959101	936.491	
125	0.00126	0.2646	0.0871088	0.137982	0.378072	900.435	
94	0.00126	0.2646	0.0828738	0.106974	0.163771	927.612	
57	0.00126	0.2646	0.0817646	0.100276	0.121672	932.996	
118	0.00126	0.2646	0.0855518	0.126231	0.296001	911.315	
87	0.00126	0.2646	0.0864792	0.128524	0.299966	910.544	
118	0.00126	0.2646	0.0855104	0.123749	0.277273	913.391	
65	0.00126	0.2646	0.083989	0.109969	0.172718	926.67	
108	0.00126	0.2646	0.0863114	0.127123	0.294878	911.165	
74	0.00126	0.2646	0.0846867	0.112299	0.177078	926.017	
124	0.00126	0.2646	0.0870102	0.135832	0.366125	902.226	
122	0.00126	0.2646	0.0864916	0.130863	0.324532	907.32	
70	0.00126	0.2646	0.0838807	0.113077	0.203653	922.516	
70	0.00126	0.2646	0.0828867	0.107385	0.174752	926.293	
155	0.00126	0.2646	0.0883323	0.146441	0.438561	892.941	
111	0.00126	0.2646	0.0865766	0.130403	0.319117	908.038	
32	0.00126	0.2646	0.0824796	0.102932	0.135193	931.357	
99	0.00126	0.2646	0.0840581	0.11779	0.244267	917.484	
52	0.00126	0.2646	0.0835439	0.110071	0.182922	925.258	
206	0.00126	0.2646	0.0909267	0.15397	0.465368	889.861	
138	0.00126	0.2646	0.0895257	0.149688	0.447694	892.085	
51	0.00126	0.2646	0.0832358	0.101704	0.115394	933.85	
130	0.00126	0.2646	0.0878685	0.13795	0.365704	902.082	
157	0.00126	0.2646	0.0875057	0.135595	0.350805	904.197	
49	0.00126	0.2646	0.0838569	0.104199	0.115582	933.928	
62	0.00126	0.2646	0.0845584	0.113593	0.193367	923.891	
78	0.00126	0.2646	0.0848532	0.124462	0.295787	910.927	
28	0.00126	0.2646	0.082278	0.100896	0.124124	932.82	
131	0.00126	0.2646	0.0883285	0.141459	0.392204	898.981	
202	0.00126	0.2646	0.0926959	0.166513	0.550955	879.026	
133	0.00126	0.2646	0.0888758	0.143381	0.406615	897.223	
73	0.00126	0.2646	0.0850546	0.11365	0.197882	923.407	
156	0.00126	0.2646	0.0906563	0.152414	0.45313	891.126	
212	0.00126	0.2646	0.0907344	0.156675	0.498134	885.723	
148	0.00126	0.2646	0.0861126	0.126038	0.294727	911.12	
61	0.00126	0.2646	0.0838079	0.108921	0.17116	926.676	
127	0.00126	0.2646	0.0871737	0.140151	0.398682	898.031	
50	0.00126	0.2646	0.0832207	0.10498	0.143444	930.541	
120	0.00126	0.2646	0.0881968	0.138139	0.367273	902.131	
142	0.00126	0.2646	0.0868449	0.131325	0.326414	907.229	
72	0.00126	0.2646	0.0845085	0.113861	0.203696	922.668	
86	0.00126	0.2646	0.0861746	0.124309	0.268326	914.401	
167	0.00126	0.2646	0.0882935	0.14122	0.392418	898.672	
94	0.00126	0.2646	0.0862379	0.125046	0.28044	912.994	
189	0.00126	0.2646	0.0879784	0.138487	0.375699	901.098	
134	0.00126	0.2646	0.08923	0.146644	0.425688	894.641	
100	0.00126	0.2646	0.0866984	0.131578	0.329893	906.807	
35	0.00126	0.2646	0.0832447	0.102942	0.12143	933.461	
195	0.00126	0.2646	0.0897997	0.156977	0.513526	883.833	
35	0.00126	0.2646	0.0819739	0.099723	0.118263	933.399	
138	0.00126	0.2646	0.0881915	0.143152	0.404045	897.266	
112	0.00126	0.2646	0.0851306	0.118847	0.241928	917.725	
79	0.00126	0.2646	0.0851968	0.117111	0.215581	921.004	
142	0.00126	0.2646	0.0864273	0.130553	0.321205	907.75	
62	0.00126	0.2646	0.0835843	0.108916	0.176158	926.146	
56	0.00126	0.2646	0.0858662	0.121732	0.242049	917.814	
81	0.00126	0.2646	0.0855849	0.124872	0.289322	911.949	
167	0.00126	0.2646	0.0868819	0.138863	0.393713	898.862	
52	0.00126	0.2646	0.0831675	0.108169	0.167221	927.349	
67	0.00126	0.2646	0.0839347	0.111955	0.202419	922.763	
203	0.00126	0.2646	0.0919417	0.16675	0.558294	877.943	
72	0.00126	0.2646	0.0847375	0.108619	0.155657	928.827	
161	0.00126	0.2646	0.090424	0.159898	0.531895	880.96	
107	0.00126	0.2646	0.0867426	0.132073	0.33641	905.817	
15	0.00126	0.2646	0.0830869	0.100648	0.103954	935.431	
161	0.00126	0.2646	0.0892862	0.150987	0.462	890	
65	0.00126	0.2646	0.0849202	0.116577	0.22153	920.635	
112	0.00126	0.2646	0.0861739	0.132155	0.33927	905.723	
76	0.00126	0.2646	0.0836687	0.113669	0.215405	921.277	
52	0.00126	0.2646	0.0844181	0.110123	0.168823	927.061	
161	0.00126	0.2646	0.0899679	0.147608	0.418166	895.579	
170	0.00126	0.2646	0.0884844	0.141496	0.39884	898.022	
92	0.00126	0.2646	0.085859	0.1182	0.212525	921.496	
50	0.00126	0.2646	0.0846575	0.111073	0.17723	925.989	
214	0.00126	0.2646	0.0912951	0.167864	0.590816	874.033	
56	0.00126	0.2646	0.0853464	0.116248	0.207012	922.299	
85	0.00126	0.2646	0.0835604	0.112169	0.201939	922.959	
87	0.00126	0.2646	0.0835951	0.116475	0.243571	917.642	
90	0.00126	0.2646	0.0839378	0.114561	0.215344	921.228	
50	0.00126	0.2646	0.0843673	0.110452	0.169449	926.861	
63	0.00126	0.2646	0.0850868	0.114439	0.194293	923.788	
119	0.00126	0.2646	0.0859637	0.122203	0.251387	916.639	
112	0.00126	0.2646	0.0865135	0.127861	0.300638	910.315	
132	0.00126	0.2646	0.087525	0.13682	0.364305	902.314	
66	0.00126	0.2646	0.0844887	0.111892	0.181161	925.599	
145	0.00126	0.2646	0.0860052	0.128538	0.31021	909.18	
62	0.00126	0.2646	0.0831558	0.109201	0.181253	925.514	
16	0.00126	0.2646	0.0819445	0.100024	0.11498	933.936	
82	0.00126	0.2646	0.0841677	0.115134	0.21755	920.811	
198	0.00126	0.2646	0.0910993	0.160052	0.517469	883.119	
31	0.00126	0.2646	0.0831826	0.101296	0.111326	934.429	
142	0.00126	0.2646	0.0853328	0.126692	0.306029	909.536	
14	0.00126	0.2646	0.0820959	0.0991032	0.104945	935.098	
102	0.00126	0.2646	0.084826	0.12055	0.249205	916.819	
32	0.00126	0.2646	0.0822846	0.102289	0.137221	930.904	
80	0.00126	0.2646	0.0849184	0.118091	0.232595	918.979	
132	0.00126	0.2646	0.0882949	0.139146	0.369747	901.869	
141	0.00126	0.2646	0.0889518	0.14429	0.412421	896.497	
75	0.00126	0.2646	0.0881731	0.132538	0.313987	908.907	
109	0.00126	0.2646	0.0884044	0.137065	0.347202	904.576	
174	0.00126	0.2646	0.0866661	0.136136	0.38063	900.3	
62	0.00126	0.2646	0.0833028	0.107495	0.158118	928.322	
124	0.00126	0.2646	0.0833447	0.117274	0.255867	915.875	
30	0.00126	0.2646	0.0816505	0.0985798	0.108181	934.687	
88	0.00126	0.2646	0.0851549	0.12058	0.250252	916.72	
147	0.00126	0.2646	0.0880468	0.140577	0.387104	900.048	
57	0.00126	0.2646	0.0849291	0.114892	0.20732	922.305	
117	0.00126	0.2646	0.0880237	0.139566	0.379399	900.594	
157	0.00126	0.2646	0.088493	0.141385	0.395075	898.642	
126	0.00126	0.2646	0.0866521	0.130667	0.314892	908.605	
38	0.00126	0.2646	0.0825152	0.102996	0.135515	931.412	
52	0.00126	0.2646	0.0832799	0.108936	0.167882	927.287	
59	0.00126	0.2646	0.0816074	0.101307	0.131745	931.59	
45	0.00126	0.2646	0.0811361	0.099018	0.124513	932.612	
66	0.00126	0.2646	0.085225	0.120107	0.237911	918.298	
142	0.00126	0.2646	0.0874779	0.136712	0.357705	903.178	
95	0.00126	0.2646	0.0839073	0.114331	0.223903	920.093	
160	0.00126	0.2646	0.0859402	0.13068	0.331309	906.66	
100	0.00126	0.2646	0.0849588	0.117457	0.226111	919.943	
81	0.00126	0.2646	0.0846332	0.11539	0.211029	921.661	
77	0.00126	0.2646	0.0831115	0.106701	0.163482	927.877	
179	0.00126	0.2646	0.0883727	0.147004	0.440988	892.552	
81	0.00126	0.2646	0.0850235	0.119948	0.248805	916.858	
81	0.00126	0.2646	0.0832115	0.109898	0.192871	924.03	
140	0.00126	0.2646	0.0878915	0.14531	0.440519	892.636	
150	0.00126	0.2646	0.0869459	0.132956	0.333248	906.244	
15	0.00126	0.2646	0.0820126	0.099424	0.109166	934.587	
61	0.00126	0.2646	0.0820413	0.102927	0.143235	930.413	
146	0.00126	0.2646	0.0867598	0.136475	0.369514	901.757	
15	0.00126	0.2646	0.0828203	0.100492	0.101981	935.526	
69	0.00126	0.2646	0.0836811	0.110279	0.186026	924.944	
110	0.00126	0.2646	0.0887382	0.144767	0.41134	896.311	
106	0.00126	0.2646	0.0863023	0.125513	0.276936	913.336	
32	0.00126	0.2646	0.0826567	0.101707	0.119149	933.367	
27	0.00126	0.2646	0.0831718	0.103083	0.119282	933.392	
126	0.00126	0.2646	0.0878681	0.140924	0.394454	898.456	
85	0.00126	0.2646	0.085635	0.121545	0.250924	916.77	
106	0.00126	0.2646	0.0848657	0.124463	0.301789	910.402	
95	0.00126	0.2646	0.0853571	0.120728	0.241559	918.169	
146	0.00126	0.2646	0.0865955	0.133088	0.347127	904.657	
85	0.00126	0.2646	0.0864979	0.128708	0.307876	909.591	
145	0.00126	0.2646	0.0882339	0.140163	0.380586	900.177	
93	0.00126	0.2646	0.0847805	0.115	0.208731	922.003	
98	0.00126	0.2646	0.0860605	0.12656	0.293146	911.34	
129	0.00126	0.2646	0.0868908	0.13014	0.312597	909.058	
141	0.00126	0.2646	0.0885416	0.139886	0.373652	901.279	
106	0.00126	0.2646	0.0876849	0.138312	0.372851	901.314	
51	0.00126	0.2646	0.0826631	0.103586	0.142935	930.53	
111	0.00126	0.2646	0.0851813	0.120448	0.24442	917.712	
21	0.00126	0.2646	0.0820424	0.0984751	0.101513	935.655	
77	0.00126	0.2646	0.0846233	0.117019	0.226387	919.713	
111	0.00126	0.2646	0.0859617	0.126403	0.285973	912.138	
63	0.00126	0.2646	0.082751	0.105515	0.160528	927.862	
110	0.00126	0.2646	0.0845514	0.116933	0.224756	919.908	
78	0.00126	0.2646	0.0848169	0.116626	0.223475	920.295	
213	0.00126	0.2646	0.0891988	0.149445	0.447383	891.926	
39	0.00126	0.2646	0.0833856	0.106469	0.152826	929.196	
78	0.00126	0.2646	0.0832361	0.10849	0.172802	926.729	
123	0.00126	0.2646	0.0865159	0.1359	0.368504	901.854	
91	0.00126	0.2646	0.0840535	0.112507	0.197172	923.543	
158	0.00126	0.2646	0.0877696	0.13817	0.366282	902.106	
94	0.00126	0.2646	0.0847591	0.117698	0.236864	918.332	
60	0.00126	0.2646	0.0840827	0.112107	0.190037	924.221	
92	0.00126	0.2646	0.0853851	0.124953	0.28637	912.037	
83	0.00126	0.2646	0.0840373	0.117339	0.250202	916.675	
60	0.00126	0.2646	0.0848395	0.114766	0.196128	923.575	
126	0.00126	0.2646	0.0854182	0.125396	0.295935	911.087	
112	0.00126	0.2646	0.0852802	0.123988	0.281219	912.969	
98	0.00126	0.2646	0.0837705	0.110716	0.181031	925.655	
213	0.00126	0.2646	0.0897592	0.15536	0.502312	885.053	
112	0.00126	0.2646	0.0875204	0.132787	0.321394	907.834	
54	0.00126	0.2646	0.0833623	0.104878	0.140021	930.707	
128	0.00126	0.2646	0.0863747	0.130941	0.32457	907.233	
83	0.00126	0.2646	0.0838927	0.111505	0.193416	923.795	
50	0.00126	0.2646	0.08413	0.109833	0.162509	928.006	
143	0.00126	0.2646	0.0861987	0.129613	0.316868	908.206	
41	0.00126	0.2646	0.0822573	0.102472	0.13684	931.164	
63	0.00126	0.2646	0.0832501	0.108051	0.164171	927.759	
91	0.00126	0.2646	0.0859435	0.126947	0.300778	910.463	
103	0.00126	0.2646	0.0863224	0.125995	0.281584	912.861	
152	0.00126	0.2646	0.0881452	0.143862	0.421666	895.12	
86	0.00126	0.2646	0.0855868	0.120827	0.255057	916.18	
198	0.00126	0.2646	0.089726	0.15168	0.465336	889.756	
114	0.00126	0.2646	0.0885924	0.135563	0.327452	907.168	
111	0.00126	0.2646	0.0868015	0.128079	0.302697	910.169	
149	0.00126	0.2646	0.0885937	0.14271	0.395655	898.425	
48	0.00126	0.2646	0.0836395	0.108991	0.173233	926.61	
97	0.00126	0.2646	0.0839132	0.114626	0.220966	920.532	
68	0.00126	0.2646	0.0849727	0.119067	0.240169	918.059	
126	0.00126	0.2646	0.0876209	0.135629	0.348531	905.385	
93	0.00126	0.2646	0.0845165	0.117247	0.236627	918.598	
94	0.00126	0.2646	0.085066	0.11939	0.239451	918.16	
69	0.00126	0.2646	0.085921	0.122957	0.267989	914.576	
199	0.00126	0.2646	0.0919342	0.164255	0.540054	880.354	
129	0.00126	0.2646	0.0871757	0.128332	0.297172	910.923	
80	0.00126	0.2646	0.0866526	0.124779	0.270939	914.151	
187	0.00126	0.2646	0.0906494	0.158678	0.514733	883.612	
109	0.00126	0.2646	0.0870353	0.126446	0.277334	913.586	
145	0.00126	0.2646	0.0883162	0.139192	0.371998	901.954	
49	0.00126	0.2646	0.0836016	0.107527	0.147695	929.761	
103	0.00126	0.2646	0.0840859	0.115417	0.223986	920.301	
146	0.00126	0.2646	0.0868578	0.133762	0.343732	904.918	
78	0.00126	0.2646	0.0853461	0.118044	0.22938	919.565	
165	0.00126	0.2646	0.0904983	0.153406	0.466438	889.697	
154	0.00126	0.2646	0.0910236	0.154179	0.462446	890.141	
91	0.00126	0.2646	0.0866417	0.123919	0.260012	915.592	
95	0.00126	0.2646	0.0853405	0.119419	0.237949	918.347	
108	0.00126	0.2646	0.0844954	0.117019	0.230289	919.258	
25	0.00126	0.2646	0.0820137	0.0984896	0.101197	935.656	
179	0.00126	0.2646	0.0901857	0.162156	0.550525	878.935	
43	0.00126	0.2646	0.0832308	0.106136	0.163022	928.08	
163	0.00126	0.2646	0.0897705	0.153866	0.476618	888.127	
86	0.00126	0.2646	0.0859849	0.126144	0.291998	911.567	
100	0.00126	0.2646	0.0845768	0.118559	0.247264	917.237	
113	0.00126	0.2646	0.0865106	0.131108	0.326448	906.96	
104	0.00126	0.2646	0.0846998	0.117027	0.228818	919.361	
79	0.00126	0.2646	0.0836713	0.110663	0.183626	925.156	
69	0.00126	0.2646	0.0833312	0.109922	0.182196	925.418	
89	0.00126	0.2646	0.0844526	0.118548	0.252241	916.594	
134	0.00126	0.2646	0.0859587	0.131097	0.326401	907.229	
27	0.00126	0.2646	0.0814181	0.0971146	0.106344	935.113	
96	0.00126	0.2646	0.0860546	0.124859	0.265311	914.696	
104	0.00126	0.2646	0.0851472	0.125177	0.295219	910.999	
64	0.00126	0.2646	0.0816614	0.100248	0.123491	932.841	
42	0.00126	0.2646	0.0830502	0.106904	0.154673	928.764	
75	0.00126	0.2646	0.0846933	0.117514	0.233125	918.728	
138	0.00126	0.2646	0.0865054	0.131986	0.330153	906.662	
43	0.00126	0.2646	0.0820937	0.103312	0.147858	929.758	
55	0.00126	0.2646	0.0821877	0.102763	0.136146	931.276	
133	0.00126	0.2646	0.085616	0.128365	0.315057	908.66	
65	0.00126	0.2646	0.084166	0.113748	0.210337	921.971	
122	0.00126	0.2646	0.0881718	0.140129	0.374178	900.943	
62	0.00126	0.2646	0.0836557	0.109663	0.180691	925.474	
104	0.00126	0.2646	0.0846712	0.122129	0.278246	913.182	
139	0.00126	0.2646	0.0860121	0.130918	0.336523	905.827	
50	0.00126	0.2646	0.084027	0.105881	0.13428	931.425	
168	0.00126	0.2646	0.0884984	0.144488	0.410268	896.628	
57	0.00126	0.2646	0.0824942	0.104133	0.150825	929.505	
76	0.00126	0.2646	0.083729	0.114624	0.220984	920.51	
41	0.00126	0.2646	0.0826344	0.101403	0.116931	933.799	
108	0.00126	0.2646	0.0870572	0.136828	0.371921	901.471	
69	0.00126	0.2646	0.0866083	0.122127	0.237082	918.332	
144	0.00126	0.2646	0.0878946	0.139969	0.393647	898.592	
115	0.00126	0.2646	0.0869656	0.13069	0.312484	909.719	
77	0.00126	0.2646	0.0843614	0.115003	0.21845	920.856	
100	0.00126	0.2646	0.0852813	0.11864	0.227831	919.58	
102	0.00126	0.2646	0.0856436	0.120143	0.239575	918.387	
169	0.00126	0.2646	0.0880124	0.144529	0.428954	894.392	
108	0.00126	0.2646	0.0845993	0.115756	0.21468	921.431	
112	0.00126	0.2646	0.0875073	0.139273	0.387357	899.781	
17	0.00126	0.2646	0.0827661	0.0995997	0.101721	935.683	
181	0.00126	0.2646	0.0887497	0.149305	0.455495	890.653	
71	0.00126	0.2646	0.0836515	0.106141	0.149427	929.446	
149	0.00126	0.2646	0.0869908	0.131416	0.316527	908.398	
105	0.00126	0.2646	0.0866468	0.131382	0.333886	906.719	
142	0.00126	0.2646	0.0881489	0.142121	0.398666	898.387	
44	0.00126	0.2646	0.0836397	0.109944	0.186047	924.879	
63	0.00126	0.2646	0.0848611	0.11753	0.230146	919.44	
136	0.00126	0.2646	0.08803	0.137788	0.358171	903.375	
103	0.00126	0.2646	0.085567	0.125068	0.288081	911.969	
81	0.00126	0.2646	0.0834592	0.110207	0.190895	924.23	
144	0.00126	0.2646	0.0868294	0.133044	0.331912	907.613	
58	0.00126	0.2646	0.0847682	0.115122	0.209231	921.832	
175	0.00126	0.2646	0.0861316	0.13079	0.329648	906.765	
15	0.00126	0.2646	0.0820787	0.0979704	0.0959032	936.396	
153	0.00126	0.2646	0.0859269	0.124984	0.276909	913.409	
141	0.00126	0.2646	0.0873685	0.135374	0.354697	903.83	
130	0.00126	0.2646	0.0878285	0.134163	0.329667	907	
113	0.00126	0.2646	0.0872494	0.133862	0.342257	905.283	
39	0.00126	0.2646	0.0822799	0.101222	0.120087	933.192	
104	0.00126	0.2646	0.0827559	0.109238	0.188379	924.475	
86	0.00126	0.2646	0.0839743	0.115509	0.224238	919.958	
147	0.00126	0.2646	0.0851841	0.123487	0.278481	913.576	
54	0.00126	0.2646	0.0836356	0.107735	0.157744	928.691	
169	0.00126	0.2646	0.0870893	0.138967	0.397153	898.164	
123	0.00126	0.2646	0.0866294	0.127177	0.286184	912.229	
83	0.00126	0.2646	0.0856242	0.120214	0.246363	917.477	
246	0.00126	0.2646	0.0905013	0.157467	0.49864	887.122	
103	0.00126	0.2646	0.0858833	0.123843	0.269522	914.967	
68	0.00126	0.2646	0.0830017	0.108889	0.180635	925.458	
29	0.00126	0.2646	0.0813371	0.0975768	0.102867	935.363	
125	0.00126	0.2646	0.0837067	0.115126	0.222545	920.202	
43	0.00126	0.2646	0.0835578	0.105457	0.139191	930.847	
182	0.00126	0.2646	0.0902495	0.156605	0.500851	885.135	
80	0.00126	0.2646	0.0868468	0.126114	0.281524	912.887	
168	0.00126	0.2646	0.0892011	0.144726	0.40304	897.568	
79	0.00126	0.2646	0.0849598	0.117535	0.237132	918.526	
138	0.00126	0.2646	0.0871305	0.133398	0.334575	906.869	
100	0.00126	0.2646	0.0858541	0.125452	0.283294	913.018	
62	0.00126	0.2646	0.0847819	0.118088	0.234804	918.776	
46	0.00126	0.2646	0.081904	0.101316	0.131615	931.849	
127	0.00126	0.2646	0.0856187	0.13102	0.34018	905.277	
98	0.00126	0.2646	0.0837148	0.111553	0.197053	923.504	
88	0.00126	0.2646	0.0859774	0.122328	0.246261	917.295	
44	0.00126	0.2646	0.0844496	0.108711	0.153829	928.919	
76	0.00126	0.2646	0.0859385	0.121867	0.249328	916.785	
77	0.00126	0.2646	0.0855925	0.119383	0.23624	918.68	
164	0.00126	0.2646	0.0888151	0.142027	0.390853	899.165	
194	0.00126	0.2646	0.0900891	0.1562	0.502615	885.417	
158	0.00126	0.2646	0.0853202	0.130631	0.345252	904.689	
102	0.00126	0.2646	0.0832708	0.113573	0.224049	920.222	
79	0.00126	0.2646	0.0847109	0.116214	0.212547	921.544	
146	0.00126	0.2646	0.0861379	0.126501	0.292072	911.673	
147	0.00126	0.2646	0.0882174	0.137393	0.362865	902.682	
238	0.00126	0.2646	0.0922628	0.163957	0.537541	880.685	
160	0.00126	0.2646	0.0893397	0.144975	0.418099	895.607	
125	0.00126	0.2646	0.0878314	0.135594	0.348978	904.402	
87	0.00126	0.2646	0.0860549	0.123098	0.255603	916.153	
11	0.00126	0.2646	0.0824253	0.0991392	0.0988658	936.04	
12	0.00126	0.2646	0.0816296	0.0978081	0.0941136	936.677	
77	0.00126	0.2646	0.0828732	0.108262	0.179899	925.934	
170	0.00126	0.2646	0.0895127	0.151101	0.455796	890.784	
118	0.00126	0.2646	0.0870303	0.134458	0.349701	904.329	
55	0.00126	0.2646	0.0827488	0.103857	0.142012	930.5	
77	0.00126	0.2646	0.0846317	0.112925	0.182215	925.29	
86	0.00126	0.2646	0.0847559	0.113475	0.195833	923.608	
141	0.00126	0.2646	0.0883206	0.139257	0.370905	901.597	
138	0.00126	0.2646	0.0884299	0.14384	0.414498	896.498	
96	0.00126	0.2646	0.0837658	0.112788	0.205033	922.599	
84	0.00126	0.2646	0.0827907	0.109605	0.188862	924.629	
72	0.00126	0.2646	0.0824322	0.106176	0.168744	927.228	
121	0.00126	0.2646	0.086159	0.126235	0.278246	913.023	
72	0.00126	0.2646	0.0836229	0.112279	0.202456	922.781	
95	0.00126	0.2646	0.0831452	0.112406	0.212652	922.584	
121	0.00126	0.2646	0.0849573	0.119513	0.24809	916.985	
142	0.00126	0.2646	0.0883627	0.137684	0.355934	903.487	
173	0.00126	0.2646	0.0903023	0.15063	0.445154	892.276	
121	0.00126	0.2646	0.0874163	0.13384	0.337197	905.97	
86	0.00126	0.2646	0.083653	0.111257	0.190464	924.509	
79	0.00126	0.2646	0.0826279	0.10684	0.172479	927.115	
119	0.00126	0.2646	0.0860153	0.128525	0.31221	909.165	
108	0.00126	0.2646	0.0886381	0.141757	0.381964	899.907	
63	0.00126	0.2646	0.0834241	0.107198	0.161946	927.909	
104	0.00126	0.2646	0.0842293	0.116926	0.232442	918.971	
87	0.00126	0.2646	0.0842625	0.1143	0.210657	921.805	
163	0.00126	0.2646	0.0879394	0.138385	0.375101	900.963	
117	0.00126	0.2646	0.0888819	0.141173	0.375434	901.006	
74	0.00126	0.2646	0.0848278	0.11465	0.20268	923.004	
113	0.00126	0.2646	0.0851775	0.127351	0.316269	908.478	
110	0.00126	0.2646	0.0855834	0.124089	0.274513	915.211	
106	0.00126	0.2646	0.0854703	0.121441	0.258476	915.883	
132	0.00126	0.2646	0.0885031	0.138699	0.360051	903.503	
81	0.00126	0.2646	0.0875579	0.130602	0.308187	909.486	
179	0.00126	0.2646	0.0890617	0.145961	0.417116	895.765	
20	0.00126	0.2646	0.0821619	0.0977954	0.0958022	936.396	
77	0.00126	0.2646	0.0842654	0.116659	0.232197	918.916	
110	0.00126	0.2646	0.0861656	0.129108	0.310362	910.172	
103	0.00126	0.2646	0.0851635	0.119953	0.246455	917.355	
117	0.00126	0.2646	0.0855892	0.124679	0.284036	912.622	
141	0.00126	0.2646	0.0898226	0.149897	0.441341	892.811	
119	0.00126	0.2646	0.0861388	0.129355	0.326462	907.264	
41	0.00126	0.2646	0.0845812	0.111767	0.179194	925.939	
106	0.00126	0.2646	0.0865251	0.124341	0.26516	914.926	
187	0.00126	0.2646	0.0901321	0.152193	0.457689	891.457	
95	0.00126	0.2646	0.0852541	0.122225	0.271844	914.459	
67	0.00126	0.2646	0.0832738	0.108025	0.164127	927.642	
45	0.00126	0.2646	0.0822948	0.101756	0.125095	932.519	
53	0.00126	0.2646	0.0837666	0.109897	0.178275	925.914	
123	0.00126	0.2646	0.0887504	0.144634	0.416457	895.961	
82	0.00126	0.2646	0.0861905	0.128474	0.305425	909.709	
59	0.00126	0.2646	0.0831469	0.104988	0.1471	929.888	
165	0.00126	0.2646	0.0887956	0.143539	0.404095	897.374	
215	0.00126	0.2646	0.0919263	0.166614	0.566615	877.209	
90	0.00126	0.2646	0.0856095	0.117137	0.210324	921.815	
52	0.00126	0.2646	0.0826065	0.103341	0.141384	930.544	
129	0.00126	0.2646	0.0863169	0.131756	0.336468	905.821	
96	0.00126	0.2646	0.0861135	0.126066	0.289772	911.864	
163	0.00126	0.2646	0.0877976	0.137528	0.364792	902.458	
75	0.00126	0.2646	0.0851742	0.116744	0.216415	921.224	
47	0.00126	0.2646	0.083554	0.10781	0.15656	928.837	
73	0.00126	0.2646	0.0844703	0.118173	0.243811	917.805	
118	0.00126	0.2646	0.0858217	0.125096	0.283237	912.599	
114	0.00126	0.2646	0.0869228	0.130174	0.303492	910.06	
67	0.00126	0.2646	0.0839451	0.113174	0.208311	921.86	
50	0.00126	0.2646	0.0824221	0.101569	0.123148	932.843	
128	0.00126	0.2646	0.086102	0.126827	0.289549	911.807	
122	0.00126	0.2646	0.0865028	0.129687	0.319166	908.184	
140	0.00126	0.2646	0.0881012	0.139572	0.37526	901.121	
127	0.00126	0.2646	0.0850111	0.121502	0.268831	914.451	
129	0.00126	0.2646	0.085963	0.130332	0.330925	906.56	
97	0.00126	0.2646	0.0852778	0.120415	0.245753	917.374	
126	0.00126	0.2646	0.0850625	0.121925	0.268689	914.423	
127	0.00126	0.2646	0.0859119	0.127427	0.305291	909.763	
134	0.00126	0.2646	0.0864088	0.127654	0.292004	911.567	
92	0.00126	0.2646	0.0853256	0.118592	0.236932	918.462	
159	0.00126	0.2646	0.089307	0.149739	0.448589	891.683	
66	0.00126	0.2646	0.0831917	0.106963	0.163755	927.788	
51	0.00126	0.2646	0.0826514	0.104014	0.136617	931.06	
54	0.00126	0.2646	0.082571	0.105816	0.163201	927.68	
89	0.00126	0.2646	0.0845124	0.116246	0.219109	920.738	
128	0.00126	0.2646	0.0851139	0.124733	0.290655	911.73	
55	0.00126	0.2646	0.0827832	0.106541	0.160291	928.076	
57	0.00126	0.2646	0.0827229	0.109004	0.185567	924.859	
49	0.00126	0.2646	0.083278	0.110135	0.192228	923.908	
97	0.00126	0.2646	0.0867935	0.131884	0.328545	906.771	
104	0.00126	0.2646	0.0865805	0.129205	0.303723	909.938	
11	0.00126	0.2646	0.0821061	0.0976017	0.0945623	936.522	
79	0.00126	0.2646	0.0852157	0.121817	0.256032	915.991	
28	0.00126	0.2646	0.0829664	0.102223	0.116016	933.824	
67	0.00126	0.2646	0.0832515	0.109372	0.179347	925.827	
68	0.00126	0.2646	0.0818614	0.102525	0.14072	930.739	
84	0.00126	0.2646	0.0840996	0.116272	0.226741	919.608	
123	0.00126	0.2646	0.0850165	0.125126	0.297198	910.89	
43	0.00126	0.2646	0.0833844	0.106657	0.157261	928.525	
110	0.00126	0.2646	0.0883341	0.139559	0.363213	902.496	
76	0.00126	0.2646	0.0839884	0.108908	0.168363	927.068	
112	0.00126	0.2646	0.0855744	0.124312	0.28479	912.402	
150	0.00126	0.2646	0.088948	0.146447	0.430601	894.109	
171	0.00126	0.2646	0.0880193	0.142429	0.409226	896.788	
83	0.00126	0.2646	0.0834003	0.111379	0.200978	923.154	
95	0.00126	0.2646	0.0844953	0.12333	0.29345	911.439	
81	0.00126	0.2646	0.0853238	0.121314	0.250199	916.67	
82	0.00126	0.2646	0.0843546	0.116104	0.221761	920.452	
49	0.00126	0.2646	0.0835671	0.107857	0.166377	927.426	
164	0.00126	0.2646	0.0901312	0.155798	0.489673	886.543	
61	0.00126	0.2646	0.0845097	0.111474	0.183053	925.371	
117	0.00126	0.2646	0.0854201	0.122119	0.264261	914.902	
48	0.00126	0.2646	0.0853803	0.114809	0.189708	924.512	
171	0.00126	0.2646	0.0882312	0.144485	0.417586	895.88	
158	0.00126	0.2646	0.0864888	0.13449	0.363041	902.798	
81	0.00126	0.2646	0.0840181	0.111766	0.190128	924.689	
124	0.00126	0.2646	0.0874808	0.136261	0.350724	903.936	
48	0.00126	0.2646	0.0833777	0.107224	0.163534	927.781	
99	0.00126	0.2646	0.0857538	0.125498	0.289582	911.837	
150	0.00126	0.2646	0.0891057	0.145552	0.4179	895.732	
199	0.00126	0.2646	0.0907134	0.157727	0.506045	884.611	
58	0.00126	0.2646	0.0854367	0.111601	0.165645	927.542	
197	0.00126	0.2646	0.0890441	0.145983	0.425355	894.777	
149	0.00126	0.2646	0.0887679	0.146982	0.438707	893.278	
58	0.00126	0.2646	0.0817059	0.0992097	0.112605	934.31	
115	0.00126	0.2646	0.0847011	0.116189	0.221684	920.6	
207	0.00126	0.2646	0.0921762	0.168931	0.57582	876.728	
98	0.00126	0.2646	0.085351	0.118258	0.23601	918.598	
110	0.00126	0.2646	0.0860379	0.127178	0.296702	910.891	
142	0.00126	0.2646	0.0849681	0.121027	0.262735	915.243	
85	0.00126	0.2646	0.0855248	0.120356	0.242509	917.754	
143	0.00126	0.2646	0.0874723	0.13642	0.363041	902.397	
112	0.00126	0.2646	0.0865146	0.131133	0.327577	907.046	
83	0.00126	0.2646	0.0832408	0.107726	0.159932	928.455	
180	0.00126	0.2646	0.089229	0.15124	0.464088	889.892	
34	0.00126	0.2646	0.0836354	0.104994	0.14062	930.78	
127	0.00126	0.2646	0.0884075	0.142131	0.397115	898.094	
144	0.00126	0.2646	0.0876053	0.135302	0.352208	903.83	
101	0.00126	0.2646	0.0860131	0.121221	0.242115	917.915	
96	0.00126	0.2646	0.0855379	0.123047	0.272995	913.925	
136	0.00126	0.2646	0.0872192	0.136311	0.364623	903.849	
173	0.00126	0.2646	0.0883564	0.141461	0.388976	899.309	
65	0.00126	0.2646	0.0840244	0.110769	0.184073	925.145	
71	0.00126	0.2646	0.0846604	0.114683	0.206581	922.486	
117	0.00126	0.2646	0.0874342	0.136295	0.351396	903.968	
52	0.00126	0.2646	0.0832598	0.107285	0.164376	927.626	
66	0.00126	0.2646	0.0833216	0.106422	0.151325	929.065	
89	0.00126	0.2646	0.0857708	0.121926	0.255032	916.027	
133	0.00126	0.2646	0.0883996	0.138072	0.355973	903.393	
89	0.00126	0.2646	0.08622	0.124908	0.274458	913.953	
100	0.00126	0.2646	0.0852992	0.121274	0.260189	915.603	
144	0.00126	0.2646	0.0875237	0.138218	0.376382	900.793	
110	0.00126	0.2646	0.0851834	0.121606	0.264663	914.96	
37	0.00126	0.2646	0.0835173	0.106126	0.148419	929.729	
116	0.00126	0.2646	0.0865169	0.129157	0.30163	910.208	
75	0.00126	0.2646	0.0841072	0.113292	0.209375	921.826	
149	0.00126	0.2646	0.0866014	0.132194	0.336505	905.782	
54	0.00126	0.2646	0.0858581	0.119749	0.235629	918.498	
171	0.00126	0.2646	0.0895604	0.147326	0.425995	894.597	
132	0.00126	0.2646	0.0884014	0.141953	0.396726	898.417	
81	0.00126	0.2646	0.0849908	0.118995	0.243806	917.676	
89	0.00126	0.2646	0.0850152	0.118244	0.227193	921.094	
100	0.00126	0.2646	0.0854741	0.121547	0.252374	916.576	
82	0.00126	0.2646	0.084303	0.116093	0.233317	918.896	
179	0.00126	0.2646	0.0921416	0.168115	0.574593	876.472	
129	0.00126	0.2646	0.0886228	0.138521	0.359205	903.094	
61	0.00126	0.2646	0.0842376	0.110437	0.17799	925.908	
151	0.00126	0.2646	0.0867066	0.131948	0.331567	906.401	
91	0.00126	0.2646	0.0858304	0.123342	0.265738	914.795	
102	0.00126	0.2646	0.0860017	0.129068	0.316779	908.312	
94	0.00126	0.2646	0.0835057	0.110233	0.188072	924.574	
71	0.00126	0.2646	0.0842919	0.116685	0.227268	920.512	
70	0.00126	0.2646	0.0845021	0.116726	0.226766	919.699	
62	0.00126	0.2646	0.0840057	0.109199	0.172086	926.769	
96	0.00126	0.2646	0.0878499	0.12709	0.262419	915.365	
248	0.00126	0.2646	0.0933462	0.172922	0.596372	873.403	
69	0.00126	0.2646	0.0858882	0.121786	0.261458	915.388	
141	0.00126	0.2646	0.0864225	0.129476	0.312013	910.344	
158	0.00126	0.2646	0.0878676	0.14224	0.409364	896.675	
148	0.00126	0.2646	0.0855993	0.122194	0.263015	915.201	
90	0.00126	0.2646	0.0857782	0.119988	0.229136	919.521	
115	0.00126	0.2646	0.0854753	0.124488	0.285881	912.35	
110	0.00126	0.2646	0.0853712	0.123362	0.272258	914.035	
73	0.00126	0.2646	0.084024	0.112156	0.202609	922.756	
130	0.00126	0.2646	0.0910104	0.15583	0.482139	887.618	
150	0.00126	0.2646	0.0894625	0.146444	0.421397	895.31	
77	0.00126	0.2646	0.0851002	0.11767	0.225062	920.158	
70	0.00126	0.2646	0.082633	0.107173	0.173778	926.355	
63	0.00126	0.2646	0.0826269	0.102441	0.123333	932.837	
128	0.00126	0.2646	0.0870898	0.134471	0.34894	904.279	
215	0.00126	0.2646	0.089356	0.149827	0.454683	891.087	
127	0.00126	0.2646	0.0871661	0.135062	0.360494	902.926	
105	0.00126	0.2646	0.087855	0.139246	0.384067	899.82	
102	0.00126	0.2646	0.0871691	0.128273	0.2963	911.087	
83	0.00126	0.2646	0.0853738	0.123903	0.278171	913.37	
17	0.00126	0.2646	0.0824949	0.100058	0.109969	934.68	
160	0.00126	0.2646	0.0884666	0.148732	0.452242	891.218	
44	0.00126	0.2646	0.0832021	0.105444	0.146281	930.08	
85	0.00126	0.2646	0.0857787	0.127797	0.308547	909.348	
112	0.00126	0.2646	0.0857039	0.125858	0.290625	911.564	
73	0.00126	0.2646	0.0834152	0.110241	0.185608	924.871	
51	0.00126	0.2646	0.0828542	0.105324	0.149943	929.373	
89	0.00126	0.2646	0.0853262	0.119448	0.232365	919.016	
72	0.00126	0.2646	0.0856058	0.12155	0.25189	916.62	
60	0.00126	0.2646	0.0816214	0.101509	0.131801	931.778	
58	0.00126	0.2646	0.0821522	0.104018	0.147708	929.868	
66	0.00126	0.2646	0.085203	0.122411	0.265394	914.714	
135	0.00126	0.2646	0.0869485	0.135675	0.366011	902.24	
191	0.00126	0.2646	0.0876553	0.137544	0.365488	902.359	
114	0.00126	0.2646	0.0853484	0.120672	0.25125	916.621	
135	0.00126	0.2646	0.084807	0.120155	0.258213	915.715	
105	0.00126	0.2646	0.0851657	0.11942	0.240235	917.957	
164	0.00126	0.2646	0.0863351	0.131253	0.330695	906.955	
64	0.00126	0.2646	0.0818128	0.0998892	0.118432	933.458	
117	0.00126	0.2646	0.0840045	0.115339	0.218293	921.001	
169	0.00126	0.2646	0.0875927	0.144154	0.431767	894.086	
100	0.00126	0.2646	0.0857636	0.123034	0.265254	914.747	
125	0.00126	0.2646	0.086346	0.129702	0.31897	908.14	
93	0.00126	0.2646	0.0867683	0.133092	0.337567	905.669	
33	0.00126	0.2646	0.0825668	0.0997913	0.104182	935.289	
74	0.00126	0.2646	0.0854348	0.121427	0.253303	916.385	
205	0.00126	0.2646	0.0878647	0.140845	0.396556	898.168	
63	0.00126	0.2646	0.0840112	0.110783	0.176197	926.07	
10	0.00126	0.2646	0.0812503	0.096173	0.0926554	936.825	
106	0.00126	0.2646	0.0838224	0.114078	0.213163	921.549	
93	0.00126	0.2646	0.0850059	0.122917	0.278146	913.33	
69	0.00126	0.2646	0.0851295	0.115506	0.198577	923.161	
95	0.00126	0.2646	0.085224	0.121135	0.254284	916.22	
52	0.00126	0.2646	0.0836471	0.110214	0.178281	925.727	
90	0.00126	0.2646	0.0825073	0.107839	0.181682	925.312	
67	0.00126	0.2646	0.0823933	0.105043	0.153571	928.875	
16	0.00126	0.2646	0.0824333	0.100357	0.103388	935.142	
63	0.00126	0.2646	0.0824632	0.104687	0.15146	929.096	
110	0.00126	0.2646	0.0839166	0.119831	0.269357	914.342	
117	0.00126	0.2646	0.0872575	0.127833	0.285457	912.461	
140	0.00126	0.2646	0.087461	0.132668	0.331969	906.603	
162	0.00126	0.2646	0.0893724	0.143414	0.387428	899.447	
70	0.00126	0.2646	0.085236	0.112355	0.17685	926.072	
161	0.00126	0.2646	0.0885814	0.141648	0.394058	898.607	
136	0.00126	0.2646	0.0892137	0.144831	0.408734	896.904	
104	0.00126	0.2646	0.0872773	0.130145	0.31214	909.175	
174	0.00126	0.2646	0.0896863	0.144706	0.399959	898	
183	0.00126	0.2646	0.0896529	0.146375	0.424524	894.949	
202	0.00126	0.2646	0.0900992	0.152302	0.468379	889.575	
67	0.00126	0.2646	0.0843631	0.112874	0.198912	923.156	
145	0.00126	0.2646	0.0870163	0.134268	0.34804	904.421	
106	0.00126	0.2646	0.0863883	0.127351	0.29763	911.266	
138	0.00126	0.2646	0.0872449	0.136217	0.368756	902.319	
103	0.00126	0.2646	0.086364	0.123908	0.260596	915.405	
78	0.00126	0.2646	0.086191	0.126239	0.286994	912.066	
60	0.00126	0.2646	0.0839319	0.110116	0.180015	925.79	
122	0.00126	0.2646	0.0867401	0.126993	0.280091	913.11	
121	0.00126	0.2646	0.0872267	0.130335	0.304958	910.063	
97	0.00126	0.2646	0.0866374	0.129655	0.311422	909.256	
62	0.00126	0.2646	0.0828503	0.105278	0.151598	928.986	
56	0.00126	0.2646	0.0838108	0.112171	0.196174	923.429	
94	0.00126	0.2646	0.0850081	0.121413	0.259018	915.822	
29	0.00126	0.2646	0.0829453	0.100474	0.103172	935.243	
122	0.00126	0.2646	0.087868	0.140036	0.386786	899.421	
117	0.00126	0.2646	0.0872746	0.13371	0.336278	905.915	
115	0.00126	0.2646	0.0845863	0.114506	0.212472	921.734	
197	0.00126	0.2646	0.0895805	0.151988	0.471575	888.99	
145	0.00126	0.2646	0.0889268	0.146642	0.432567	893.906	
79	0.00126	0.2646	0.0844754	0.11466	0.209287	921.98	
136	0.00126	0.2646	0.0890423	0.14112	0.373765	901.145	
105	0.00126	0.2646	0.087092	0.127754	0.285441	912.26	
84	0.00126	0.2646	0.0844583	0.116304	0.229365	919.579	
104	0.00126	0.2646	0.0842265	0.115888	0.220618	920.336	
22	0.00126	0.2646	0.0822794	0.101767	0.127768	932.107	
95	0.00126	0.2646	0.0838669	0.113683	0.205482	922.291	
53	0.00126	0.2646	0.0826073	0.102707	0.131312	931.843	
116	0.00126	0.2646	0.0860365	0.127518	0.296512	911.008	
107	0.00126	0.2646	0.0850898	0.118789	0.2375	918.495	
115	0.00126	0.2646	0.0866945	0.130379	0.323384	907.538	
131	0.00126	0.2646	0.0885798	0.135729	0.335871	905.918	
143	0.00126	0.2646	0.0889989	0.140122	0.365786	902.162	
60	0.00126	0.2646	0.0841579	0.110621	0.182859	925.193	
108	0.00126	0.2646	0.0851814	0.124603	0.288979	911.726	
66	0.00126	0.2646	0.0832323	0.10947	0.18106	925.438	
43	0.00126	0.2646	0.082877	0.101936	0.119233	933.281	
176	0.00126	0.2646	0.0891425	0.153181	0.486403	887.018	
60	0.00126	0.2646	0.0844477	0.112218	0.190846	924.363	
156	0.00126	0.2646	0.0867346	0.1351	0.365279	902.266	
73	0.00126	0.2646	0.0853345	0.114559	0.194051	923.96	
155	0.00126	0.2646	0.0905135	0.149331	0.427905	894.513	
54	0.00126	0.2646	0.0856605	0.114212	0.189518	924.53	
120	0.00126	0.2646	0.0881041	0.138604	0.365439	902.245	
103	0.00126	0.2646	0.0849407	0.11657	0.218193	920.928	
116	0.00126	0.2646	0.0858606	0.129987	0.327761	906.897	
53	0.00126	0.2646	0.083316	0.108592	0.175234	926.125	
66	0.00126	0.2646	0.0847399	0.117628	0.226442	919.806	
84	0.00126	0.2646	0.0844013	0.115565	0.219201	920.716	
84	0.00126	0.2646	0.084632	0.110408	0.16784	927.308	
183	0.00126	0.2646	0.0912751	0.157373	0.49039	886.661	
106	0.00126	0.2646	0.087349	0.131731	0.319929	908.088	
128	0.00126	0.2646	0.0866226	0.132698	0.34778	905.184	
115	0.00126	0.2646	0.0874764	0.136518	0.355976	903.388	
100	0.00126	0.2646	0.0842273	0.115869	0.232309	919.027	
146	0.00126	0.2646	0.0862131	0.132687	0.342028	905.087	
13	0.00126	0.2646	0.081604	0.0976218	0.101693	935.422	
73	0.00126	0.2646	0.0827093	0.109035	0.188439	924.467	
94	0.00126	0.2646	0.0844922	0.117484	0.23571	918.525	
96	0.00126	0.2646	0.0866597	0.127687	0.295311	911.02	
157	0.00126	0.2646	0.089947	0.151794	0.462548	890.108	
137	0.00126	0.2646	0.0856569	0.129372	0.321943	907.801	
57	0.00126	0.2646	0.0828782	0.109288	0.186445	924.923	
44	0.00126	0.2646	0.0829093	0.108768	0.177139	925.806	
55	0.00126	0.2646	0.0821817	0.101048	0.122613	932.914	
100	0.00126	0.2646	0.0866673	0.131411	0.318603	908.098	
79	0.00126	0.2646	0.084009	0.109669	0.169677	926.995	
115	0.00126	0.2646	0.0853738	0.120455	0.247625	917.222	
95	0.00126	0.2646	0.08826	0.137698	0.358887	903.008	
155	0.00126	0.2646	0.0889339	0.143079	0.392612	898.802	
51	0.00126	0.2646	0.0836491	0.107855	0.162316	929	
161	0.00126	0.2646	0.0873255	0.144135	0.430091	894.106	
31	0.00126	0.2646	0.0818547	0.0987166	0.106974	935.032	
81	0.00126	0.2646	0.0845035	0.12111	0.265465	914.579	
69	0.00126	0.2646	0.0834971	0.109543	0.181212	925.441	
137	0.00126	0.2646	0.0872487	0.135172	0.345281	906.005	
131	0.00126	0.2646	0.08627	0.129846	0.328682	906.862	
118	0.00126	0.2646	0.0874276	0.133973	0.343822	905.026	
131	0.00126	0.2646	0.0904088	0.149178	0.426246	894.557	
169	0.00126	0.2646	0.089584	0.149698	0.449944	891.541	
55	0.00126	0.2646	0.08308	0.106646	0.168788	927.192	
60	0.00126	0.2646	0.0836773	0.111488	0.188626	924.56	
62	0.00126	0.2646	0.0826104	0.104186	0.147102	929.839	
114	0.00126	0.2646	0.0863029	0.127523	0.293885	911.034	
146	0.00126	0.2646	0.0860653	0.127402	0.306055	909.635	
121	0.00126	0.2646	0.0865656	0.132162	0.334291	906.032	
58	0.00126	0.2646	0.0831713	0.105791	0.14619	929.945	
34	0.00126	0.2646	0.0829774	0.106204	0.161419	927.936	
101	0.00126	0.2646	0.0866276	0.127743	0.29164	911.354	
135	0.00126	0.2646	0.0862743	0.124582	0.266286	914.778	
71	0.00126	0.2646	0.0842254	0.116191	0.229041	919.585	
190	0.00126	0.2646	0.0908449	0.153385	0.460261	890.411	
133	0.00126	0.2646	0.089957	0.141764	0.372753	901.603	
184	0.00126	0.2646	0.0931483	0.16839	0.561312	877.971	
131	0.00126	0.2646	0.0882249	0.137118	0.363815	902.286	
92	0.00126	0.2646	0.08543	0.11521	0.201901	922.935	
177	0.00126	0.2646	0.0909211	0.159303	0.512541	883.824	
142	0.00126	0.2646	0.0877777	0.135526	0.355878	903.617	
145	0.00126	0.2646	0.0882521	0.138169	0.362202	902.675	
60	0.00126	0.2646	0.0850909	0.113783	0.189854	924.553	
99	0.00126	0.2646	0.0863493	0.124584	0.273443	914.033	
64	0.00126	0.2646	0.0846124	0.112821	0.192822	923.898	
148	0.00126	0.2646	0.0875416	0.136	0.353444	903.717	
48	0.00126	0.2646	0.0848804	0.113077	0.188238	924.469	
85	0.00126	0.2646	0.085632	0.120411	0.2367	918.307	
108	0.00126	0.2646	0.0845782	0.11779	0.241049	917.749	
75	0.00126	0.2646	0.0843429	0.113094	0.19215	924.099	
107	0.00126	0.2646	0.0849379	0.122545	0.271646	915.317	
75	0.00126	0.2646	0.0841452	0.11448	0.214576	921.227	
121	0.00126	0.2646	0.0852464	0.123317	0.279825	913.053	
143	0.00126	0.2646	0.0867666	0.133971	0.349581	904.299	
31	0.00126	0.2646	0.0826352	0.10183	0.124381	932.451	
116	0.00126	0.2646	0.0854354	0.122625	0.266779	914.493	
129	0.00126	0.2646	0.0871336	0.131991	0.327312	906.989	
172	0.00126	0.2646	0.0893477	0.148806	0.444651	892.086	
86	0.00126	0.2646	0.0859561	0.122703	0.263039	915.122	
118	0.00126	0.2646	0.0871559	0.133313	0.334551	906.127	
131	0.00126	0.2646	0.0859845	0.13176	0.345217	904.867	
40	0.00126	0.2646	0.0823518	0.10184	0.124243	932.725	
49	0.00126	0.2646	0.0826503	0.104522	0.144437	930.184	
95	0.00126	0.2646	0.0852945	0.123918	0.275021	913.61	
143	0.00126	0.2646	0.0893452	0.14427	0.404664	897.197	
156	0.00126	0.2646	0.089756	0.14669	0.418116	895.576	
113	0.00126	0.2646	0.0870642	0.128098	0.295819	911.022	
158	0.00126	0.2646	0.0891338	0.149271	0.452079	891.189	
96	0.00126	0.2646	0.0848064	0.114666	0.213677	921.398	
206	0.00126	0.2646	0.0895423	0.14973	0.441419	892.803	
74	0.00126	0.2646	0.0844935	0.111311	0.180834	925.796	
136	0.00126	0.2646	0.0870142	0.13787	0.378266	900.656	
19	0.00126	0.2646	0.0819008	0.0966628	0.0937482	936.623	
124	0.00126	0.2646	0.0870909	0.132644	0.330142	906.668	
84	0.00126	0.2646	0.0876263	0.130537	0.306141	909.874	
160	0.00126	0.2646	0.0892905	0.14546	0.413038	896.125	
56	0.00126	0.2646	0.0845902	0.110221	0.167383	927.179	
74	0.00126	0.2646	0.0846215	0.1128	0.183123	925.2	
69	0.00126	0.2646	0.0845045	0.113065	0.200901	923.042	
187	0.00126	0.2646	0.0909418	0.158142	0.498305	885.617	
145	0.00126	0.2646	0.0876929	0.133593	0.332252	906.729	
91	0.00126	0.2646	0.0856231	0.121396	0.249528	916.964	
30	0.00126	0.2646	0.0831174	0.103325	0.129334	932.155	
143	0.00126	0.2646	0.0875376	0.135744	0.353832	903.584	
84	0.00126	0.2646	0.0861809	0.125117	0.28214	912.633	
82	0.00126	0.2646	0.0856433	0.117428	0.221547	920.417	
204	0.00126	0.2646	0.0927143	0.172148	0.606882	871.831	
179	0.00126	0.2646	0.0908458	0.157359	0.503962	884.912	
110	0.00126	0.2646	0.0862576	0.12406	0.273734	913.893	
144	0.00126	0.2646	0.0884787	0.141982	0.391154	899.039	
116	0.00126	0.2646	0.0850207	0.11789	0.235176	918.832	
154	0.00126	0.2646	0.0865934	0.13058	0.320168	908.145	
117	0.00126	0.2646	0.0858654	0.124806	0.287871	911.986	
125	0.00126	0.2646	0.0879244	0.135101	0.336038	905.941	
58	0.00126	0.2646	0.0826306	0.104847	0.15088	929.26	
81	0.00126	0.2646	0.0841131	0.115857	0.22363	920.149	
79	0.00126	0.2646	0.0849698	0.118053	0.223834	921.252	
72	0.00126	0.2646	0.0842433	0.114448	0.208548	922.003	
28	0.00126	0.2646	0.0829968	0.102531	0.118937	933.362	
107	0.00126	0.2646	0.0855743	0.124543	0.275371	913.563	
45	0.00126	0.2646	0.083054	0.10735	0.169207	927.039	
108	0.00126	0.2646	0.0854	0.122153	0.261065	915.343	
130	0.00126	0.2646	0.086266	0.127852	0.300141	910.428	
49	0.00126	0.2646	0.0840858	0.110263	0.169781	926.941	
30	0.00126	0.2646	0.0823258	0.101623	0.12375	932.825	
113	0.00126	0.2646	0.0848755	0.127065	0.319098	908.058	
95	0.00126	0.2646	0.0840709	0.114452	0.21079	921.656	
143	0.00126	0.2646	0.0845825	0.118558	0.249158	916.869	
117	0.00126	0.2646	0.088054	0.137569	0.363361	902.51	
183	0.00126	0.2646	0.0920723	0.169523	0.594142	873.495	
146	0.00126	0.2646	0.0883099	0.139344	0.381792	900.346	
121	0.00126	0.2646	0.08819	0.135384	0.338453	905.644	
99	0.00126	0.2646	0.0879325	0.133816	0.326891	907.087	
111	0.00126	0.2646	0.086236	0.131656	0.341215	905.286	
58	0.00126	0.2646	0.0829966	0.109944	0.189389	924.375	
85	0.00126	0.2646	0.0833231	0.111651	0.199368	923.262	
112	0.00126	0.2646	0.0853389	0.124868	0.287293	911.909	
73	0.00126	0.2646	0.0842774	0.114617	0.214017	921.241	
95	0.00126	0.2646	0.0861735	0.127943	0.30333	910.151	
63	0.00126	0.2646	0.0852152	0.115846	0.205219	922.522	
110	0.00126	0.2646	0.0870358	0.129158	0.304026	910.059	
116	0.00126	0.2646	0.0895094	0.144031	0.393254	898.673	
63	0.00126	0.2646	0.0854393	0.114053	0.182469	925.339	
66	0.00126	0.2646	0.0831267	0.10857	0.176528	926.143	
111	0.00126	0.2646	0.0858991	0.128064	0.30679	909.528	
70	0.00126	0.2646	0.0848528	0.11626	0.224107	920.124	
152	0.00126	0.2646	0.0888126	0.141871	0.380575	900.303	
60	0.00126	0.2646	0.0850619	0.115959	0.211749	921.503	
66	0.00126	0.2646	0.0831429	0.104322	0.1377	930.879	
122	0.00126	0.2646	0.0860531	0.129147	0.315317	908.449	
16	0.00126	0.2646	0.0832011	0.101407	0.110884	934.491	
152	0.00126	0.2646	0.0885862	0.140609	0.376967	900.721	
160	0.00126	0.2646	0.0880631	0.141516	0.400655	897.707	
14	0.00126	0.2646	0.0819419	0.0968179	0.0933972	936.719	
198	0.00126	0.2646	0.093493	0.17066	0.572973	876.249	
207	0.00126	0.2646	0.0905465	0.149832	0.441997	892.791	
165	0.00126	0.2646	0.0890209	0.140868	0.379398	900.521	
113	0.00126	0.2646	0.0872186	0.126137	0.268779	914.333	
151	0.00126	0.2646	0.0887454	0.14795	0.452171	891.48	
103	0.00126	0.2646	0.0855527	0.12074	0.244979	917.472	
39	0.00126	0.2646	0.0836796	0.107642	0.156357	928.773	
108	0.00126	0.2646	0.0862326	0.128045	0.30244	910.2	
103	0.00126	0.2646	0.0861235	0.1275	0.303836	910.076	
96	0.00126	0.2646	0.085828	0.119712	0.242274	917.991	
120	0.00126	0.2646	0.087229	0.134893	0.346122	904.474	
70	0.00126	0.2646	0.0848145	0.115889	0.212382	921.463	
53	0.00126	0.2646	0.0832371	0.106301	0.155578	928.571	
115	0.00126	0.2646	0.0862698	0.129994	0.31983	907.571	
43	0.00126	0.2646	0.0830351	0.105103	0.141166	930.447	
48	0.00126	0.2646	0.0824189	0.106882	0.172767	926.34	
73	0.00126	0.2646	0.0821484	0.106634	0.17482	926.296	
82	0.00126	0.2646	0.0834218	0.113976	0.217288	920.924	
63	0.00126	0.2646	0.0833957	0.111721	0.196797	923.549	
44	0.00126	0.2646	0.0825423	0.0999183	0.10364	935.388	
121	0.00126	0.2646	0.0856375	0.123892	0.273328	913.651	
34	0.00126	0.2646	0.0827241	0.103485	0.13932	930.553	
115	0.00126	0.2646	0.085538	0.126236	0.300261	910.247	
87	0.00126	0.2646	0.0860053	0.122536	0.249359	916.659	
91	0.00126	0.2646	0.0846089	0.117541	0.236235	918.377	
85	0.00126	0.2646	0.0833456	0.11004	0.179473	925.626	
24	0.00126	0.2646	0.0810959	0.0981065	0.110386	934.496	
23	0.00126	0.2646	0.0809659	0.095744	0.094758	936.42	
119	0.00126	0.2646	0.0859199	0.130109	0.325409	907.424	
123	0.00126	0.2646	0.0870651	0.135682	0.361847	902.701	
122	0.00126	0.2646	0.0879634	0.136278	0.349568	904.074	
107	0.00126	0.2646	0.0863731	0.124779	0.274219	913.64	
154	0.00126	0.2646	0.0869557	0.132666	0.33388	906.165	
48	0.00126	0.2646	0.0835204	0.104135	0.128535	931.918	
102	0.00126	0.2646	0.0850284	0.11818	0.232821	918.913	
146	0.00126	0.2646	0.0873236	0.134647	0.345045	904.81	
156	0.00126	0.2646	0.0863824	0.13047	0.330502	906.851	
102	0.00126	0.2646	0.0870862	0.132736	0.3303	906.84	
127	0.00126	0.2646	0.0865244	0.128692	0.304137	910.245	
92	0.00126	0.2646	0.0860461	0.122735	0.260701	915.446	
86	0.00126	0.2646	0.0858187	0.120409	0.242655	917.978	
137	0.00126	0.2646	0.0864485	0.126479	0.285408	912.195	
86	0.00126	0.2646	0.0858391	0.122524	0.262808	914.946	
99	0.00126	0.2646	0.0866093	0.128622	0.305106	910.331	
124	0.00126	0.2646	0.086866	0.129177	0.306382	909.717	
135	0.00126	0.2646	0.0881846	0.137143	0.352372	903.928	
109	0.00126	0.2646	0.0859275	0.122354	0.261086	915.676	
182	0.00126	0.2646	0.0890273	0.145446	0.41886	895.856	
147	0.00126	0.2646	0.0889641	0.145897	0.428266	894.433	
88	0.00126	0.2646	0.086876	0.126599	0.278228	913.252	
27	0.00126	0.2646	0.0835491	0.106758	0.154059	928.821	
131	0.00126	0.2646	0.0848933	0.120635	0.25776	915.726	
74	0.00126	0.2646	0.0844315	0.111298	0.175773	926.086	
109	0.00126	0.2646	0.0860746	0.12449	0.270764	914.49	
101	0.00126	0.2646	0.0862583	0.126603	0.291575	911.568	
115	0.00126	0.2646	0.086927	0.131375	0.319361	908.051	
76	0.00126	0.2646	0.0841562	0.113685	0.21392	921.484	
125	0.00126	0.2646	0.0878704	0.1384	0.367112	902.067	
69	0.00126	0.2646	0.0853079	0.115323	0.203722	922.741	
170	0.00126	0.2646	0.088399	0.1436	0.40947	896.648	
89	0.00126	0.2646	0.0843665	0.119202	0.255852	915.947	
112	0.00126	0.2646	0.0845693	0.120066	0.258511	915.744	
99	0.00126	0.2646	0.0853635	0.122069	0.261583	915.185	
128	0.00126	0.2646	0.0854951	0.122232	0.264525	914.889	
102	0.00126	0.2646	0.0869875	0.134522	0.34938	904.214	
91	0.00126	0.2646	0.0846617	0.118478	0.241841	917.74	
45	0.00126	0.2646	0.0823048	0.103081	0.142504	930.41	
107	0.00126	0.2646	0.0852952	0.121063	0.251865	916.522	
79	0.00126	0.2646	0.0855894	0.120249	0.239003	918.154	
112	0.00126	0.2646	0.0852268	0.122135	0.2669	914.589	
193	0.00126	0.2646	0.0870458	0.139569	0.397741	898.193	
23	0.00126	0.2646	0.0822109	0.0980858	0.0945069	936.644	
134	0.00126	0.2646	0.0875551	0.141527	0.403702	897.798	
84	0.00126	0.2646	0.0853344	0.117452	0.217708	920.915	
129	0.00126	0.2646	0.0863361	0.129547	0.315256	908.484	
58	0.00126	0.2646	0.0834962	0.107319	0.155087	928.76	
24	0.00126	0.2646	0.0825503	0.101552	0.123013	932.821	
94	0.00126	0.2646	0.0861938	0.124255	0.271289	914.081	
206	0.00126	0.2646	0.0903719	0.152497	0.45731	890.798	
106	0.00126	0.2646	0.0864426	0.124383	0.267317	914.827	
25	0.00126	0.2646	0.0831533	0.103043	0.125647	932.527	
169	0.00126	0.2646	0.0857519	0.131978	0.350474	904.109	
50	0.00126	0.2646	0.0836546	0.10768	0.158341	928.323	
124	0.00126	0.2646	0.0873422	0.136095	0.357659	903.017	
102	0.00126	0.2646	0.0856639	0.120594	0.242188	917.798	
67	0.00126	0.2646	0.0847668	0.114529	0.208241	922.029	
126	0.00126	0.2646	0.0879047	0.134415	0.331986	906.587	
103	0.00126	0.2646	0.0884058	0.136074	0.347468	904.529	
162	0.00126	0.2646	0.0903588	0.149899	0.437582	893.257	
165	0.00126	0.2646	0.0889898	0.148533	0.451752	891.449	
112	0.00126	0.2646	0.0860715	0.123713	0.2622	915.197	
56	0.00126	0.2646	0.0852009	0.117455	0.225717	919.951	
105	0.00126	0.2646	0.0881858	0.137911	0.362684	902.533	
151	0.00126	0.2646	0.0892784	0.14486	0.409425	896.537	
105	0.00126	0.2646	0.0864919	0.127089	0.293342	911.299	
55	0.00126	0.2646	0.0851248	0.118101	0.235031	918.636	
139	0.00126	0.2646	0.0879954	0.140552	0.393197	898.753	
88	0.00126	0.2646	0.0866409	0.125024	0.268589	914.507	
123	0.00126	0.2646	0.0863659	0.125381	0.273616	913.91	
51	0.00126	0.2646	0.0841163	0.111495	0.190211	924.459	
143	0.00126	0.2646	0.0892609	0.141435	0.370859	901.575	
80	0.00126	0.2646	0.085268	0.118857	0.237491	918.345	
43	0.00126	0.2646	0.0827406	0.101798	0.122175	932.901	
117	0.00126	0.2646	0.0868921	0.132015	0.325078	906.945	
26	0.00126	0.2646	0.0832874	0.101345	0.106404	934.948	
133	0.00126	0.2646	0.0870525	0.134416	0.347663	904.501	
112	0.00126	0.2646	0.0867651	0.133663	0.351532	903.983	
87	0.00126	0.2646	0.0859575	0.125943	0.289288	911.981	
85	0.00126	0.2646	0.0856581	0.122218	0.259294	915.858	
149	0.00126	0.2646	0.0877944	0.13706	0.365542	902.406	
68	0.00126	0.2646	0.0845743	0.113633	0.195919	923.444	
138	0.00126	0.2646	0.0862641	0.132935	0.348214	904.22	
65	0.00126	0.2646	0.0828648	0.10671	0.173123	926.338	
111	0.00126	0.2646	0.0871009	0.130313	0.300431	910.182	
121	0.00126	0.2646	0.0869172	0.13381	0.348909	904.177	
61	0.00126	0.2646	0.0847477	0.11828	0.237054	918.41	
80	0.00126	0.2646	0.0839811	0.115093	0.222898	920.289	
131	0.00126	0.2646	0.0866055	0.137176	0.381625	900.255	
80	0.00126	0.2646	0.0843053	0.116132	0.225604	920.405	
120	0.00126	0.2646	0.0852448	0.125214	0.295626	911.023	
95	0.00126	0.2646	0.0862618	0.129102	0.311982	908.731	
84	0.00126	0.2646	0.0837114	0.112206	0.201867	922.624	
47	0.00126	0.2646	0.0829124	0.101812	0.121611	932.989	
235	0.00126	0.2646	0.0922259	0.1707	0.598839	872.595	
131	0.00126	0.2646	0.0879856	0.134716	0.339449	905.549	
182	0.00126	0.2646	0.0871478	0.137673	0.379903	900.492	
56	0.00126	0.2646	0.0825868	0.104304	0.145434	930.118	
75	0.00126	0.2646	0.0830156	0.10742	0.164517	927.752	
125	0.00126	0.2646	0.0864836	0.133765	0.351024	904.19	
99	0.00126	0.2646	0.0861541	0.127034	0.295164	911.219	
145	0.00126	0.2646	0.0884619	0.139425	0.366896	901.899	
124	0.00126	0.2646	0.0864324	0.124522	0.271466	913.952	
137	0.00126	0.2646	0.0862096	0.123829	0.269133	914.322	
106	0.00126	0.2646	0.0871949	0.124915	0.2526	916.418	
196	0.00126	0.2646	0.0887969	0.143617	0.403157	897.569	
73	0.00126	0.2646	0.0841763	0.110119	0.171469	926.784	
58	0.00126	0.2646	0.0839018	0.11398	0.21585	921.199	
124	0.00126	0.2646	0.0863256	0.130146	0.319897	908.13	
114	0.00126	0.2646	0.0860065	0.127351	0.301267	910.52	
55	0.00126	0.2646	0.0842911	0.109192	0.163716	927.749	
140	0.00126	0.2646	0.0892242	0.142	0.381564	900.16	
106	0.00126	0.2646	0.0876139	0.129013	0.292413	911.429	
134	0.00126	0.2646	0.0889905	0.140364	0.375637	900.936	
228	0.00126	0.2646	0.090726	0.155236	0.484343	888.064	
151	0.00126	0.2646	0.0881444	0.13831	0.367491	902.027	
86	0.00126	0.2646	0.0843477	0.114506	0.210195	921.806	
78	0.00126	0.2646	0.0826123	0.107381	0.175649	926.235	
61	0.00126	0.2646	0.0825485	0.100578	0.107295	934.923	
101	0.00126	0.2646	0.0858034	0.12358	0.266064	914.962	
116	0.00126	0.2646	0.0877351	0.135069	0.348389	904.361	
118	0.00126	0.2646	0.0867369	0.131439	0.330041	906.503	
88	0.00126	0.2646	0.0854998	0.120894	0.250065	916.738	
95	0.00126	0.2646	0.0853361	0.119504	0.240329	917.875	
67	0.00126	0.2646	0.0850469	0.118144	0.227844	919.482	
36	0.00126	0.2646	0.0832155	0.104856	0.135847	931.216	
120	0.00126	0.2646	0.0847474	0.123041	0.28285	912.524	
61	0.00126	0.2646	0.0829131	0.106324	0.160391	928.616	
120	0.00126	0.2646	0.0869865	0.133831	0.341154	905.339	
112	0.00126	0.2646	0.0864185	0.127828	0.300846	910.724	
75	0.00126	0.2646	0.0857584	0.120281	0.238795	918.236	
16	0.00126	0.2646	0.0823042	0.100147	0.106269	934.877	
129	0.00126	0.2646	0.0853342	0.126198	0.305324	909.769	
132	0.00126	0.2646	0.0867975	0.129729	0.305569	909.775	
125	0.00126	0.2646	0.0864211	0.127616	0.296389	910.947	
149	0.00126	0.2646	0.0866436	0.13434	0.360316	902.824	
111	0.00126	0.2646	0.0853013	0.120909	0.253124	916.463	
140	0.00126	0.2646	0.0869444	0.136332	0.372741	901.312	
123	0.00126	0.2646	0.0866216	0.129057	0.306499	909.758	
129	0.00126	0.2646	0.0871142	0.135685	0.358711	903.045	
33	0.00126	0.2646	0.0826251	0.104102	0.146003	929.827	
124	0.00126	0.2646	0.0857384	0.129168	0.321136	907.653	
44	0.00126	0.2646	0.0834306	0.107599	0.164622	927.694	
156	0.00126	0.2646	0.088261	0.142065	0.396973	898.26	
154	0.00126	0.2646	0.0890227	0.147627	0.438446	892.965	
37	0.00126	0.2646	0.0837621	0.106915	0.150652	929.426	
104	0.00126	0.2646	0.0851252	0.118617	0.230732	919.256	
72	0.00126	0.2646	0.0849458	0.116648	0.215437	921.175	
63	0.00126	0.2646	0.0844445	0.115571	0.223685	920.094	
119	0.00126	0.2646	0.0869465	0.132511	0.324533	907.467	
77	0.00126	0.2646	0.0830803	0.106189	0.160619	928.085	
109	0.00126	0.2646	0.0862318	0.126278	0.284611	912.348	
77	0.00126	0.2646	0.0843108	0.116243	0.225341	919.966	
27	0.00126	0.2646	0.0822009	0.0991966	0.109862	934.396	
112	0.00126	0.2646	0.0873223	0.130587	0.302038	910.157	
145	0.00126	0.2646	0.0885038	0.13949	0.378397	900.647	
150	0.00126	0.2646	0.0907121	0.155574	0.492842	886.239	
200	0.00126	0.2646	0.0924586	0.168796	0.577987	876.099	
85	0.00126	0.2646	0.0851171	0.113301	0.191587	924.324	
115	0.00126	0.2646	0.087081	0.133761	0.342072	905.231	
68	0.00126	0.2646	0.0853484	0.118252	0.227173	919.837	
114	0.00126	0.2646	0.0879174	0.135542	0.338379	905.543	
53	0.00126	0.2646	0.0833092	0.104553	0.138773	930.895	
88	0.00126	0.2646	0.0853238	0.12352	0.284477	912.285	
93	0.00126	0.2646	0.0884831	0.138299	0.355322	903.277	
105	0.00126	0.2646	0.0860966	0.12141	0.245899	917.331	
61	0.00126	0.2646	0.0858034	0.12012	0.237164	918.546	
135	0.00126	0.2646	0.087552	0.132574	0.317378	908.464	
75	0.00126	0.2646	0.0858843	0.123425	0.268299	914.531	
79	0.00126	0.2646	0.0849589	0.11838	0.238247	918.385	
68	0.00126	0.2646	0.0857673	0.121949	0.25691	916.027	
