155	0.00126	0.2646	0.0984869	0.222614	0.865136
60	0.00126	0.2646	0.0830437	0.131651	0.302706
101	0.00126	0.2646	0.0809307	0.134223	0.357622
107	0.00126	0.2646	0.0858292	0.157864	0.479043
91	0.00126	0.2646	0.0842983	0.148929	0.42813
145	0.00126	0.2646	0.0848473	0.161305	0.524949
18	0.00126	0.2646	0.0744493	0.0984234	0.116084
25	0.00126	0.2646	0.07366	0.0984614	0.124546
167	0.00126	0.2646	0.0814925	0.155976	0.538716
64	0.00126	0.2646	0.0822763	0.129377	0.28993
70	0.00126	0.2646	0.0834566	0.143987	0.394456
118	0.00126	0.2646	0.0879602	0.16906	0.554204
82	0.00126	0.2646	0.0815331	0.129949	0.311874
137	0.00126	0.2646	0.087249	0.165799	0.539865
128	0.00126	0.2646	0.0862957	0.164598	0.540845
77	0.00126	0.2646	0.0801405	0.129764	0.31873
85	0.00126	0.2646	0.0779594	0.124205	0.294688
68	0.00126	0.2646	0.0753816	0.113705	0.237907
50	0.00126	0.2646	0.0753824	0.11364	0.230097
18	0.00126	0.2646	0.074765	0.100208	0.131629
78	0.00126	0.2646	0.080629	0.124689	0.269795
84	0.00126	0.2646	0.089279	0.165128	0.491818
100	0.00126	0.2646	0.0854616	0.147044	0.415072
65	0.00126	0.2646	0.0868014	0.149891	0.388092
32	0.00126	0.2646	0.0804433	0.116746	0.196988
76	0.00126	0.2646	0.0831029	0.143427	0.401814
200	0.00126	0.2646	0.089371	0.191384	0.73012
115	0.00126	0.2646	0.081408	0.145699	0.442477
49	0.00126	0.2646	0.0761386	0.112247	0.217042
162	0.00126	0.2646	0.0809629	0.147612	0.46982
164	0.00126	0.2646	0.0892351	0.174069	0.596755
157	0.00126	0.2646	0.0987173	0.2101	0.770359
101	0.00126	0.2646	0.0956978	0.186664	0.614721
190	0.00126	0.2646	0.0952703	0.19558	0.703529
130	0.00126	0.2646	0.0890337	0.16901	0.558782
132	0.00126	0.2646	0.0878718	0.168622	0.55404
120	0.00126	0.2646	0.0844937	0.1541	0.475405
150	0.00126	0.2646	0.0833173	0.155696	0.499551
33	0.00126	0.2646	0.0755196	0.105154	0.168221
114	0.00126	0.2646	0.0815475	0.140099	0.392981
127	0.00126	0.2646	0.0890214	0.164225	0.504559
175	0.00126	0.2646	0.0971737	0.204641	0.75295
176	0.00126	0.2646	0.098531	0.211206	0.792731
90	0.00126	0.2646	0.0900907	0.162534	0.470067
96	0.00126	0.2646	0.0853981	0.147654	0.404147
112	0.00126	0.2646	0.0838403	0.153608	0.481001
81	0.00126	0.2646	0.0787092	0.122795	0.276625
88	0.00126	0.2646	0.0807553	0.137749	0.373716
120	0.00126	0.2646	0.0791809	0.131109	0.354034
146	0.00126	0.2646	0.0839713	0.149072	0.436881
112	0.00126	0.2646	0.0921032	0.183392	0.616983
121	0.00126	0.2646	0.089148	0.171116	0.574327
88	0.00126	0.2646	0.0879132	0.159859	0.471666
109	0.00126	0.2646	0.081648	0.135102	0.355358
100	0.00126	0.2646	0.0817598	0.148461	0.462805
24	0.00126	0.2646	0.0755675	0.104099	0.149842
91	0.00126	0.2646	0.0776557	0.121053	0.280369
139	0.00126	0.2646	0.0845817	0.160132	0.512564
70	0.00126	0.2646	0.079223	0.121444	0.261043
130	0.00126	0.2646	0.0863513	0.163568	0.536777
175	0.00126	0.2646	0.0920626	0.198644	0.760736
19	0.00126	0.2646	0.0795776	0.109522	0.147418
125	0.00126	0.2646	0.0875107	0.172014	0.583024
94	0.00126	0.2646	0.0794206	0.126871	0.302352
57	0.00126	0.2646	0.0754056	0.107685	0.190386
118	0.00126	0.2646	0.080068	0.136552	0.371173
87	0.00126	0.2646	0.0808625	0.135896	0.355505
118	0.00126	0.2646	0.0828124	0.151447	0.46976
65	0.00126	0.2646	0.0780967	0.116352	0.229219
108	0.00126	0.2646	0.0832419	0.147049	0.433564
74	0.00126	0.2646	0.0860604	0.153264	0.423433
124	0.00126	0.2646	0.0826645	0.145112	0.432869
122	0.00126	0.2646	0.085483	0.161	0.515362
70	0.00126	0.2646	0.0795808	0.127688	0.301397
70	0.00126	0.2646	0.0760128	0.110983	0.215488
155	0.00126	0.2646	0.0845426	0.168836	0.599517
111	0.00126	0.2646	0.081799	0.144502	0.420249
32	0.00126	0.2646	0.075646	0.105499	0.164831
99	0.00126	0.2646	0.0784963	0.127402	0.316496
52	0.00126	0.2646	0.077974	0.113211	0.201394
206	0.00126	0.2646	0.0978598	0.220377	0.863809
138	0.00126	0.2646	0.0860654	0.161274	0.522241
51	0.00126	0.2646	0.0793197	0.119888	0.246236
130	0.00126	0.2646	0.0853788	0.164771	0.548972
157	0.00126	0.2646	0.0837838	0.156685	0.501733
49	0.00126	0.2646	0.0780297	0.11464	0.203804
62	0.00126	0.2646	0.0792327	0.126797	0.289247
78	0.00126	0.2646	0.0770007	0.123089	0.30426
28	0.00126	0.2646	0.0749345	0.102241	0.151198
131	0.00126	0.2646	0.085491	0.160371	0.523001
202	0.00126	0.2646	0.102823	0.250232	1.06098
133	0.00126	0.2646	0.0856476	0.155177	0.482691
73	0.00126	0.2646	0.0798052	0.12334	0.270933
156	0.00126	0.2646	0.0877049	0.173586	0.595426
212	0.00126	0.2646	0.0873935	0.176553	0.634416
148	0.00126	0.2646	0.080575	0.135117	0.365436
61	0.00126	0.2646	0.0772684	0.117296	0.245787
127	0.00126	0.2646	0.0790687	0.139679	0.421652
50	0.00126	0.2646	0.0760264	0.107737	0.180372
120	0.00126	0.2646	0.0852704	0.151242	0.446694
142	0.00126	0.2646	0.0911601	0.190873	0.70081
72	0.00126	0.2646	0.0799719	0.120769	0.248049
86	0.00126	0.2646	0.0807236	0.134106	0.345692
167	0.00126	0.2646	0.0815424	0.138902	0.38293
94	0.00126	0.2646	0.0836816	0.147426	0.425454
189	0.00126	0.2646	0.0879791	0.177487	0.63441
134	0.00126	0.2646	0.0854604	0.164559	0.551002
100	0.00126	0.2646	0.0787087	0.131186	0.357359
35	0.00126	0.2646	0.0773831	0.113178	0.202406
195	0.00126	0.2646	0.0881445	0.178286	0.641071
35	0.00126	0.2646	0.0782873	0.115429	0.22016
138	0.00126	0.2646	0.0884455	0.175417	0.598005
112	0.00126	0.2646	0.0830317	0.142191	0.39492
79	0.00126	0.2646	0.0812507	0.129848	0.301233
142	0.00126	0.2646	0.0861444	0.165739	0.544955
62	0.00126	0.2646	0.0792833	0.122783	0.272159
56	0.00126	0.2646	0.0802043	0.128723	0.28762
81	0.00126	0.2646	0.0758289	0.112593	0.231962
167	0.00126	0.2646	0.0809331	0.151076	0.492081
52	0.00126	0.2646	0.0774824	0.118062	0.247972
67	0.00126	0.2646	0.0779688	0.113876	0.221006
203	0.00126	0.2646	0.0963177	0.216593	0.851206
72	0.00126	0.2646	0.0851537	0.139255	0.339826
161	0.00126	0.2646	0.0876939	0.174568	0.617921
107	0.00126	0.2646	0.0837374	0.153199	0.478371
15	0.00126	0.2646	0.0764288	0.101828	0.125639
161	0.00126	0.2646	0.0867076	0.17669	0.632854
65	0.00126	0.2646	0.0773442	0.114179	0.21967
112	0.00126	0.2646	0.0804256	0.144272	0.43296
76	0.00126	0.2646	0.0763192	0.112965	0.221444
52	0.00126	0.2646	0.0794432	0.115254	0.20506
161	0.00126	0.2646	0.0974388	0.21492	0.824577
170	0.00126	0.2646	0.0944189	0.194668	0.70841
92	0.00126	0.2646	0.0879194	0.158047	0.456648
50	0.00126	0.2646	0.0802421	0.117155	0.20679
214	0.00126	0.2646	0.0850276	0.166344	0.582047
56	0.00126	0.2646	0.0812616	0.129669	0.287815
85	0.00126	0.2646	0.0781495	0.124396	0.30201
87	0.00126	0.2646	0.0775227	0.126136	0.324424
90	0.00126	0.2646	0.077815	0.123145	0.290731
50	0.00126	0.2646	0.080366	0.122473	0.248104
63	0.00126	0.2646	0.0868795	0.151265	0.410606
119	0.00126	0.2646	0.09208	0.181273	0.606708
112	0.00126	0.2646	0.0889128	0.16973	0.55558
132	0.00126	0.2646	0.0849302	0.151067	0.443232
66	0.00126	0.2646	0.0805505	0.128911	0.305349
145	0.00126	0.2646	0.0827926	0.149924	0.458126
62	0.00126	0.2646	0.0776254	0.117851	0.24439
16	0.00126	0.2646	0.0743347	0.0980623	0.11456
82	0.00126	0.2646	0.0791769	0.130742	0.339853
198	0.00126	0.2646	0.0922972	0.199595	0.764431
31	0.00126	0.2646	0.080097	0.11351	0.178956
142	0.00126	0.2646	0.0849582	0.155259	0.473339
14	0.00126	0.2646	0.0760647	0.0991212	0.107758
102	0.00126	0.2646	0.0824173	0.148056	0.437288
32	0.00126	0.2646	0.0763561	0.106234	0.165024
80	0.00126	0.2646	0.0799273	0.127866	0.301464
132	0.00126	0.2646	0.086595	0.170036	0.576619
141	0.00126	0.2646	0.0839781	0.154671	0.492794
75	0.00126	0.2646	0.0832121	0.137962	0.346052
109	0.00126	0.2646	0.0912547	0.185344	0.64358
174	0.00126	0.2646	0.0844666	0.156445	0.515584
62	0.00126	0.2646	0.08339	0.144406	0.388518
124	0.00126	0.2646	0.0770986	0.122002	0.302897
30	0.00126	0.2646	0.0754222	0.102623	0.137998
88	0.00126	0.2646	0.0818398	0.142093	0.397462
147	0.00126	0.2646	0.0843343	0.156344	0.493376
57	0.00126	0.2646	0.0811675	0.130819	0.308806
117	0.00126	0.2646	0.0834146	0.150395	0.454812
157	0.00126	0.2646	0.0852384	0.158392	0.511258
126	0.00126	0.2646	0.0865676	0.160825	0.490233
38	0.00126	0.2646	0.0777714	0.113833	0.215548
52	0.00126	0.2646	0.0807104	0.132009	0.310466
59	0.00126	0.2646	0.0743998	0.103033	0.160625
45	0.00126	0.2646	0.0736355	0.101806	0.164997
66	0.00126	0.2646	0.0793855	0.127118	0.291544
142	0.00126	0.2646	0.0832586	0.151157	0.454839
95	0.00126	0.2646	0.0785246	0.123285	0.29223
160	0.00126	0.2646	0.0822893	0.150602	0.473422
100	0.00126	0.2646	0.0819724	0.140556	0.392181
81	0.00126	0.2646	0.0855015	0.153767	0.445208
77	0.00126	0.2646	0.0785755	0.121426	0.276571
179	0.00126	0.2646	0.0837984	0.159242	0.52417
81	0.00126	0.2646	0.0777223	0.120661	0.267436
81	0.00126	0.2646	0.0769263	0.12153	0.29088
140	0.00126	0.2646	0.0800237	0.139013	0.409075
150	0.00126	0.2646	0.083648	0.160048	0.529057
15	0.00126	0.2646	0.0749495	0.101183	0.135345
61	0.00126	0.2646	0.076484	0.116355	0.249558
146	0.00126	0.2646	0.0826747	0.147385	0.439223
15	0.00126	0.2646	0.0808061	0.116586	0.17096
69	0.00126	0.2646	0.0775409	0.115816	0.237471
110	0.00126	0.2646	0.0815888	0.143846	0.414458
106	0.00126	0.2646	0.0791213	0.128652	0.318534
32	0.00126	0.2646	0.076155	0.107281	0.163749
27	0.00126	0.2646	0.0770863	0.109746	0.17207
126	0.00126	0.2646	0.081946	0.147376	0.44034
85	0.00126	0.2646	0.0772473	0.11608	0.231356
106	0.00126	0.2646	0.0796383	0.141028	0.434242
95	0.00126	0.2646	0.0824462	0.141328	0.382702
146	0.00126	0.2646	0.0881453	0.181397	0.664364
85	0.00126	0.2646	0.0802119	0.128185	0.308714
145	0.00126	0.2646	0.0833298	0.14929	0.438946
93	0.00126	0.2646	0.0792033	0.124856	0.294539
98	0.00126	0.2646	0.0836767	0.14628	0.408552
129	0.00126	0.2646	0.0858939	0.160377	0.510221
141	0.00126	0.2646	0.08947	0.181097	0.635646
106	0.00126	0.2646	0.0813868	0.139559	0.389045
51	0.00126	0.2646	0.0777324	0.11696	0.243601
111	0.00126	0.2646	0.0857481	0.16176	0.517465
21	0.00126	0.2646	0.0755373	0.0986525	0.101806
77	0.00126	0.2646	0.0814628	0.138144	0.370448
111	0.00126	0.2646	0.083889	0.151423	0.449992
63	0.00126	0.2646	0.0782608	0.117114	0.244017
110	0.00126	0.2646	0.0847467	0.154224	0.460497
78	0.00126	0.2646	0.0808062	0.129541	0.315486
213	0.00126	0.2646	0.0908376	0.196622	0.749214
39	0.00126	0.2646	0.075796	0.103005	0.148792
78	0.00126	0.2646	0.0788247	0.128599	0.320107
123	0.00126	0.2646	0.0812575	0.143945	0.423062
91	0.00126	0.2646	0.0807186	0.137337	0.383923
158	0.00126	0.2646	0.0885721	0.175136	0.591178
94	0.00126	0.2646	0.0828765	0.138611	0.36145
60	0.00126	0.2646	0.0793392	0.120207	0.245589
92	0.00126	0.2646	0.0829669	0.147674	0.427002
83	0.00126	0.2646	0.0767759	0.112708	0.23189
60	0.00126	0.2646	0.0841454	0.147643	0.395835
126	0.00126	0.2646	0.0799082	0.13313	0.364213
112	0.00126	0.2646	0.0831575	0.152154	0.463592
98	0.00126	0.2646	0.0789139	0.125735	0.301442
213	0.00126	0.2646	0.0839753	0.158478	0.52713
112	0.00126	0.2646	0.0873239	0.16349	0.50588
54	0.00126	0.2646	0.0816742	0.124818	0.258073
128	0.00126	0.2646	0.0851951	0.153678	0.455019
83	0.00126	0.2646	0.081891	0.135861	0.349205
50	0.00126	0.2646	0.0785151	0.114984	0.210123
143	0.00126	0.2646	0.0868528	0.170132	0.574359
41	0.00126	0.2646	0.0768906	0.108915	0.185494
63	0.00126	0.2646	0.0804697	0.131444	0.314569
91	0.00126	0.2646	0.0801405	0.134721	0.363859
103	0.00126	0.2646	0.0814386	0.139844	0.388454
152	0.00126	0.2646	0.0851986	0.161526	0.533843
86	0.00126	0.2646	0.0836544	0.136653	0.334808
198	0.00126	0.2646	0.0922193	0.197398	0.758978
114	0.00126	0.2646	0.0916697	0.184882	0.638938
111	0.00126	0.2646	0.0833821	0.138931	0.367746
149	0.00126	0.2646	0.0891278	0.180305	0.631309
48	0.00126	0.2646	0.0789781	0.118463	0.236964
97	0.00126	0.2646	0.0799833	0.130368	0.323937
68	0.00126	0.2646	0.0787142	0.123304	0.276832
126	0.00126	0.2646	0.0834487	0.14935	0.441795
93	0.00126	0.2646	0.0797521	0.127873	0.314448
94	0.00126	0.2646	0.0829843	0.142397	0.381997
69	0.00126	0.2646	0.0809369	0.125639	0.281876
199	0.00126	0.2646	0.0950819	0.211492	0.823043
129	0.00126	0.2646	0.0872451	0.161268	0.505196
80	0.00126	0.2646	0.0843485	0.141906	0.368175
187	0.00126	0.2646	0.0907322	0.195269	0.755571
109	0.00126	0.2646	0.0851688	0.151044	0.435449
145	0.00126	0.2646	0.0839946	0.15452	0.488131
49	0.00126	0.2646	0.080281	0.128183	0.286511
103	0.00126	0.2646	0.0806149	0.132259	0.341888
146	0.00126	0.2646	0.0905446	0.192338	0.71804
78	0.00126	0.2646	0.0804211	0.122836	0.264496
165	0.00126	0.2646	0.092955	0.200973	0.768365
154	0.00126	0.2646	0.0960501	0.21371	0.836594
91	0.00126	0.2646	0.086754	0.154722	0.452929
95	0.00126	0.2646	0.0854219	0.152054	0.437103
108	0.00126	0.2646	0.0819256	0.139365	0.379915
25	0.00126	0.2646	0.0750264	0.0984493	0.116556
179	0.00126	0.2646	0.0870622	0.182023	0.680813
43	0.00126	0.2646	0.0767209	0.1045	0.158327
163	0.00126	0.2646	0.0923748	0.203138	0.779422
86	0.00126	0.2646	0.0813557	0.138585	0.3865
100	0.00126	0.2646	0.0800085	0.130829	0.331316
113	0.00126	0.2646	0.0846156	0.153982	0.466725
104	0.00126	0.2646	0.0833996	0.142352	0.387789
79	0.00126	0.2646	0.0835887	0.144317	0.396215
69	0.00126	0.2646	0.0796276	0.125735	0.289459
89	0.00126	0.2646	0.0777153	0.117862	0.254187
134	0.00126	0.2646	0.0849495	0.163704	0.533515
27	0.00126	0.2646	0.0743171	0.0948812	0.106249
96	0.00126	0.2646	0.0851287	0.15785	0.474569
104	0.00126	0.2646	0.0794186	0.133276	0.362552
64	0.00126	0.2646	0.076715	0.116573	0.245758
42	0.00126	0.2646	0.0782525	0.116928	0.221717
75	0.00126	0.2646	0.0823387	0.137493	0.351291
138	0.00126	0.2646	0.086139	0.166816	0.557516
43	0.00126	0.2646	0.0767351	0.11187	0.213245
55	0.00126	0.2646	0.0769871	0.113379	0.220939
133	0.00126	0.2646	0.0854134	0.165116	0.549989
65	0.00126	0.2646	0.0782192	0.120155	0.269752
122	0.00126	0.2646	0.0847287	0.161174	0.519495
62	0.00126	0.2646	0.0770881	0.114031	0.226538
104	0.00126	0.2646	0.0814894	0.14649	0.448346
139	0.00126	0.2646	0.084007	0.158557	0.525196
50	0.00126	0.2646	0.0827831	0.135086	0.319851
168	0.00126	0.2646	0.0864153	0.17298	0.608163
57	0.00126	0.2646	0.0757985	0.104544	0.162205
76	0.00126	0.2646	0.0795801	0.125376	0.284289
41	0.00126	0.2646	0.07824	0.112098	0.18041
108	0.00126	0.2646	0.0817797	0.145417	0.44053
69	0.00126	0.2646	0.0855142	0.156142	0.461121
144	0.00126	0.2646	0.082495	0.142497	0.413139
115	0.00126	0.2646	0.087512	0.17006	0.559901
77	0.00126	0.2646	0.0783824	0.114972	0.22233
100	0.00126	0.2646	0.0831948	0.142793	0.377492
102	0.00126	0.2646	0.0806054	0.130016	0.314546
169	0.00126	0.2646	0.0836047	0.157562	0.523688
108	0.00126	0.2646	0.0835099	0.148669	0.430572
112	0.00126	0.2646	0.081311	0.146576	0.455159
17	0.00126	0.2646	0.0761898	0.101607	0.1244
181	0.00126	0.2646	0.0882751	0.18256	0.664684
71	0.00126	0.2646	0.0805483	0.121493	0.249059
149	0.00126	0.2646	0.0897054	0.177954	0.596992
105	0.00126	0.2646	0.0803912	0.128409	0.31913
142	0.00126	0.2646	0.0885291	0.182271	0.654133
44	0.00126	0.2646	0.0770645	0.111119	0.206128
63	0.00126	0.2646	0.0799551	0.127349	0.290506
136	0.00126	0.2646	0.0833306	0.150845	0.453924
103	0.00126	0.2646	0.0786636	0.1271	0.315497
81	0.00126	0.2646	0.0814807	0.140973	0.403883
144	0.00126	0.2646	0.0887688	0.178832	0.621857
58	0.00126	0.2646	0.0816145	0.127164	0.279832
175	0.00126	0.2646	0.087025	0.170935	0.58309
15	0.00126	0.2646	0.0756355	0.0974756	0.107305
153	0.00126	0.2646	0.0874467	0.170772	0.568193
141	0.00126	0.2646	0.0823546	0.137501	0.368488
130	0.00126	0.2646	0.0904739	0.186828	0.663577
113	0.00126	0.2646	0.0803067	0.12802	0.303928
39	0.00126	0.2646	0.0753325	0.104711	0.163339
104	0.00126	0.2646	0.0788304	0.127098	0.312845
86	0.00126	0.2646	0.0824514	0.138355	0.355157
147	0.00126	0.2646	0.0851387	0.157443	0.495064
54	0.00126	0.2646	0.0814667	0.129701	0.294467
169	0.00126	0.2646	0.0827905	0.151466	0.49188
123	0.00126	0.2646	0.0886944	0.167552	0.520521
83	0.00126	0.2646	0.0834393	0.139245	0.370817
246	0.00126	0.2646	0.0949257	0.212713	0.836504
103	0.00126	0.2646	0.0823127	0.143431	0.410886
68	0.00126	0.2646	0.0768849	0.118772	0.267502
29	0.00126	0.2646	0.0752258	0.101744	0.135678
125	0.00126	0.2646	0.0829336	0.151793	0.472759
43	0.00126	0.2646	0.0814415	0.124777	0.251212
182	0.00126	0.2646	0.090021	0.186098	0.674699
80	0.00126	0.2646	0.0828699	0.135962	0.346334
168	0.00126	0.2646	0.0917683	0.189791	0.678336
79	0.00126	0.2646	0.0817869	0.130933	0.323517
138	0.00126	0.2646	0.0889604	0.177521	0.609759
100	0.00126	0.2646	0.0816143	0.139113	0.378579
62	0.00126	0.2646	0.0777843	0.118069	0.244321
46	0.00126	0.2646	0.0759591	0.109381	0.197716
127	0.00126	0.2646	0.0821476	0.150118	0.465264
98	0.00126	0.2646	0.0779532	0.114918	0.228747
88	0.00126	0.2646	0.0873698	0.167372	0.533031
44	0.00126	0.2646	0.0827959	0.13364	0.313346
76	0.00126	0.2646	0.0846115	0.14777	0.410608
77	0.00126	0.2646	0.0817661	0.130018	0.300443
164	0.00126	0.2646	0.0881604	0.171212	0.572304
194	0.00126	0.2646	0.0861564	0.171828	0.613688
158	0.00126	0.2646	0.0788664	0.135995	0.394545
102	0.00126	0.2646	0.0774997	0.119614	0.271305
79	0.00126	0.2646	0.0843662	0.151481	0.43069
146	0.00126	0.2646	0.0808718	0.132995	0.344565
147	0.00126	0.2646	0.089067	0.178886	0.630317
238	0.00126	0.2646	0.0943837	0.203415	0.772704
160	0.00126	0.2646	0.0885947	0.167759	0.549404
125	0.00126	0.2646	0.0883119	0.170586	0.570354
87	0.00126	0.2646	0.0837819	0.141726	0.364076
11	0.00126	0.2646	0.0752669	0.0969812	0.0929227
12	0.00126	0.2646	0.0749572	0.0991564	0.108775
77	0.00126	0.2646	0.0777689	0.121119	0.285313
170	0.00126	0.2646	0.0917489	0.199214	0.756655
118	0.00126	0.2646	0.0824236	0.146626	0.439466
55	0.00126	0.2646	0.0772239	0.110113	0.186824
77	0.00126	0.2646	0.0841882	0.145971	0.393833
86	0.00126	0.2646	0.0847669	0.143856	0.383062
141	0.00126	0.2646	0.0898012	0.174152	0.576191
138	0.00126	0.2646	0.0859401	0.160866	0.520952
96	0.00126	0.2646	0.0804031	0.13825	0.392693
84	0.00126	0.2646	0.079616	0.133331	0.350451
72	0.00126	0.2646	0.0756543	0.105392	0.175163
121	0.00126	0.2646	0.0858566	0.159754	0.481364
72	0.00126	0.2646	0.0778803	0.120518	0.272235
95	0.00126	0.2646	0.0780243	0.123189	0.292006
121	0.00126	0.2646	0.0838847	0.150394	0.452703
142	0.00126	0.2646	0.0899389	0.175574	0.587711
173	0.00126	0.2646	0.0911879	0.181157	0.621724
121	0.00126	0.2646	0.0848414	0.153944	0.470197
86	0.00126	0.2646	0.0792713	0.12322	0.268714
79	0.00126	0.2646	0.0806415	0.133817	0.349027
119	0.00126	0.2646	0.0815099	0.141219	0.406885
108	0.00126	0.2646	0.0876804	0.172357	0.573308
63	0.00126	0.2646	0.0765264	0.106539	0.171568
104	0.00126	0.2646	0.08189	0.143936	0.407844
87	0.00126	0.2646	0.0806431	0.127825	0.295131
163	0.00126	0.2646	0.0878894	0.170803	0.573423
117	0.00126	0.2646	0.0863875	0.158661	0.480164
74	0.00126	0.2646	0.0803153	0.125671	0.280671
113	0.00126	0.2646	0.083469	0.155856	0.505712
110	0.00126	0.2646	0.0829586	0.148368	0.440805
106	0.00126	0.2646	0.081232	0.13621	0.367551
132	0.00126	0.2646	0.087393	0.165631	0.527045
81	0.00126	0.2646	0.0843618	0.142941	0.381327
179	0.00126	0.2646	0.0919927	0.195181	0.717069
20	0.00126	0.2646	0.0765413	0.102394	0.133344
77	0.00126	0.2646	0.0800387	0.130267	0.321291
110	0.00126	0.2646	0.0835682	0.150988	0.455437
103	0.00126	0.2646	0.0807664	0.131545	0.325377
117	0.00126	0.2646	0.0819574	0.141886	0.399717
141	0.00126	0.2646	0.084072	0.157354	0.499012
119	0.00126	0.2646	0.0781311	0.122986	0.299031
41	0.00126	0.2646	0.0819507	0.130864	0.290261
106	0.00126	0.2646	0.0873987	0.163454	0.521715
187	0.00126	0.2646	0.0948849	0.205121	0.77034
95	0.00126	0.2646	0.081226	0.13801	0.392319
67	0.00126	0.2646	0.0789986	0.121024	0.24928
45	0.00126	0.2646	0.0786648	0.120365	0.253101
53	0.00126	0.2646	0.0810593	0.132658	0.323916
123	0.00126	0.2646	0.0846017	0.161714	0.541873
82	0.00126	0.2646	0.0784383	0.126412	0.308899
59	0.00126	0.2646	0.0767482	0.108562	0.183773
165	0.00126	0.2646	0.0907997	0.191241	0.707072
215	0.00126	0.2646	0.0900438	0.179239	0.625004
90	0.00126	0.2646	0.0859786	0.153531	0.437723
52	0.00126	0.2646	0.0762119	0.103492	0.152303
129	0.00126	0.2646	0.084653	0.158436	0.502476
96	0.00126	0.2646	0.0818193	0.132079	0.321024
163	0.00126	0.2646	0.0907877	0.19207	0.71013
75	0.00126	0.2646	0.0795628	0.12426	0.279357
47	0.00126	0.2646	0.0766443	0.110135	0.188512
73	0.00126	0.2646	0.0795312	0.126816	0.299205
118	0.00126	0.2646	0.0866967	0.166119	0.54852
114	0.00126	0.2646	0.0895261	0.179569	0.617523
67	0.00126	0.2646	0.0794897	0.119964	0.24369
50	0.00126	0.2646	0.076611	0.107186	0.173854
128	0.00126	0.2646	0.0877358	0.16984	0.558526
122	0.00126	0.2646	0.0851383	0.155333	0.488398
140	0.00126	0.2646	0.0900895	0.183255	0.641286
127	0.00126	0.2646	0.0810038	0.139726	0.402254
129	0.00126	0.2646	0.0807941	0.138344	0.385351
97	0.00126	0.2646	0.0826212	0.145357	0.416655
126	0.00126	0.2646	0.0816532	0.137671	0.369138
127	0.00126	0.2646	0.0854317	0.160154	0.513787
134	0.00126	0.2646	0.0844434	0.154746	0.475979
92	0.00126	0.2646	0.0796744	0.120727	0.257046
159	0.00126	0.2646	0.0910821	0.189938	0.685805
66	0.00126	0.2646	0.0792756	0.11972	0.251827
51	0.00126	0.2646	0.0812602	0.13183	0.308052
54	0.00126	0.2646	0.0780359	0.119498	0.259195
89	0.00126	0.2646	0.0816168	0.139776	0.382322
128	0.00126	0.2646	0.083772	0.158705	0.520787
55	0.00126	0.2646	0.07735	0.113855	0.210445
57	0.00126	0.2646	0.0759119	0.110628	0.203681
49	0.00126	0.2646	0.0771813	0.115291	0.228256
97	0.00126	0.2646	0.0805906	0.133855	0.349027
104	0.00126	0.2646	0.0838594	0.148935	0.426131
11	0.00126	0.2646	0.0756272	0.097006	0.0994706
79	0.00126	0.2646	0.0830956	0.14452	0.393456
28	0.00126	0.2646	0.0795218	0.121055	0.2425
67	0.00126	0.2646	0.080376	0.135766	0.365065
68	0.00126	0.2646	0.0771653	0.116631	0.243962
84	0.00126	0.2646	0.0811467	0.141044	0.392942
123	0.00126	0.2646	0.0784328	0.131668	0.362365
43	0.00126	0.2646	0.0763224	0.108276	0.179804
110	0.00126	0.2646	0.0837629	0.150998	0.443364
76	0.00126	0.2646	0.0815046	0.130732	0.310413
112	0.00126	0.2646	0.0843594	0.150119	0.448787
150	0.00126	0.2646	0.0908738	0.193103	0.73334
171	0.00126	0.2646	0.0861501	0.164803	0.548655
83	0.00126	0.2646	0.0800722	0.133995	0.357954
95	0.00126	0.2646	0.0787724	0.130799	0.353778
81	0.00126	0.2646	0.0830337	0.146658	0.41074
82	0.00126	0.2646	0.07849	0.126074	0.304193
49	0.00126	0.2646	0.0765103	0.110569	0.200877
164	0.00126	0.2646	0.0857573	0.165724	0.554655
61	0.00126	0.2646	0.0829803	0.134461	0.320133
117	0.00126	0.2646	0.0871229	0.1598	0.486487
48	0.00126	0.2646	0.0834467	0.131012	0.273896
171	0.00126	0.2646	0.0874161	0.1767	0.630012
158	0.00126	0.2646	0.0843151	0.162097	0.545113
81	0.00126	0.2646	0.0786894	0.118781	0.245496
124	0.00126	0.2646	0.0878573	0.177472	0.618254
48	0.00126	0.2646	0.0775727	0.114521	0.221168
99	0.00126	0.2646	0.0797157	0.13102	0.335011
150	0.00126	0.2646	0.0865007	0.165902	0.54966
199	0.00126	0.2646	0.0919413	0.192666	0.715348
58	0.00126	0.2646	0.0874229	0.1513	0.401707
197	0.00126	0.2646	0.0881294	0.172223	0.590384
149	0.00126	0.2646	0.0853367	0.161758	0.535495
58	0.00126	0.2646	0.0791631	0.122879	0.265202
115	0.00126	0.2646	0.0819056	0.138766	0.379935
207	0.00126	0.2646	0.0919495	0.196892	0.737039
98	0.00126	0.2646	0.0799846	0.123883	0.281261
110	0.00126	0.2646	0.0851279	0.162212	0.529157
142	0.00126	0.2646	0.0825968	0.144375	0.421269
85	0.00126	0.2646	0.086077	0.160697	0.504575
143	0.00126	0.2646	0.0862554	0.162841	0.531271
112	0.00126	0.2646	0.083613	0.150483	0.455011
83	0.00126	0.2646	0.0802811	0.130165	0.314033
180	0.00126	0.2646	0.0873883	0.174014	0.599755
34	0.00126	0.2646	0.0781693	0.109801	0.176366
127	0.00126	0.2646	0.0881585	0.172965	0.584067
144	0.00126	0.2646	0.0871424	0.163916	0.530858
101	0.00126	0.2646	0.0879411	0.165439	0.515956
96	0.00126	0.2646	0.0806497	0.132414	0.341651
136	0.00126	0.2646	0.0822605	0.14537	0.4345
173	0.00126	0.2646	0.0877111	0.170971	0.570176
65	0.00126	0.2646	0.0801601	0.12352	0.261658
71	0.00126	0.2646	0.0789616	0.119167	0.24433
117	0.00126	0.2646	0.0846672	0.160934	0.520282
52	0.00126	0.2646	0.0772007	0.114856	0.234902
66	0.00126	0.2646	0.0805004	0.126367	0.276073
89	0.00126	0.2646	0.0855435	0.152328	0.443393
133	0.00126	0.2646	0.0916383	0.183474	0.6208
89	0.00126	0.2646	0.0814233	0.133251	0.335248
100	0.00126	0.2646	0.079934	0.127785	0.310417
144	0.00126	0.2646	0.0880173	0.176623	0.619821
110	0.00126	0.2646	0.0838019	0.15128	0.458454
37	0.00126	0.2646	0.077544	0.111274	0.194875
116	0.00126	0.2646	0.0815619	0.142874	0.402449
75	0.00126	0.2646	0.0777583	0.115666	0.232463
149	0.00126	0.2646	0.0848131	0.161571	0.532883
54	0.00126	0.2646	0.0825337	0.131364	0.30043
171	0.00126	0.2646	0.0893475	0.177621	0.609781
132	0.00126	0.2646	0.0839708	0.152374	0.469437
81	0.00126	0.2646	0.081849	0.138754	0.375899
89	0.00126	0.2646	0.0838034	0.147287	0.418162
100	0.00126	0.2646	0.0846969	0.15501	0.46564
82	0.00126	0.2646	0.076819	0.113193	0.23064
179	0.00126	0.2646	0.0894733	0.186658	0.69083
129	0.00126	0.2646	0.0878463	0.169845	0.565411
61	0.00126	0.2646	0.080634	0.122408	0.249061
151	0.00126	0.2646	0.0874955	0.171322	0.579012
91	0.00126	0.2646	0.0818402	0.134425	0.336328
102	0.00126	0.2646	0.0822801	0.14609	0.436039
94	0.00126	0.2646	0.0823634	0.137699	0.351172
71	0.00126	0.2646	0.0808122	0.131403	0.317815
70	0.00126	0.2646	0.0804972	0.130647	0.312355
62	0.00126	0.2646	0.0769443	0.107792	0.17353
96	0.00126	0.2646	0.0886359	0.167601	0.527049
248	0.00126	0.2646	0.0922327	0.191141	0.687366
69	0.00126	0.2646	0.0799958	0.120316	0.250616
141	0.00126	0.2646	0.0864281	0.164139	0.527462
158	0.00126	0.2646	0.0864769	0.171689	0.605676
148	0.00126	0.2646	0.0822407	0.136136	0.354318
90	0.00126	0.2646	0.0899426	0.180951	0.620752
115	0.00126	0.2646	0.0821237	0.141237	0.40273
110	0.00126	0.2646	0.0820289	0.141526	0.392061
73	0.00126	0.2646	0.0798865	0.125433	0.294835
130	0.00126	0.2646	0.0891444	0.176458	0.605927
150	0.00126	0.2646	0.0884954	0.17547	0.608218
77	0.00126	0.2646	0.0813593	0.134718	0.343537
70	0.00126	0.2646	0.0793117	0.130403	0.337465
63	0.00126	0.2646	0.0781829	0.118727	0.240572
128	0.00126	0.2646	0.0828124	0.149543	0.460785
215	0.00126	0.2646	0.0884802	0.17716	0.617768
127	0.00126	0.2646	0.0811204	0.133479	0.350877
105	0.00126	0.2646	0.0859383	0.162012	0.522358
102	0.00126	0.2646	0.0852604	0.150017	0.428715
83	0.00126	0.2646	0.0796506	0.129532	0.319555
17	0.00126	0.2646	0.0758206	0.104125	0.150349
160	0.00126	0.2646	0.0842052	0.16746	0.588034
44	0.00126	0.2646	0.0762092	0.108513	0.179787
85	0.00126	0.2646	0.0792792	0.133069	0.352754
112	0.00126	0.2646	0.0798234	0.133899	0.359635
73	0.00126	0.2646	0.0812137	0.136032	0.353662
51	0.00126	0.2646	0.0797012	0.119098	0.231745
89	0.00126	0.2646	0.0861334	0.155466	0.449287
72	0.00126	0.2646	0.0845543	0.152113	0.449429
60	0.00126	0.2646	0.0758586	0.112337	0.216103
58	0.00126	0.2646	0.0748281	0.108482	0.202623
66	0.00126	0.2646	0.0786985	0.127231	0.305336
135	0.00126	0.2646	0.0812165	0.146441	0.452442
191	0.00126	0.2646	0.083937	0.162482	0.552619
114	0.00126	0.2646	0.0800162	0.128291	0.308992
135	0.00126	0.2646	0.0851109	0.157511	0.49897
105	0.00126	0.2646	0.0892202	0.171633	0.56086
164	0.00126	0.2646	0.088318	0.171416	0.572582
64	0.00126	0.2646	0.0775018	0.112779	0.20874
117	0.00126	0.2646	0.0808074	0.142783	0.411591
169	0.00126	0.2646	0.0810362	0.146273	0.459555
100	0.00126	0.2646	0.0826858	0.144324	0.4038
125	0.00126	0.2646	0.0824273	0.152329	0.487328
93	0.00126	0.2646	0.0808191	0.139417	0.38752
33	0.00126	0.2646	0.0776989	0.114074	0.213077
74	0.00126	0.2646	0.083578	0.142152	0.375844
205	0.00126	0.2646	0.092766	0.200902	0.777367
63	0.00126	0.2646	0.0833607	0.137298	0.330949
10	0.00126	0.2646	0.0744204	0.0951562	0.098036
106	0.00126	0.2646	0.0812457	0.140142	0.388444
93	0.00126	0.2646	0.080618	0.136068	0.373295
69	0.00126	0.2646	0.0848225	0.149483	0.41237
95	0.00126	0.2646	0.0818043	0.140003	0.383566
52	0.00126	0.2646	0.0789547	0.120339	0.240254
90	0.00126	0.2646	0.0774595	0.11996	0.271141
67	0.00126	0.2646	0.0777825	0.117351	0.240163
16	0.00126	0.2646	0.0789676	0.112031	0.160185
63	0.00126	0.2646	0.0792609	0.124436	0.280545
110	0.00126	0.2646	0.0776372	0.122599	0.299683
117	0.00126	0.2646	0.0917636	0.186783	0.654983
140	0.00126	0.2646	0.0855707	0.152433	0.459708
162	0.00126	0.2646	0.0929906	0.197816	0.734211
70	0.00126	0.2646	0.0847401	0.141594	0.362283
161	0.00126	0.2646	0.0891355	0.177607	0.614016
136	0.00126	0.2646	0.0852128	0.160707	0.525054
104	0.00126	0.2646	0.0816026	0.132384	0.332045
174	0.00126	0.2646	0.0937835	0.198721	0.733788
183	0.00126	0.2646	0.0910071	0.184462	0.662202
202	0.00126	0.2646	0.0886062	0.173931	0.607522
67	0.00126	0.2646	0.0828784	0.137906	0.345535
145	0.00126	0.2646	0.0824475	0.143496	0.414633
106	0.00126	0.2646	0.0851143	0.155681	0.47936
138	0.00126	0.2646	0.08699	0.165033	0.547238
103	0.00126	0.2646	0.0898962	0.178375	0.604208
78	0.00126	0.2646	0.0815516	0.133789	0.334454
60	0.00126	0.2646	0.0779324	0.113958	0.217413
122	0.00126	0.2646	0.0867205	0.159853	0.482883
121	0.00126	0.2646	0.0853946	0.153032	0.445559
97	0.00126	0.2646	0.0820955	0.137538	0.365321
62	0.00126	0.2646	0.0795539	0.127262	0.301351
56	0.00126	0.2646	0.0784666	0.116845	0.222646
94	0.00126	0.2646	0.0804335	0.132142	0.330582
29	0.00126	0.2646	0.0785759	0.107765	0.140845
122	0.00126	0.2646	0.0872064	0.169873	0.572461
117	0.00126	0.2646	0.0849946	0.155872	0.478119
115	0.00126	0.2646	0.0802668	0.129228	0.320902
197	0.00126	0.2646	0.0861328	0.163021	0.527694
145	0.00126	0.2646	0.0857175	0.165247	0.556821
79	0.00126	0.2646	0.0782919	0.11806	0.242931
136	0.00126	0.2646	0.089882	0.17651	0.593201
105	0.00126	0.2646	0.0897393	0.173615	0.568273
84	0.00126	0.2646	0.0815691	0.133359	0.341611
104	0.00126	0.2646	0.0838218	0.150103	0.439209
22	0.00126	0.2646	0.0773762	0.10764	0.16184
95	0.00126	0.2646	0.0815816	0.135098	0.336845
53	0.00126	0.2646	0.0808074	0.127984	0.293077
116	0.00126	0.2646	0.084488	0.15742	0.49962
107	0.00126	0.2646	0.0809839	0.132862	0.335155
115	0.00126	0.2646	0.0828891	0.145805	0.431687
131	0.00126	0.2646	0.0913755	0.176606	0.579028
143	0.00126	0.2646	0.0930818	0.189058	0.660224
60	0.00126	0.2646	0.0807664	0.123185	0.263572
108	0.00126	0.2646	0.0852773	0.160847	0.518716
66	0.00126	0.2646	0.0801704	0.130776	0.327716
43	0.00126	0.2646	0.0796041	0.117759	0.220225
176	0.00126	0.2646	0.0896376	0.183461	0.655905
60	0.00126	0.2646	0.0815299	0.128128	0.284703
156	0.00126	0.2646	0.0844087	0.157756	0.514006
73	0.00126	0.2646	0.0840261	0.137671	0.333348
155	0.00126	0.2646	0.0909134	0.18023	0.618791
54	0.00126	0.2646	0.0844586	0.138797	0.338824
120	0.00126	0.2646	0.0861873	0.163741	0.533439
103	0.00126	0.2646	0.0821718	0.136529	0.342433
116	0.00126	0.2646	0.0819411	0.148571	0.460216
53	0.00126	0.2646	0.0781686	0.116771	0.233435
66	0.00126	0.2646	0.0838846	0.148479	0.42016
84	0.00126	0.2646	0.0827095	0.140923	0.387579
84	0.00126	0.2646	0.0854367	0.147765	0.403545
183	0.00126	0.2646	0.0937697	0.199168	0.744696
106	0.00126	0.2646	0.0814632	0.136503	0.360446
128	0.00126	0.2646	0.0798783	0.13505	0.374526
115	0.00126	0.2646	0.0816499	0.142885	0.405041
100	0.00126	0.2646	0.0787359	0.128887	0.335901
146	0.00126	0.2646	0.0811225	0.148213	0.461651
13	0.00126	0.2646	0.0737354	0.0939539	0.0907297
73	0.00126	0.2646	0.0780293	0.121536	0.273162
94	0.00126	0.2646	0.0818228	0.133976	0.33697
96	0.00126	0.2646	0.0880733	0.164106	0.506489
157	0.00126	0.2646	0.0891975	0.181784	0.655422
137	0.00126	0.2646	0.078973	0.13618	0.386126
57	0.00126	0.2646	0.0745863	0.109593	0.214678
44	0.00126	0.2646	0.0748271	0.107429	0.18666
55	0.00126	0.2646	0.0751204	0.106788	0.179843
100	0.00126	0.2646	0.0811574	0.142638	0.401599
79	0.00126	0.2646	0.0789412	0.124286	0.287337
115	0.00126	0.2646	0.0843127	0.152604	0.461392
95	0.00126	0.2646	0.0895409	0.16933	0.541045
155	0.00126	0.2646	0.0940041	0.202629	0.761175
51	0.00126	0.2646	0.0775771	0.108393	0.171519
161	0.00126	0.2646	0.0822151	0.158816	0.54006
31	0.00126	0.2646	0.0738975	0.0969221	0.116246
81	0.00126	0.2646	0.0802286	0.140314	0.39894
69	0.00126	0.2646	0.0762714	0.111352	0.209635
137	0.00126	0.2646	0.0807041	0.141603	0.408085
131	0.00126	0.2646	0.0800308	0.13525	0.37646
118	0.00126	0.2646	0.084335	0.152735	0.470084
131	0.00126	0.2646	0.0914123	0.175201	0.559158
169	0.00126	0.2646	0.0932637	0.199283	0.749057
55	0.00126	0.2646	0.0770792	0.110955	0.211763
60	0.00126	0.2646	0.0812424	0.133325	0.316181
62	0.00126	0.2646	0.0781521	0.117438	0.244913
114	0.00126	0.2646	0.0868075	0.167378	0.54323
146	0.00126	0.2646	0.081152	0.13568	0.364124
121	0.00126	0.2646	0.0820432	0.146385	0.433362
58	0.00126	0.2646	0.0777784	0.118375	0.242255
34	0.00126	0.2646	0.0765804	0.107551	0.18128
101	0.00126	0.2646	0.0883192	0.168634	0.544891
135	0.00126	0.2646	0.0883347	0.169007	0.542822
71	0.00126	0.2646	0.0789212	0.121346	0.270684
190	0.00126	0.2646	0.0992322	0.225063	0.885322
133	0.00126	0.2646	0.0894721	0.163871	0.501221
184	0.00126	0.2646	0.0930918	0.192041	0.685202
131	0.00126	0.2646	0.0853854	0.151002	0.443658
92	0.00126	0.2646	0.0816874	0.131542	0.312575
177	0.00126	0.2646	0.0858876	0.165653	0.549068
142	0.00126	0.2646	0.0836299	0.152385	0.486182
145	0.00126	0.2646	0.0904411	0.183638	0.645751
60	0.00126	0.2646	0.0836297	0.137382	0.338315
99	0.00126	0.2646	0.0854965	0.149751	0.432846
64	0.00126	0.2646	0.0869547	0.157595	0.463412
148	0.00126	0.2646	0.0845323	0.148541	0.42548
48	0.00126	0.2646	0.0816307	0.128624	0.288957
85	0.00126	0.2646	0.0848843	0.148055	0.404722
108	0.00126	0.2646	0.0825144	0.140328	0.382008
75	0.00126	0.2646	0.0805854	0.130384	0.312451
107	0.00126	0.2646	0.079322	0.130211	0.337043
75	0.00126	0.2646	0.0815887	0.136946	0.35815
121	0.00126	0.2646	0.0816325	0.138851	0.385385
143	0.00126	0.2646	0.0842329	0.153056	0.474235
31	0.00126	0.2646	0.0787799	0.113849	0.194633
116	0.00126	0.2646	0.084362	0.154418	0.479521
129	0.00126	0.2646	0.0832224	0.138915	0.363783
172	0.00126	0.2646	0.0906567	0.18909	0.698623
86	0.00126	0.2646	0.0848902	0.146705	0.406987
118	0.00126	0.2646	0.088643	0.176367	0.605391
131	0.00126	0.2646	0.0798419	0.130497	0.338147
40	0.00126	0.2646	0.0786087	0.123636	0.281409
49	0.00126	0.2646	0.0772046	0.112401	0.201974
95	0.00126	0.2646	0.0811655	0.141649	0.405509
143	0.00126	0.2646	0.0879297	0.1619	0.501132
156	0.00126	0.2646	0.0947508	0.199893	0.730491
113	0.00126	0.2646	0.0862301	0.150251	0.42725
158	0.00126	0.2646	0.0892725	0.178383	0.62294
96	0.00126	0.2646	0.0832391	0.136241	0.351698
206	0.00126	0.2646	0.0950255	0.209775	0.81245
74	0.00126	0.2646	0.0826495	0.131235	0.300791
136	0.00126	0.2646	0.0838148	0.155035	0.487066
19	0.00126	0.2646	0.0756273	0.100168	0.129348
124	0.00126	0.2646	0.0839352	0.15201	0.459612
84	0.00126	0.2646	0.0881711	0.156551	0.453928
160	0.00126	0.2646	0.096478	0.21066	0.805203
56	0.00126	0.2646	0.083007	0.126852	0.260357
74	0.00126	0.2646	0.084031	0.141378	0.354469
69	0.00126	0.2646	0.0805272	0.121816	0.254626
187	0.00126	0.2646	0.093608	0.197562	0.727047
145	0.00126	0.2646	0.0913997	0.184328	0.648381
91	0.00126	0.2646	0.0860108	0.155742	0.463089
30	0.00126	0.2646	0.0785843	0.111284	0.182435
143	0.00126	0.2646	0.0881713	0.171793	0.578841
84	0.00126	0.2646	0.0849828	0.15144	0.454872
82	0.00126	0.2646	0.0856999	0.145035	0.376517
204	0.00126	0.2646	0.0927806	0.202959	0.800073
179	0.00126	0.2646	0.0902001	0.190038	0.718932
110	0.00126	0.2646	0.0801239	0.123633	0.276841
144	0.00126	0.2646	0.0879531	0.174641	0.602094
116	0.00126	0.2646	0.0860696	0.15878	0.498507
154	0.00126	0.2646	0.0870568	0.162282	0.50943
117	0.00126	0.2646	0.0845438	0.146796	0.419977
125	0.00126	0.2646	0.0900288	0.179268	0.613926
58	0.00126	0.2646	0.0755415	0.104343	0.161301
81	0.00126	0.2646	0.0801817	0.135658	0.365205
79	0.00126	0.2646	0.0811052	0.133131	0.324361
72	0.00126	0.2646	0.0791933	0.125576	0.281524
28	0.00126	0.2646	0.0755163	0.102425	0.136193
107	0.00126	0.2646	0.0807849	0.142467	0.413074
45	0.00126	0.2646	0.0769713	0.109818	0.18919
108	0.00126	0.2646	0.0838381	0.145052	0.398409
130	0.00126	0.2646	0.0864535	0.160357	0.500293
49	0.00126	0.2646	0.0803439	0.125008	0.265587
30	0.00126	0.2646	0.0750822	0.106638	0.179217
113	0.00126	0.2646	0.0782072	0.135316	0.396556
95	0.00126	0.2646	0.0784177	0.124155	0.285829
143	0.00126	0.2646	0.0796679	0.135927	0.383793
117	0.00126	0.2646	0.0821293	0.149616	0.467543
183	0.00126	0.2646	0.0858472	0.173064	0.625186
146	0.00126	0.2646	0.0835742	0.148866	0.450059
121	0.00126	0.2646	0.0881456	0.162583	0.498983
99	0.00126	0.2646	0.0898311	0.172662	0.552746
111	0.00126	0.2646	0.0788826	0.124121	0.295469
58	0.00126	0.2646	0.0762543	0.112663	0.213201
85	0.00126	0.2646	0.0760428	0.11294	0.224154
112	0.00126	0.2646	0.0817494	0.148968	0.457896
73	0.00126	0.2646	0.0767152	0.112861	0.215685
95	0.00126	0.2646	0.0777182	0.1214	0.271966
63	0.00126	0.2646	0.0788204	0.122897	0.267056
110	0.00126	0.2646	0.0832806	0.14515	0.414109
116	0.00126	0.2646	0.0906122	0.177717	0.597919
63	0.00126	0.2646	0.0870883	0.153193	0.420088
66	0.00126	0.2646	0.0775684	0.118051	0.258131
111	0.00126	0.2646	0.087216	0.172883	0.592084
70	0.00126	0.2646	0.0805226	0.125987	0.289826
152	0.00126	0.2646	0.0885351	0.175502	0.591768
60	0.00126	0.2646	0.0797173	0.121977	0.256381
66	0.00126	0.2646	0.0784602	0.121898	0.271064
122	0.00126	0.2646	0.0823879	0.155147	0.509458
16	0.00126	0.2646	0.0764966	0.100165	0.11011
152	0.00126	0.2646	0.0884583	0.168356	0.537494
160	0.00126	0.2646	0.0869673	0.163431	0.522791
14	0.00126	0.2646	0.0761503	0.0982154	0.107439
198	0.00126	0.2646	0.102377	0.238039	0.959301
207	0.00126	0.2646	0.0946621	0.198179	0.742629
165	0.00126	0.2646	0.0928652	0.192482	0.70619
113	0.00126	0.2646	0.0887061	0.165736	0.515244
151	0.00126	0.2646	0.0830383	0.148813	0.459173
103	0.00126	0.2646	0.0819989	0.147898	0.447619
39	0.00126	0.2646	0.0759884	0.10441	0.147188
108	0.00126	0.2646	0.0827433	0.148152	0.438234
103	0.00126	0.2646	0.080662	0.132249	0.339541
96	0.00126	0.2646	0.0840598	0.142062	0.387821
120	0.00126	0.2646	0.0916643	0.189389	0.676211
70	0.00126	0.2646	0.084749	0.145782	0.397556
53	0.00126	0.2646	0.08109	0.123942	0.258619
115	0.00126	0.2646	0.0879701	0.169675	0.555969
43	0.00126	0.2646	0.0785199	0.114884	0.207299
48	0.00126	0.2646	0.0768174	0.114837	0.228695
73	0.00126	0.2646	0.0748997	0.11199	0.238513
82	0.00126	0.2646	0.0762194	0.114469	0.232868
63	0.00126	0.2646	0.077943	0.12257	0.281041
44	0.00126	0.2646	0.0790964	0.116873	0.221294
121	0.00126	0.2646	0.0836921	0.147847	0.425018
34	0.00126	0.2646	0.0796695	0.113467	0.181051
115	0.00126	0.2646	0.0854784	0.154149	0.470284
87	0.00126	0.2646	0.0904838	0.175428	0.56814
91	0.00126	0.2646	0.0841108	0.14375	0.396391
85	0.00126	0.2646	0.0834475	0.145795	0.405494
24	0.00126	0.2646	0.0746387	0.102508	0.154887
23	0.00126	0.2646	0.0739144	0.0979334	0.124194
119	0.00126	0.2646	0.0823415	0.155918	0.51582
123	0.00126	0.2646	0.0813942	0.139299	0.391146
122	0.00126	0.2646	0.0875407	0.163843	0.52059
107	0.00126	0.2646	0.0906996	0.170493	0.536865
154	0.00126	0.2646	0.0922517	0.187484	0.670686
48	0.00126	0.2646	0.0858333	0.13728	0.303771
102	0.00126	0.2646	0.0852455	0.143639	0.376852
146	0.00126	0.2646	0.0908953	0.18084	0.616009
156	0.00126	0.2646	0.0830376	0.146366	0.4404
102	0.00126	0.2646	0.082887	0.145794	0.416794
127	0.00126	0.2646	0.0820965	0.144492	0.421166
92	0.00126	0.2646	0.081062	0.130222	0.313771
86	0.00126	0.2646	0.0840861	0.137326	0.341164
137	0.00126	0.2646	0.0917593	0.177844	0.580954
86	0.00126	0.2646	0.0873206	0.149066	0.39853
99	0.00126	0.2646	0.0893635	0.170689	0.557114
124	0.00126	0.2646	0.086383	0.156053	0.478373
135	0.00126	0.2646	0.0907295	0.178048	0.593349
109	0.00126	0.2646	0.0849817	0.148199	0.422731
182	0.00126	0.2646	0.0908157	0.190321	0.702806
147	0.00126	0.2646	0.0855108	0.15958	0.516812
88	0.00126	0.2646	0.0851769	0.151408	0.438307
27	0.00126	0.2646	0.0786123	0.110817	0.18011
131	0.00126	0.2646	0.0868435	0.162419	0.516178
74	0.00126	0.2646	0.0848061	0.14261	0.367159
109	0.00126	0.2646	0.0847851	0.147844	0.407006
101	0.00126	0.2646	0.0805907	0.129474	0.318346
115	0.00126	0.2646	0.0855535	0.160848	0.508076
76	0.00126	0.2646	0.0797765	0.121823	0.264399
125	0.00126	0.2646	0.0896002	0.182484	0.639541
69	0.00126	0.2646	0.0827769	0.135469	0.335864
170	0.00126	0.2646	0.0866106	0.167847	0.562474
89	0.00126	0.2646	0.0777152	0.119445	0.268085
112	0.00126	0.2646	0.0813955	0.139005	0.383405
99	0.00126	0.2646	0.0842995	0.148233	0.421637
128	0.00126	0.2646	0.0853179	0.162274	0.533106
102	0.00126	0.2646	0.0798024	0.133604	0.360367
91	0.00126	0.2646	0.0785542	0.125509	0.294391
45	0.00126	0.2646	0.0754512	0.102194	0.148976
107	0.00126	0.2646	0.0874242	0.172476	0.584977
79	0.00126	0.2646	0.0841248	0.143299	0.377541
112	0.00126	0.2646	0.0815919	0.140919	0.396829
193	0.00126	0.2646	0.0838088	0.163745	0.571708
23	0.00126	0.2646	0.0759031	0.102359	0.132984
134	0.00126	0.2646	0.0841941	0.158492	0.51276
84	0.00126	0.2646	0.0822461	0.137718	0.346515
129	0.00126	0.2646	0.0794894	0.132612	0.352064
58	0.00126	0.2646	0.0776676	0.120509	0.261682
24	0.00126	0.2646	0.0767392	0.107389	0.168721
94	0.00126	0.2646	0.0863475	0.156147	0.466584
206	0.00126	0.2646	0.0939098	0.202321	0.765612
106	0.00126	0.2646	0.0844335	0.151368	0.452971
25	0.00126	0.2646	0.0790033	0.115809	0.203539
169	0.00126	0.2646	0.0816628	0.152097	0.501853
50	0.00126	0.2646	0.0786521	0.117049	0.222828
124	0.00126	0.2646	0.0840277	0.155437	0.487112
102	0.00126	0.2646	0.0805161	0.135718	0.362421
67	0.00126	0.2646	0.0782772	0.120846	0.266976
126	0.00126	0.2646	0.0856392	0.16234	0.524864
103	0.00126	0.2646	0.0877119	0.16136	0.497865
162	0.00126	0.2646	0.0907323	0.17984	0.612537
165	0.00126	0.2646	0.0852412	0.164109	0.559221
112	0.00126	0.2646	0.0877164	0.162006	0.489045
56	0.00126	0.2646	0.0822839	0.132544	0.316136
105	0.00126	0.2646	0.0875377	0.16619	0.53446
151	0.00126	0.2646	0.0878036	0.170113	0.569599
105	0.00126	0.2646	0.0816308	0.140304	0.391841
55	0.00126	0.2646	0.0784122	0.12098	0.262006
139	0.00126	0.2646	0.0833324	0.1549	0.500655
88	0.00126	0.2646	0.0845228	0.147187	0.409546
123	0.00126	0.2646	0.0850854	0.156271	0.483809
51	0.00126	0.2646	0.0797097	0.121717	0.262971
143	0.00126	0.2646	0.098026	0.213174	0.793955
80	0.00126	0.2646	0.0852682	0.144425	0.385825
43	0.00126	0.2646	0.0810282	0.126067	0.276119
117	0.00126	0.2646	0.0870386	0.166196	0.538292
26	0.00126	0.2646	0.0776613	0.106981	0.151004
133	0.00126	0.2646	0.0814025	0.144669	0.428108
112	0.00126	0.2646	0.0793125	0.135996	0.389102
87	0.00126	0.2646	0.0798612	0.138309	0.392605
85	0.00126	0.2646	0.0769589	0.112847	0.21315
149	0.00126	0.2646	0.0849804	0.154696	0.485327
68	0.00126	0.2646	0.0859636	0.150583	0.41081
138	0.00126	0.2646	0.0864159	0.160307	0.502523
65	0.00126	0.2646	0.0793415	0.116737	0.233513
111	0.00126	0.2646	0.0889965	0.17085	0.542658
121	0.00126	0.2646	0.0838609	0.150889	0.459257
61	0.00126	0.2646	0.0780785	0.119916	0.256043
80	0.00126	0.2646	0.0758144	0.114606	0.24228
131	0.00126	0.2646	0.0788948	0.139312	0.416528
80	0.00126	0.2646	0.0763016	0.115978	0.24995
120	0.00126	0.2646	0.0795734	0.131356	0.347791
95	0.00126	0.2646	0.0839324	0.14719	0.420637
84	0.00126	0.2646	0.0860179	0.15496	0.462659
47	0.00126	0.2646	0.0823998	0.121051	0.223672
235	0.00126	0.2646	0.0982606	0.224955	0.910169
131	0.00126	0.2646	0.0881255	0.160926	0.493044
182	0.00126	0.2646	0.0855934	0.161608	0.528256
56	0.00126	0.2646	0.0776533	0.119508	0.261151
75	0.00126	0.2646	0.0765669	0.115807	0.239355
125	0.00126	0.2646	0.0794491	0.137423	0.391852
99	0.00126	0.2646	0.0795527	0.128978	0.319844
145	0.00126	0.2646	0.0891968	0.170779	0.55548
124	0.00126	0.2646	0.0943567	0.187282	0.636618
137	0.00126	0.2646	0.0944947	0.18378	0.613248
106	0.00126	0.2646	0.09729	0.199168	0.694563
196	0.00126	0.2646	0.0930976	0.188598	0.671067
73	0.00126	0.2646	0.0855148	0.148456	0.405374
58	0.00126	0.2646	0.0774361	0.112173	0.203754
124	0.00126	0.2646	0.0809661	0.141782	0.40851
114	0.00126	0.2646	0.0790067	0.129046	0.326529
55	0.00126	0.2646	0.0787512	0.116562	0.226187
140	0.00126	0.2646	0.0895824	0.171977	0.570422
106	0.00126	0.2646	0.0926321	0.173155	0.535801
134	0.00126	0.2646	0.0958443	0.194003	0.68278
228	0.00126	0.2646	0.0979455	0.215694	0.843477
151	0.00126	0.2646	0.0889381	0.16618	0.529061
86	0.00126	0.2646	0.0841035	0.145168	0.394058
78	0.00126	0.2646	0.0771249	0.113502	0.226348
61	0.00126	0.2646	0.0808202	0.132461	0.31919
101	0.00126	0.2646	0.081469	0.139639	0.385847
116	0.00126	0.2646	0.0839762	0.147917	0.433313
118	0.00126	0.2646	0.0843845	0.148473	0.432417
88	0.00126	0.2646	0.0863505	0.151773	0.427075
95	0.00126	0.2646	0.0860208	0.148658	0.405586
67	0.00126	0.2646	0.0827388	0.13429	0.317129
36	0.00126	0.2646	0.0783873	0.114288	0.204187
120	0.00126	0.2646	0.0827236	0.153382	0.486825
61	0.00126	0.2646	0.0765056	0.108135	0.182969
120	0.00126	0.2646	0.0845127	0.156524	0.481222
112	0.00126	0.2646	0.0807202	0.133516	0.347233
75	0.00126	0.2646	0.0813643	0.133784	0.334133
16	0.00126	0.2646	0.0773705	0.108379	0.158958
129	0.00126	0.2646	0.0828864	0.147223	0.445835
132	0.00126	0.2646	0.0885385	0.170567	0.557117
125	0.00126	0.2646	0.0853693	0.15653	0.477748
149	0.00126	0.2646	0.0799049	0.134678	0.377119
111	0.00126	0.2646	0.081832	0.145163	0.423948
140	0.00126	0.2646	0.0819804	0.147298	0.456321
123	0.00126	0.2646	0.0853825	0.160085	0.504785
129	0.00126	0.2646	0.0816122	0.139627	0.383651
33	0.00126	0.2646	0.0759156	0.105533	0.162589
124	0.00126	0.2646	0.0834502	0.152885	0.4695
44	0.00126	0.2646	0.0781279	0.113517	0.208557
156	0.00126	0.2646	0.0888881	0.181313	0.651578
154	0.00126	0.2646	0.0884082	0.181655	0.660657
37	0.00126	0.2646	0.0763747	0.10424	0.146578
104	0.00126	0.2646	0.0815043	0.14385	0.411927
72	0.00126	0.2646	0.0813513	0.137745	0.363531
63	0.00126	0.2646	0.0809133	0.129698	0.30939
119	0.00126	0.2646	0.0865026	0.169847	0.575589
77	0.00126	0.2646	0.0791946	0.123629	0.286938
109	0.00126	0.2646	0.0880616	0.170345	0.556874
77	0.00126	0.2646	0.0801847	0.130529	0.327203
27	0.00126	0.2646	0.0762284	0.100914	0.119607
112	0.00126	0.2646	0.0854638	0.159264	0.491143
145	0.00126	0.2646	0.0836704	0.152409	0.472653
150	0.00126	0.2646	0.0841304	0.157332	0.514132
200	0.00126	0.2646	0.0896625	0.190544	0.720321
85	0.00126	0.2646	0.0824251	0.138864	0.371785
115	0.00126	0.2646	0.0823031	0.141774	0.393874
68	0.00126	0.2646	0.0807461	0.126893	0.285248
114	0.00126	0.2646	0.0924461	0.183343	0.603517
53	0.00126	0.2646	0.0798989	0.117644	0.223758
88	0.00126	0.2646	0.0819477	0.142329	0.413199
93	0.00126	0.2646	0.0855258	0.153614	0.441379
105	0.00126	0.2646	0.0812711	0.134744	0.344855
61	0.00126	0.2646	0.078549	0.118806	0.240909
135	0.00126	0.2646	0.0835526	0.154539	0.479388
75	0.00126	0.2646	0.0810103	0.137277	0.368222
79	0.00126	0.2646	0.0780304	0.119934	0.264766
68	0.00126	0.2646	0.0811588	0.129587	0.310717
