155	0.00126	0.2646	0.0861769	0.135506	0.345924	876.789	
60	0.00126	0.2646	0.0834266	0.117487	0.232591	891.312	
101	0.00126	0.2646	0.083114	0.118295	0.251651	888.754	
107	0.00126	0.2646	0.0864436	0.139053	0.37712	872.709	
91	0.00126	0.2646	0.0838673	0.117757	0.226966	892.094	
145	0.00126	0.2646	0.0845398	0.129729	0.322658	879.95	
18	0.00126	0.2646	0.0800961	0.0974472	0.0996315	908.376	
25	0.00126	0.2646	0.0801892	0.0985267	0.105652	907.783	
167	0.00126	0.2646	0.0851862	0.142122	0.435725	865.604	
64	0.00126	0.2646	0.0831714	0.114637	0.208987	894.618	
70	0.00126	0.2646	0.0820762	0.115155	0.236165	890.621	
118	0.00126	0.2646	0.084805	0.133215	0.350497	877.04	
82	0.00126	0.2646	0.0823285	0.114276	0.225806	892.038	
137	0.00126	0.2646	0.0843007	0.125526	0.293561	883.21	
128	0.00126	0.2646	0.0854115	0.135659	0.367268	874.073	
77	0.00126	0.2646	0.0826764	0.118231	0.254869	888.58	
85	0.00126	0.2646	0.0820333	0.115049	0.232875	891.371	
68	0.00126	0.2646	0.081346	0.112007	0.214971	893.796	
50	0.00126	0.2646	0.0801707	0.102368	0.139781	903.421	
18	0.00126	0.2646	0.0795851	0.0984699	0.120096	905.654	
78	0.00126	0.2646	0.0827654	0.115815	0.227106	891.92	
84	0.00126	0.2646	0.0832211	0.117436	0.230061	891.394	
100	0.00126	0.2646	0.0818596	0.111773	0.211914	893.71	
65	0.00126	0.2646	0.0828718	0.114141	0.198785	895.415	
32	0.00126	0.2646	0.0807227	0.0997344	0.109461	906.947	
76	0.00126	0.2646	0.0824243	0.114725	0.226672	892.235	
200	0.00126	0.2646	0.0872962	0.1503	0.467409	861.477	
115	0.00126	0.2646	0.0834425	0.122436	0.278601	885.78	
49	0.00126	0.2646	0.0808766	0.105511	0.166046	900.087	
162	0.00126	0.2646	0.0836958	0.128225	0.326516	879.366	
164	0.00126	0.2646	0.0871448	0.141576	0.39519	870.554	
157	0.00126	0.2646	0.0876632	0.142323	0.392041	870.858	
101	0.00126	0.2646	0.0856794	0.128538	0.297773	884.025	
190	0.00126	0.2646	0.0866471	0.1429	0.421047	866.91	
130	0.00126	0.2646	0.0845061	0.128534	0.322711	879.868	
132	0.00126	0.2646	0.0833575	0.118946	0.245933	889.817	
120	0.00126	0.2646	0.0842525	0.125221	0.290725	884.075	
150	0.00126	0.2646	0.085723	0.140364	0.402986	869.83	
33	0.00126	0.2646	0.0805186	0.100063	0.12355	905.529	
114	0.00126	0.2646	0.0847756	0.131115	0.337076	878.432	
127	0.00126	0.2646	0.0874047	0.141621	0.39383	871.147	
175	0.00126	0.2646	0.0881874	0.145803	0.420744	867.287	
176	0.00126	0.2646	0.088971	0.154846	0.490226	858.251	
90	0.00126	0.2646	0.0842179	0.120408	0.245212	890.141	
96	0.00126	0.2646	0.0829945	0.116038	0.222662	892.669	
112	0.00126	0.2646	0.0837092	0.127683	0.327092	879.36	
81	0.00126	0.2646	0.0826728	0.116735	0.237822	890.852	
88	0.00126	0.2646	0.0832182	0.119575	0.252254	889.003	
120	0.00126	0.2646	0.0832531	0.122084	0.287084	884.56	
146	0.00126	0.2646	0.085975	0.13489	0.349747	876.571	
112	0.00126	0.2646	0.0859242	0.130669	0.306927	881.924	
121	0.00126	0.2646	0.0854499	0.134601	0.363993	874.502	
88	0.00126	0.2646	0.0834198	0.117557	0.22766	891.875	
109	0.00126	0.2646	0.0825803	0.118874	0.264333	887.097	
100	0.00126	0.2646	0.0828351	0.124086	0.303964	882.157	
24	0.00126	0.2646	0.0798461	0.0981401	0.110718	906.932	
91	0.00126	0.2646	0.0823923	0.117002	0.24766	890.038	
139	0.00126	0.2646	0.0860627	0.140011	0.391608	871.24	
70	0.00126	0.2646	0.0828622	0.112211	0.194483	896.52	
130	0.00126	0.2646	0.0859457	0.136458	0.368199	874.176	
175	0.00126	0.2646	0.0858365	0.13978	0.400787	869.621	
19	0.00126	0.2646	0.0812608	0.101453	0.115924	906.327	
125	0.00126	0.2646	0.0841828	0.130685	0.341516	877.222	
94	0.00126	0.2646	0.0817625	0.112358	0.209138	894.227	
57	0.00126	0.2646	0.0802815	0.103903	0.160121	900.552	
118	0.00126	0.2646	0.0826127	0.119177	0.258959	888.35	
87	0.00126	0.2646	0.083776	0.124407	0.287684	884.491	
118	0.00126	0.2646	0.0838812	0.126656	0.310943	881.476	
65	0.00126	0.2646	0.0822229	0.11198	0.202416	895.395	
108	0.00126	0.2646	0.084199	0.126741	0.306283	882.082	
74	0.00126	0.2646	0.0825084	0.111155	0.181502	897.82	
124	0.00126	0.2646	0.0837588	0.127404	0.324054	879.65	
122	0.00126	0.2646	0.084171	0.129163	0.327508	879.129	
70	0.00126	0.2646	0.0824417	0.11623	0.234779	890.923	
70	0.00126	0.2646	0.0807319	0.10462	0.162623	900.287	
155	0.00126	0.2646	0.0857038	0.142389	0.425476	866.716	
111	0.00126	0.2646	0.0836479	0.124347	0.290889	884.02	
32	0.00126	0.2646	0.0799395	0.0992788	0.120591	905.782	
99	0.00126	0.2646	0.0813409	0.111663	0.211835	894.092	
52	0.00126	0.2646	0.0817314	0.110408	0.192123	896.585	
206	0.00126	0.2646	0.0882199	0.149747	0.449935	863.515	
138	0.00126	0.2646	0.0856364	0.136311	0.370573	873.842	
51	0.00126	0.2646	0.0810803	0.102815	0.137968	904.339	
130	0.00126	0.2646	0.0843601	0.125483	0.28801	884.156	
157	0.00126	0.2646	0.0856401	0.136595	0.369073	873.945	
49	0.00126	0.2646	0.0815974	0.104038	0.132238	904.807	
62	0.00126	0.2646	0.0818134	0.10922	0.174938	898.736	
78	0.00126	0.2646	0.0815118	0.115484	0.247845	889.519	
28	0.00126	0.2646	0.0800217	0.10031	0.134565	904.023	
131	0.00126	0.2646	0.085689	0.136699	0.371609	873.769	
202	0.00126	0.2646	0.0900735	0.162571	0.539714	852.518	
133	0.00126	0.2646	0.0864636	0.139939	0.396662	870.477	
73	0.00126	0.2646	0.0833748	0.115845	0.22345	892.483	
156	0.00126	0.2646	0.0877507	0.146108	0.426657	866.432	
212	0.00126	0.2646	0.0891198	0.159664	0.53264	852.911	
148	0.00126	0.2646	0.0839329	0.124461	0.297663	883.035	
61	0.00126	0.2646	0.0823655	0.114139	0.222288	892.721	
127	0.00126	0.2646	0.08431	0.134286	0.374407	873.424	
50	0.00126	0.2646	0.0810043	0.103658	0.145462	902.842	
120	0.00126	0.2646	0.0858081	0.135732	0.365848	874.499	
142	0.00126	0.2646	0.086613	0.143486	0.423152	867.05	
72	0.00126	0.2646	0.082613	0.112362	0.203051	895.074	
86	0.00126	0.2646	0.0849713	0.128526	0.308235	881.637	
167	0.00126	0.2646	0.0867633	0.14239	0.410117	868.451	
94	0.00126	0.2646	0.0850898	0.129135	0.317768	880.495	
189	0.00126	0.2646	0.0861336	0.138993	0.391163	871.206	
134	0.00126	0.2646	0.0863225	0.141109	0.406244	869.281	
100	0.00126	0.2646	0.0843088	0.130242	0.340713	877.771	
35	0.00126	0.2646	0.0815469	0.104276	0.138751	903.788	
195	0.00126	0.2646	0.087281	0.151628	0.489393	858.563	
35	0.00126	0.2646	0.0800979	0.0998699	0.126291	904.782	
138	0.00126	0.2646	0.0843629	0.128975	0.317601	880.314	
112	0.00126	0.2646	0.0836172	0.122066	0.274079	885.924	
79	0.00126	0.2646	0.0834244	0.116117	0.21666	893.248	
142	0.00126	0.2646	0.0857953	0.137605	0.374397	873.189	
62	0.00126	0.2646	0.0817004	0.108912	0.185893	897.392	
56	0.00126	0.2646	0.0823397	0.111956	0.190232	896.84	
81	0.00126	0.2646	0.0817976	0.111726	0.208871	894.625	
167	0.00126	0.2646	0.0853742	0.142537	0.432025	866.09	
52	0.00126	0.2646	0.0810016	0.105363	0.156641	901.148	
67	0.00126	0.2646	0.0816561	0.110404	0.203725	894.943	
203	0.00126	0.2646	0.0875592	0.15035	0.462096	862.003	
72	0.00126	0.2646	0.0827232	0.11045	0.182883	897.61	
161	0.00126	0.2646	0.0874006	0.152005	0.491698	857.961	
107	0.00126	0.2646	0.0852336	0.13615	0.379413	872.535	
15	0.00126	0.2646	0.0807694	0.0984232	0.101957	908.186	
161	0.00126	0.2646	0.0870015	0.14943	0.466879	861.518	
65	0.00126	0.2646	0.0825115	0.114674	0.22374	892.823	
112	0.00126	0.2646	0.0834751	0.125988	0.307431	882.104	
76	0.00126	0.2646	0.0817404	0.112592	0.214114	893.901	
52	0.00126	0.2646	0.0826038	0.111507	0.193075	896.378	
161	0.00126	0.2646	0.0883299	0.150875	0.456217	862.674	
170	0.00126	0.2646	0.08666	0.142235	0.414203	868.003	
92	0.00126	0.2646	0.0825198	0.109414	0.168037	899.49	
50	0.00126	0.2646	0.0819631	0.107122	0.160813	900.476	
214	0.00126	0.2646	0.087133	0.151685	0.492856	858.147	
56	0.00126	0.2646	0.0837568	0.118279	0.228669	892.117	
85	0.00126	0.2646	0.0818383	0.112687	0.215541	893.696	
87	0.00126	0.2646	0.081599	0.114494	0.238734	890.716	
90	0.00126	0.2646	0.0824642	0.117112	0.242224	890.224	
50	0.00126	0.2646	0.0826397	0.111871	0.191593	896.491	
63	0.00126	0.2646	0.0827049	0.110766	0.180413	897.88	
119	0.00126	0.2646	0.0846597	0.125645	0.282196	884.915	
112	0.00126	0.2646	0.0840339	0.123183	0.27964	885.261	
132	0.00126	0.2646	0.0854654	0.135922	0.370567	873.689	
66	0.00126	0.2646	0.0830727	0.115265	0.216688	893.584	
145	0.00126	0.2646	0.0847759	0.131922	0.343438	877.167	
62	0.00126	0.2646	0.0818948	0.111968	0.208512	894.514	
16	0.00126	0.2646	0.080635	0.101623	0.129743	904.636	
82	0.00126	0.2646	0.0835921	0.124376	0.293123	883.651	
198	0.00126	0.2646	0.0889935	0.158592	0.52005	854.512	
31	0.00126	0.2646	0.08163	0.102712	0.127153	904.822	
142	0.00126	0.2646	0.0837365	0.128524	0.33156	878.389	
14	0.00126	0.2646	0.0804064	0.0996395	0.116768	906.036	
102	0.00126	0.2646	0.0835903	0.126429	0.305794	881.918	
32	0.00126	0.2646	0.0801807	0.100658	0.135054	903.719	
80	0.00126	0.2646	0.0823603	0.113573	0.214208	893.739	
132	0.00126	0.2646	0.0864968	0.139754	0.385844	872.045	
141	0.00126	0.2646	0.0874031	0.147305	0.448601	864.106	
75	0.00126	0.2646	0.0854172	0.125438	0.27406	886.364	
109	0.00126	0.2646	0.0868201	0.139104	0.372282	874.017	
174	0.00126	0.2646	0.0853634	0.140053	0.418537	867.481	
62	0.00126	0.2646	0.0815417	0.107556	0.168825	899.34	
124	0.00126	0.2646	0.0825762	0.12444	0.31358	880.819	
30	0.00126	0.2646	0.0795471	0.096421	0.100025	908.237	
88	0.00126	0.2646	0.0820381	0.114297	0.224116	892.413	
147	0.00126	0.2646	0.0836759	0.124339	0.289458	884.696	
57	0.00126	0.2646	0.0821922	0.109839	0.181314	898.081	
117	0.00126	0.2646	0.085109	0.13184	0.336973	878.29	
157	0.00126	0.2646	0.0864741	0.140517	0.399141	870.867	
126	0.00126	0.2646	0.0851419	0.133152	0.344439	877.009	
38	0.00126	0.2646	0.080455	0.101051	0.128398	904.717	
52	0.00126	0.2646	0.0808016	0.104737	0.151364	901.734	
59	0.00126	0.2646	0.08067	0.1073	0.178499	898.089	
45	0.00126	0.2646	0.0791084	0.0971761	0.11958	905.688	
66	0.00126	0.2646	0.0823957	0.114316	0.212215	894.035	
142	0.00126	0.2646	0.0847894	0.132136	0.339752	877.681	
95	0.00126	0.2646	0.0820315	0.115258	0.245133	889.837	
160	0.00126	0.2646	0.0846239	0.133921	0.365097	874.609	
100	0.00126	0.2646	0.0846283	0.12901	0.316708	882.224	
81	0.00126	0.2646	0.0835816	0.121076	0.260254	887.775	
77	0.00126	0.2646	0.0817373	0.110903	0.205255	894.877	
179	0.00126	0.2646	0.085213	0.136449	0.376873	872.609	
81	0.00126	0.2646	0.0831429	0.120233	0.263962	887.213	
81	0.00126	0.2646	0.0819313	0.114051	0.229479	891.763	
140	0.00126	0.2646	0.0845352	0.13399	0.373415	873.295	
150	0.00126	0.2646	0.0850129	0.135663	0.372567	873.403	
15	0.00126	0.2646	0.0797397	0.0971059	0.103656	907.915	
61	0.00126	0.2646	0.0803471	0.104836	0.167574	899.85	
146	0.00126	0.2646	0.0844339	0.132023	0.347927	876.69	
15	0.00126	0.2646	0.0810678	0.100116	0.10313	907.802	
69	0.00126	0.2646	0.0822318	0.11232	0.2081	894.47	
110	0.00126	0.2646	0.0871293	0.146061	0.43193	865.81	
106	0.00126	0.2646	0.0841858	0.123396	0.273199	886.042	
32	0.00126	0.2646	0.0810493	0.102761	0.13211	904.14	
27	0.00126	0.2646	0.0808641	0.100536	0.111749	906.832	
126	0.00126	0.2646	0.084188	0.128284	0.316909	880.632	
85	0.00126	0.2646	0.0827472	0.116725	0.231647	891.736	
106	0.00126	0.2646	0.0817879	0.116378	0.25658	888.528	
95	0.00126	0.2646	0.0822396	0.112399	0.196422	896.119	
146	0.00126	0.2646	0.0852266	0.135955	0.374561	873.265	
85	0.00126	0.2646	0.0838243	0.123404	0.284511	884.734	
145	0.00126	0.2646	0.0851168	0.130387	0.320866	879.714	
93	0.00126	0.2646	0.0828794	0.114977	0.219117	892.975	
98	0.00126	0.2646	0.0842241	0.126285	0.301829	882.464	
129	0.00126	0.2646	0.0848585	0.128342	0.308475	881.859	
141	0.00126	0.2646	0.0859815	0.136375	0.364158	874.646	
106	0.00126	0.2646	0.0847018	0.12974	0.322412	880.137	
51	0.00126	0.2646	0.0813149	0.107186	0.176285	898.797	
111	0.00126	0.2646	0.0831477	0.117394	0.229371	891.945	
21	0.00126	0.2646	0.0801131	0.0984208	0.11088	906.87	
77	0.00126	0.2646	0.0825229	0.117155	0.244451	889.978	
111	0.00126	0.2646	0.084527	0.1295	0.32149	879.724	
63	0.00126	0.2646	0.082044	0.112386	0.214306	893.42	
110	0.00126	0.2646	0.0833456	0.12092	0.261978	887.464	
78	0.00126	0.2646	0.0825362	0.114112	0.21831	893.359	
213	0.00126	0.2646	0.0861162	0.142317	0.413703	868.225	
39	0.00126	0.2646	0.08056	0.100597	0.126008	905.128	
78	0.00126	0.2646	0.0825228	0.117553	0.24607	890.186	
123	0.00126	0.2646	0.0842777	0.132811	0.359433	875.198	
91	0.00126	0.2646	0.0818809	0.112215	0.211069	894.139	
158	0.00126	0.2646	0.0843056	0.128117	0.310569	881.229	
94	0.00126	0.2646	0.0822772	0.113123	0.211703	893.741	
60	0.00126	0.2646	0.0818617	0.111029	0.196063	895.773	
92	0.00126	0.2646	0.082098	0.114277	0.221476	892.588	
83	0.00126	0.2646	0.0816339	0.113384	0.231852	891.4	
60	0.00126	0.2646	0.0825959	0.112002	0.18471	897.495	
126	0.00126	0.2646	0.0827791	0.120833	0.277237	885.811	
112	0.00126	0.2646	0.0826468	0.117651	0.244965	890.02	
98	0.00126	0.2646	0.0829871	0.120198	0.261028	888.258	
213	0.00126	0.2646	0.0851289	0.136442	0.384957	871.769	
112	0.00126	0.2646	0.0856073	0.135418	0.357721	875.297	
54	0.00126	0.2646	0.0816241	0.106265	0.160524	900.358	
128	0.00126	0.2646	0.0833563	0.122892	0.280849	884.965	
83	0.00126	0.2646	0.0817338	0.109367	0.188081	896.88	
50	0.00126	0.2646	0.0830726	0.115429	0.212998	894.061	
143	0.00126	0.2646	0.0855556	0.136539	0.371561	873.514	
41	0.00126	0.2646	0.0807044	0.103221	0.148154	902.285	
63	0.00126	0.2646	0.0813782	0.109658	0.190938	897.432	
91	0.00126	0.2646	0.0830479	0.120325	0.264044	887.449	
103	0.00126	0.2646	0.0829132	0.116951	0.235094	891.03	
152	0.00126	0.2646	0.0850637	0.135404	0.373782	873.151	
86	0.00126	0.2646	0.0834632	0.118918	0.250849	888.914	
198	0.00126	0.2646	0.087609	0.150683	0.475026	860.211	
114	0.00126	0.2646	0.0868174	0.137418	0.356774	875.662	
111	0.00126	0.2646	0.0851961	0.129613	0.32324	879.934	
149	0.00126	0.2646	0.0869893	0.143631	0.410707	868.693	
48	0.00126	0.2646	0.0815883	0.105864	0.157039	901.18	
97	0.00126	0.2646	0.0823162	0.115843	0.23649	890.978	
68	0.00126	0.2646	0.082551	0.115309	0.22489	892.388	
126	0.00126	0.2646	0.0852627	0.133284	0.348305	876.635	
93	0.00126	0.2646	0.08276	0.118982	0.261801	887.615	
94	0.00126	0.2646	0.0824002	0.113784	0.210829	894.015	
69	0.00126	0.2646	0.0833306	0.119223	0.254168	888.627	
199	0.00126	0.2646	0.0885215	0.15475	0.489551	858.527	
129	0.00126	0.2646	0.0847289	0.126803	0.301548	883.789	
80	0.00126	0.2646	0.083887	0.11832	0.235979	891.021	
187	0.00126	0.2646	0.0884392	0.15557	0.504473	856.727	
109	0.00126	0.2646	0.0854773	0.1286	0.301945	882.801	
145	0.00126	0.2646	0.0856216	0.13413	0.353321	876.099	
49	0.00126	0.2646	0.0813296	0.105687	0.148491	902.042	
103	0.00126	0.2646	0.0815703	0.109632	0.188117	897.127	
146	0.00126	0.2646	0.0844323	0.131995	0.349779	876.185	
78	0.00126	0.2646	0.0824262	0.111842	0.198443	895.798	
165	0.00126	0.2646	0.0871254	0.145633	0.433506	865.813	
154	0.00126	0.2646	0.0884177	0.150726	0.455439	863.031	
91	0.00126	0.2646	0.0849428	0.126298	0.290834	884.071	
95	0.00126	0.2646	0.0841587	0.125311	0.291201	884.056	
108	0.00126	0.2646	0.0816904	0.109658	0.190032	896.774	
25	0.00126	0.2646	0.0800066	0.0981363	0.109444	907.039	
179	0.00126	0.2646	0.086148	0.146137	0.451756	863.254	
43	0.00126	0.2646	0.0814849	0.109396	0.200473	895.765	
163	0.00126	0.2646	0.0861692	0.14096	0.397541	870.044	
86	0.00126	0.2646	0.083897	0.125979	0.305343	882.124	
100	0.00126	0.2646	0.0827263	0.118456	0.255931	888.491	
113	0.00126	0.2646	0.0846965	0.130304	0.331381	878.704	
104	0.00126	0.2646	0.0840275	0.126019	0.301958	882.501	
79	0.00126	0.2646	0.0808632	0.102632	0.135473	903.836	
69	0.00126	0.2646	0.0815722	0.111024	0.201114	895.491	
89	0.00126	0.2646	0.0825416	0.117361	0.248919	889.361	
134	0.00126	0.2646	0.0838092	0.127965	0.314753	880.863	
27	0.00126	0.2646	0.0798017	0.0972082	0.110861	906.913	
96	0.00126	0.2646	0.0844951	0.127867	0.300912	882.375	
104	0.00126	0.2646	0.0829166	0.120968	0.273806	886.019	
64	0.00126	0.2646	0.0808342	0.107111	0.179943	898.083	
42	0.00126	0.2646	0.0815695	0.107743	0.165801	899.856	
75	0.00126	0.2646	0.0823822	0.112318	0.200157	895.436	
138	0.00126	0.2646	0.0841946	0.130297	0.335209	878.334	
43	0.00126	0.2646	0.0800363	0.100803	0.136428	903.753	
55	0.00126	0.2646	0.0807878	0.105288	0.161277	900.502	
133	0.00126	0.2646	0.0837749	0.126707	0.31113	881.318	
65	0.00126	0.2646	0.0827682	0.116256	0.236921	890.875	
122	0.00126	0.2646	0.0866177	0.142294	0.402175	869.447	
62	0.00126	0.2646	0.0816255	0.108428	0.183685	897.42	
104	0.00126	0.2646	0.0824212	0.117181	0.249452	889.127	
139	0.00126	0.2646	0.0851322	0.137993	0.397014	870.294	
50	0.00126	0.2646	0.0822702	0.107138	0.155967	901.192	
168	0.00126	0.2646	0.0864883	0.145782	0.43992	864.962	
57	0.00126	0.2646	0.0805494	0.102877	0.150765	902.012	
76	0.00126	0.2646	0.0821996	0.116425	0.244227	889.897	
41	0.00126	0.2646	0.0813399	0.103955	0.139798	903.283	
108	0.00126	0.2646	0.0838801	0.126485	0.310771	881.37	
69	0.00126	0.2646	0.0845783	0.123468	0.264206	887.023	
144	0.00126	0.2646	0.0850256	0.133579	0.363236	874.477	
115	0.00126	0.2646	0.0843006	0.125315	0.286923	885.066	
77	0.00126	0.2646	0.0824048	0.114106	0.221925	892.791	
100	0.00126	0.2646	0.0836247	0.119159	0.240421	890.437	
102	0.00126	0.2646	0.0848067	0.128804	0.315523	880.949	
169	0.00126	0.2646	0.0856521	0.138635	0.396889	870.519	
108	0.00126	0.2646	0.0843372	0.127133	0.30526	882.237	
112	0.00126	0.2646	0.0840151	0.129397	0.334827	878.314	
17	0.00126	0.2646	0.08062	0.0994085	0.113426	906.529	
181	0.00126	0.2646	0.086438	0.144222	0.426118	866.23	
71	0.00126	0.2646	0.0826281	0.111859	0.197352	895.757	
149	0.00126	0.2646	0.0850115	0.129926	0.317168	880.412	
105	0.00126	0.2646	0.0844217	0.129112	0.330766	879.318	
142	0.00126	0.2646	0.0860392	0.140191	0.397734	870.285	
44	0.00126	0.2646	0.0818038	0.109911	0.193351	896.477	
63	0.00126	0.2646	0.0824306	0.114486	0.221241	892.971	
136	0.00126	0.2646	0.0843618	0.126215	0.292003	883.949	
103	0.00126	0.2646	0.0826728	0.118829	0.25863	888.036	
81	0.00126	0.2646	0.0819809	0.113085	0.221952	892.576	
144	0.00126	0.2646	0.0861477	0.141432	0.403778	870.234	
58	0.00126	0.2646	0.0827835	0.113008	0.201766	895.139	
175	0.00126	0.2646	0.0841384	0.129116	0.328212	878.939	
15	0.00126	0.2646	0.0809756	0.101744	0.12777	904.862	
153	0.00126	0.2646	0.0852482	0.132198	0.335549	878.208	
141	0.00126	0.2646	0.0855131	0.135259	0.364869	874.725	
130	0.00126	0.2646	0.0848592	0.127831	0.303488	882.587	
113	0.00126	0.2646	0.0849221	0.132236	0.344116	877.283	
39	0.00126	0.2646	0.0803402	0.101888	0.140118	903.067	
104	0.00126	0.2646	0.0811495	0.109631	0.196891	895.678	
86	0.00126	0.2646	0.0821454	0.112798	0.208005	894.209	
147	0.00126	0.2646	0.0837693	0.126222	0.31002	881.682	
54	0.00126	0.2646	0.0830982	0.117059	0.233687	891.732	
169	0.00126	0.2646	0.0863512	0.14481	0.444528	864.32	
123	0.00126	0.2646	0.0858268	0.132313	0.327179	879.421	
83	0.00126	0.2646	0.084528	0.125712	0.293773	883.879	
246	0.00126	0.2646	0.0866501	0.143058	0.41358	869.452	
103	0.00126	0.2646	0.0842448	0.126927	0.303532	882.931	
68	0.00126	0.2646	0.0816212	0.112821	0.221322	892.716	
29	0.00126	0.2646	0.0803344	0.10177	0.137776	903.268	
125	0.00126	0.2646	0.0830086	0.122291	0.281638	884.868	
43	0.00126	0.2646	0.0821826	0.10749	0.158212	900.805	
182	0.00126	0.2646	0.0876482	0.151569	0.476959	861.073	
80	0.00126	0.2646	0.0836473	0.116743	0.227115	892.213	
168	0.00126	0.2646	0.0870174	0.143264	0.407038	869.092	
79	0.00126	0.2646	0.0835401	0.119702	0.259771	888.103	
138	0.00126	0.2646	0.0858477	0.137063	0.371133	874.388	
100	0.00126	0.2646	0.0839495	0.124029	0.282109	885.203	
62	0.00126	0.2646	0.0821169	0.111765	0.200755	895.464	
46	0.00126	0.2646	0.0806788	0.104365	0.15639	901.038	
127	0.00126	0.2646	0.0839472	0.132072	0.359589	874.901	
98	0.00126	0.2646	0.0820932	0.114346	0.228881	891.712	
88	0.00126	0.2646	0.0827859	0.11499	0.213319	893.782	
44	0.00126	0.2646	0.0820155	0.106863	0.154786	901.268	
76	0.00126	0.2646	0.0838164	0.12056	0.252395	888.842	
77	0.00126	0.2646	0.0842851	0.122339	0.265128	887.455	
164	0.00126	0.2646	0.0879585	0.14894	0.450194	863.746	
194	0.00126	0.2646	0.0875544	0.151128	0.481619	859.824	
158	0.00126	0.2646	0.0832376	0.128039	0.337209	877.88	
102	0.00126	0.2646	0.0825214	0.121412	0.288808	884.182	
79	0.00126	0.2646	0.0822554	0.111643	0.189238	896.746	
146	0.00126	0.2646	0.0822779	0.114787	0.227616	891.923	
147	0.00126	0.2646	0.0837285	0.120775	0.261792	887.743	
238	0.00126	0.2646	0.0899515	0.163933	0.555957	849.834	
160	0.00126	0.2646	0.08741	0.143902	0.419649	867.562	
125	0.00126	0.2646	0.0863136	0.139036	0.386999	871.868	
87	0.00126	0.2646	0.0834346	0.116679	0.219312	893.173	
11	0.00126	0.2646	0.0805282	0.0977658	0.0938924	909.144	
12	0.00126	0.2646	0.0800449	0.0977519	0.101228	908.195	
77	0.00126	0.2646	0.0813608	0.107854	0.179424	898.31	
170	0.00126	0.2646	0.0881377	0.154903	0.495606	857.508	
118	0.00126	0.2646	0.0839998	0.12564	0.300196	882.779	
55	0.00126	0.2646	0.0811357	0.107338	0.181544	897.886	
77	0.00126	0.2646	0.0828923	0.112955	0.190464	896.737	
86	0.00126	0.2646	0.0836798	0.118969	0.241682	890.214	
141	0.00126	0.2646	0.0850089	0.129214	0.315419	880.905	
138	0.00126	0.2646	0.0862252	0.140568	0.402636	870.118	
96	0.00126	0.2646	0.0836764	0.124356	0.292516	883.849	
84	0.00126	0.2646	0.0821457	0.11587	0.238787	890.61	
72	0.00126	0.2646	0.0811853	0.107726	0.18374	897.661	
121	0.00126	0.2646	0.0848604	0.128464	0.300324	882.393	
72	0.00126	0.2646	0.081802	0.111724	0.209172	894.252	
95	0.00126	0.2646	0.0816184	0.112357	0.216076	894.445	
121	0.00126	0.2646	0.0847817	0.130471	0.333602	878.449	
142	0.00126	0.2646	0.087262	0.14252	0.401194	869.932	
173	0.00126	0.2646	0.0872444	0.14241	0.403315	869.707	
121	0.00126	0.2646	0.0857547	0.135005	0.356338	875.799	
86	0.00126	0.2646	0.0828491	0.116419	0.23194	891.63	
79	0.00126	0.2646	0.0815876	0.109249	0.191005	896.708	
119	0.00126	0.2646	0.0845314	0.13058	0.338026	877.954	
108	0.00126	0.2646	0.0865281	0.139066	0.37266	873.163	
63	0.00126	0.2646	0.081074	0.103434	0.145327	902.37	
104	0.00126	0.2646	0.082726	0.119494	0.262421	887.451	
87	0.00126	0.2646	0.0832777	0.118118	0.238378	890.741	
163	0.00126	0.2646	0.0858699	0.136338	0.369212	873.921	
117	0.00126	0.2646	0.0854464	0.1296	0.306515	882.104	
74	0.00126	0.2646	0.0832987	0.116761	0.227759	892.419	
113	0.00126	0.2646	0.0842117	0.130009	0.336542	878.169	
110	0.00126	0.2646	0.0851747	0.132752	0.342773	878.476	
106	0.00126	0.2646	0.0837575	0.122118	0.275043	886.001	
132	0.00126	0.2646	0.0858762	0.13371	0.338386	877.53	
81	0.00126	0.2646	0.0839236	0.11804	0.231351	891.451	
179	0.00126	0.2646	0.0866523	0.142909	0.407762	868.751	
20	0.00126	0.2646	0.0802284	0.0972516	0.101568	908.126	
77	0.00126	0.2646	0.0824149	0.116299	0.238987	890.501	
110	0.00126	0.2646	0.08434	0.129455	0.323345	881.052	
103	0.00126	0.2646	0.0827748	0.11476	0.218518	893.302	
117	0.00126	0.2646	0.0844421	0.128159	0.316381	880.803	
141	0.00126	0.2646	0.0862574	0.140225	0.391626	871.092	
119	0.00126	0.2646	0.0833029	0.122963	0.293105	883.532	
41	0.00126	0.2646	0.0825083	0.109506	0.171646	898.782	
106	0.00126	0.2646	0.0852798	0.129455	0.314454	880.813	
187	0.00126	0.2646	0.0882309	0.15273	0.476343	859.959	
95	0.00126	0.2646	0.0825968	0.116396	0.241926	890.518	
67	0.00126	0.2646	0.0808767	0.104161	0.147196	902.242	
45	0.00126	0.2646	0.0807519	0.104429	0.154129	901.34	
53	0.00126	0.2646	0.0817933	0.110284	0.19188	896.632	
123	0.00126	0.2646	0.0846729	0.130391	0.333534	878.554	
82	0.00126	0.2646	0.083244	0.122331	0.27858	885.427	
59	0.00126	0.2646	0.0813765	0.105149	0.156158	901.042	
165	0.00126	0.2646	0.0874778	0.146413	0.430079	865.917	
215	0.00126	0.2646	0.0886753	0.156345	0.509808	855.846	
90	0.00126	0.2646	0.0834914	0.116813	0.222969	892.493	
52	0.00126	0.2646	0.0812952	0.106862	0.173531	898.95	
129	0.00126	0.2646	0.0842921	0.129924	0.333949	878.435	
96	0.00126	0.2646	0.0837678	0.121687	0.266921	887.16	
163	0.00126	0.2646	0.0854162	0.135916	0.370646	873.773	
75	0.00126	0.2646	0.0825498	0.112616	0.200195	895.643	
47	0.00126	0.2646	0.0811093	0.104267	0.146719	902.572	
73	0.00126	0.2646	0.0829135	0.118684	0.253532	888.866	
118	0.00126	0.2646	0.0846864	0.129315	0.321352	879.816	
114	0.00126	0.2646	0.08413	0.122822	0.262405	887.608	
67	0.00126	0.2646	0.0812233	0.105945	0.163979	899.921	
50	0.00126	0.2646	0.0814312	0.108742	0.18401	897.571	
128	0.00126	0.2646	0.0835374	0.121229	0.26242	887.578	
122	0.00126	0.2646	0.0846452	0.130905	0.339485	877.887	
140	0.00126	0.2646	0.084365	0.126281	0.296429	883.283	
127	0.00126	0.2646	0.0835461	0.125199	0.304535	882.205	
129	0.00126	0.2646	0.0839739	0.127822	0.321879	880.005	
97	0.00126	0.2646	0.0846247	0.127169	0.296945	883.134	
126	0.00126	0.2646	0.0834738	0.121031	0.268337	886.646	
127	0.00126	0.2646	0.0850815	0.133849	0.359801	874.969	
134	0.00126	0.2646	0.0847129	0.129388	0.317252	880.547	
92	0.00126	0.2646	0.0821219	0.110442	0.192936	896.454	
159	0.00126	0.2646	0.0852585	0.135976	0.369282	873.883	
66	0.00126	0.2646	0.0810291	0.105163	0.159849	900.772	
51	0.00126	0.2646	0.0813621	0.108058	0.175039	898.682	
54	0.00126	0.2646	0.0813636	0.109621	0.196739	895.921	
89	0.00126	0.2646	0.0825227	0.1157	0.22859	891.879	
128	0.00126	0.2646	0.0838241	0.128131	0.323276	879.678	
55	0.00126	0.2646	0.080526	0.102036	0.135874	903.483	
57	0.00126	0.2646	0.0815905	0.113576	0.224722	892.2	
49	0.00126	0.2646	0.0815805	0.111925	0.21604	893.303	
97	0.00126	0.2646	0.0840398	0.127188	0.312403	881.116	
104	0.00126	0.2646	0.0840249	0.126878	0.306732	881.876	
11	0.00126	0.2646	0.0800845	0.0979937	0.111365	906.901	
79	0.00126	0.2646	0.0832414	0.120567	0.256067	888.379	
28	0.00126	0.2646	0.0809089	0.100963	0.117628	906.135	
67	0.00126	0.2646	0.0817782	0.110632	0.196518	896.062	
68	0.00126	0.2646	0.0807417	0.105216	0.161557	900.449	
84	0.00126	0.2646	0.0825599	0.117355	0.242613	889.835	
123	0.00126	0.2646	0.0829461	0.122767	0.289979	883.922	
43	0.00126	0.2646	0.0813438	0.107585	0.179531	898.096	
110	0.00126	0.2646	0.085112	0.131497	0.324124	879.8	
76	0.00126	0.2646	0.0818815	0.108238	0.173234	898.941	
112	0.00126	0.2646	0.08263	0.116295	0.240211	890.477	
150	0.00126	0.2646	0.0873354	0.148483	0.457623	862.713	
171	0.00126	0.2646	0.08686	0.146476	0.44647	864.063	
83	0.00126	0.2646	0.0822511	0.113871	0.223091	892.738	
95	0.00126	0.2646	0.0836229	0.126924	0.322592	880.008	
81	0.00126	0.2646	0.0857069	0.135382	0.354681	875.628	
82	0.00126	0.2646	0.0834187	0.12114	0.263902	887.387	
49	0.00126	0.2646	0.0810106	0.103403	0.145806	902.446	
164	0.00126	0.2646	0.0857319	0.138639	0.387029	871.513	
61	0.00126	0.2646	0.0821524	0.108948	0.175219	898.878	
117	0.00126	0.2646	0.0829672	0.118038	0.249038	889.267	
48	0.00126	0.2646	0.0842365	0.118879	0.224159	892.624	
171	0.00126	0.2646	0.0870691	0.147299	0.444648	864.494	
158	0.00126	0.2646	0.0854981	0.138638	0.397469	870.419	
81	0.00126	0.2646	0.0830163	0.115472	0.222931	892.827	
124	0.00126	0.2646	0.0866033	0.140384	0.384433	871.706	
48	0.00126	0.2646	0.0823565	0.111495	0.198747	895.65	
99	0.00126	0.2646	0.0834956	0.122695	0.282381	885.021	
150	0.00126	0.2646	0.0861664	0.13736	0.371601	873.7	
199	0.00126	0.2646	0.0885201	0.155052	0.498694	857.331	
58	0.00126	0.2646	0.0838304	0.114037	0.19435	896.435	
197	0.00126	0.2646	0.0870739	0.145005	0.4291	866.245	
149	0.00126	0.2646	0.0854617	0.133495	0.351075	876.454	
58	0.00126	0.2646	0.0815477	0.107686	0.172277	899.096	
115	0.00126	0.2646	0.0835398	0.118621	0.243882	890.02	
207	0.00126	0.2646	0.090406	0.167887	0.578527	847.639	
98	0.00126	0.2646	0.0836009	0.118778	0.250498	888.976	
110	0.00126	0.2646	0.08392	0.124552	0.289413	884.023	
142	0.00126	0.2646	0.0840324	0.12734	0.316942	880.63	
85	0.00126	0.2646	0.0838686	0.121642	0.261674	887.747	
143	0.00126	0.2646	0.0850303	0.132076	0.345634	876.858	
112	0.00126	0.2646	0.0849865	0.13283	0.350514	876.425	
83	0.00126	0.2646	0.0825861	0.114145	0.211787	894.296	
180	0.00126	0.2646	0.0878788	0.1531	0.484409	859.116	
34	0.00126	0.2646	0.0815789	0.101044	0.114466	906.455	
127	0.00126	0.2646	0.08643	0.140226	0.394924	870.266	
144	0.00126	0.2646	0.0859123	0.134806	0.357072	875.271	
101	0.00126	0.2646	0.0857377	0.133423	0.339852	877.701	
96	0.00126	0.2646	0.0828491	0.116582	0.239484	890.598	
136	0.00126	0.2646	0.085349	0.137107	0.383681	873.287	
173	0.00126	0.2646	0.0860027	0.138627	0.381293	873.744	
65	0.00126	0.2646	0.0825827	0.113641	0.213759	893.846	
71	0.00126	0.2646	0.0827201	0.111756	0.190727	896.918	
117	0.00126	0.2646	0.0849107	0.131607	0.332534	878.512	
52	0.00126	0.2646	0.0815864	0.10891	0.187841	896.878	
66	0.00126	0.2646	0.0820148	0.10902	0.175885	898.187	
89	0.00126	0.2646	0.0844038	0.124626	0.282942	884.72	
133	0.00126	0.2646	0.0862143	0.135007	0.34311	877.134	
89	0.00126	0.2646	0.0837221	0.121589	0.267216	887.221	
100	0.00126	0.2646	0.08333	0.121342	0.272697	886.399	
144	0.00126	0.2646	0.0848372	0.13164	0.339917	877.706	
110	0.00126	0.2646	0.0842503	0.128035	0.317886	881.359	
37	0.00126	0.2646	0.0820569	0.109687	0.186113	897.353	
116	0.00126	0.2646	0.0846229	0.130135	0.32661	879.248	
75	0.00126	0.2646	0.0828834	0.115971	0.233769	891.019	
149	0.00126	0.2646	0.0860844	0.140845	0.404905	870.048	
54	0.00126	0.2646	0.0835172	0.11516	0.211312	893.884	
171	0.00126	0.2646	0.0864377	0.139485	0.386226	871.566	
132	0.00126	0.2646	0.0857077	0.137019	0.37805	872.965	
81	0.00126	0.2646	0.0832818	0.119684	0.257066	888.456	
89	0.00126	0.2646	0.0837156	0.122337	0.268441	888.261	
100	0.00126	0.2646	0.0839278	0.123235	0.273227	886.343	
82	0.00126	0.2646	0.0829586	0.119308	0.263723	887.424	
179	0.00126	0.2646	0.0872286	0.144939	0.424521	866.749	
129	0.00126	0.2646	0.0870889	0.140223	0.379519	872.528	
61	0.00126	0.2646	0.0833338	0.114213	0.205394	894.668	
151	0.00126	0.2646	0.0852908	0.134811	0.364664	874.167	
91	0.00126	0.2646	0.0832089	0.118092	0.242488	890.029	
102	0.00126	0.2646	0.0837492	0.126302	0.307982	881.765	
94	0.00126	0.2646	0.0814095	0.108391	0.185078	897.466	
71	0.00126	0.2646	0.0829156	0.118784	0.248659	889.45	
70	0.00126	0.2646	0.0828403	0.117941	0.246522	889.67	
62	0.00126	0.2646	0.0826657	0.114102	0.216096	893.597	
96	0.00126	0.2646	0.0859777	0.12925	0.298118	883.114	
248	0.00126	0.2646	0.0922135	0.17798	0.643443	838.553	
69	0.00126	0.2646	0.0836536	0.117561	0.240761	890.211	
141	0.00126	0.2646	0.0843024	0.124617	0.281493	884.998	
158	0.00126	0.2646	0.0861385	0.143165	0.427932	866.333	
148	0.00126	0.2646	0.0831814	0.119423	0.25644	888.349	
90	0.00126	0.2646	0.0825351	0.113253	0.202556	895.336	
115	0.00126	0.2646	0.0833018	0.124169	0.29921	882.983	
110	0.00126	0.2646	0.0833229	0.122994	0.282863	884.998	
73	0.00126	0.2646	0.0818635	0.110236	0.198965	895.675	
130	0.00126	0.2646	0.0874726	0.147316	0.442221	864.662	
150	0.00126	0.2646	0.0860723	0.136489	0.363687	874.528	
77	0.00126	0.2646	0.0823616	0.113301	0.210374	894.196	
70	0.00126	0.2646	0.0804417	0.103683	0.155394	900.937	
63	0.00126	0.2646	0.0803385	0.0992988	0.110082	906.926	
128	0.00126	0.2646	0.0844327	0.130973	0.340412	877.574	
215	0.00126	0.2646	0.0853861	0.136893	0.379732	872.489	
127	0.00126	0.2646	0.08301	0.121178	0.27926	885.566	
105	0.00126	0.2646	0.0845638	0.131976	0.349649	876.401	
102	0.00126	0.2646	0.0832161	0.115509	0.221465	892.875	
83	0.00126	0.2646	0.0829375	0.120951	0.271673	886.489	
17	0.00126	0.2646	0.0805054	0.100222	0.122302	905.39	
160	0.00126	0.2646	0.0855519	0.141542	0.417285	867.577	
44	0.00126	0.2646	0.081489	0.10642	0.16123	900.41	
85	0.00126	0.2646	0.0835625	0.12537	0.303944	882.245	
112	0.00126	0.2646	0.0837964	0.125442	0.298652	882.915	
73	0.00126	0.2646	0.0822639	0.116293	0.239701	890.469	
51	0.00126	0.2646	0.0803089	0.101643	0.139825	903.223	
89	0.00126	0.2646	0.0834063	0.119766	0.245675	889.722	
72	0.00126	0.2646	0.0834848	0.121076	0.262705	887.645	
60	0.00126	0.2646	0.0801534	0.104414	0.16319	900.197	
58	0.00126	0.2646	0.0804268	0.105182	0.167988	899.566	
66	0.00126	0.2646	0.0829201	0.116834	0.231671	891.233	
135	0.00126	0.2646	0.0861713	0.142822	0.424252	866.823	
191	0.00126	0.2646	0.085416	0.134175	0.353392	876.696	
114	0.00126	0.2646	0.0843858	0.128333	0.320024	880.199	
135	0.00126	0.2646	0.0835302	0.122658	0.280914	885.213	
105	0.00126	0.2646	0.0834159	0.119433	0.251644	889.005	
164	0.00126	0.2646	0.0857147	0.139537	0.398183	870.043	
64	0.00126	0.2646	0.0801912	0.100081	0.12636	904.96	
117	0.00126	0.2646	0.0822843	0.11588	0.230112	891.769	
169	0.00126	0.2646	0.0844395	0.132853	0.361095	874.89	
100	0.00126	0.2646	0.0840625	0.122662	0.269938	886.277	
125	0.00126	0.2646	0.0851415	0.131727	0.335355	878.2	
93	0.00126	0.2646	0.0849066	0.132972	0.351676	876.71	
33	0.00126	0.2646	0.0811288	0.101898	0.125421	905.064	
74	0.00126	0.2646	0.0839033	0.122576	0.269756	886.699	
205	0.00126	0.2646	0.0865858	0.144086	0.43038	865.586	
63	0.00126	0.2646	0.0821748	0.109708	0.175757	898.616	
10	0.00126	0.2646	0.0791887	0.0944231	0.0914146	909.433	
106	0.00126	0.2646	0.0831281	0.119915	0.259034	888.008	
93	0.00126	0.2646	0.0837415	0.125273	0.303952	882.264	
69	0.00126	0.2646	0.0844038	0.121188	0.243442	889.712	
95	0.00126	0.2646	0.0844618	0.127682	0.308518	881.511	
52	0.00126	0.2646	0.0814333	0.105449	0.150277	901.716	
90	0.00126	0.2646	0.080925	0.108876	0.196027	895.924	
67	0.00126	0.2646	0.0805341	0.10384	0.151676	901.613	
16	0.00126	0.2646	0.080513	0.099057	0.100861	908.017	
63	0.00126	0.2646	0.0804843	0.102351	0.140926	902.946	
110	0.00126	0.2646	0.0824345	0.120749	0.284268	884.797	
117	0.00126	0.2646	0.086699	0.135596	0.347872	876.727	
140	0.00126	0.2646	0.087274	0.144294	0.425401	866.712	
162	0.00126	0.2646	0.0870938	0.139072	0.36911	873.62	
70	0.00126	0.2646	0.0836081	0.114065	0.199696	895.453	
161	0.00126	0.2646	0.0870211	0.144673	0.4267	866.436	
136	0.00126	0.2646	0.0849159	0.127835	0.304022	882.381	
104	0.00126	0.2646	0.0842941	0.124047	0.28476	884.937	
174	0.00126	0.2646	0.0882075	0.14928	0.446185	864.165	
183	0.00126	0.2646	0.0872973	0.14175	0.400131	870.136	
202	0.00126	0.2646	0.0883784	0.152293	0.478361	860.162	
67	0.00126	0.2646	0.0820604	0.109086	0.181232	897.808	
145	0.00126	0.2646	0.0845888	0.129464	0.324423	879.357	
106	0.00126	0.2646	0.0841511	0.123705	0.281105	885.459	
138	0.00126	0.2646	0.0854733	0.135629	0.373818	873	
103	0.00126	0.2646	0.0849789	0.12638	0.284601	884.649	
78	0.00126	0.2646	0.0836336	0.122943	0.28158	885.145	
60	0.00126	0.2646	0.0814814	0.106264	0.162318	900.501	
122	0.00126	0.2646	0.0841843	0.12238	0.26065	887.927	
121	0.00126	0.2646	0.0859244	0.134406	0.343478	877.432	
97	0.00126	0.2646	0.0845143	0.126642	0.298272	883.263	
62	0.00126	0.2646	0.0812133	0.10637	0.166957	899.467	
56	0.00126	0.2646	0.0822249	0.111998	0.200822	895.105	
94	0.00126	0.2646	0.0840296	0.12495	0.286249	884.222	
29	0.00126	0.2646	0.0814352	0.101674	0.119257	905.518	
122	0.00126	0.2646	0.085689	0.138291	0.387409	871.458	
117	0.00126	0.2646	0.0839464	0.123516	0.279729	885.425	
115	0.00126	0.2646	0.083188	0.119656	0.261373	887.893	
197	0.00126	0.2646	0.0864853	0.142822	0.416912	867.91	
145	0.00126	0.2646	0.0858933	0.13824	0.38634	871.845	
79	0.00126	0.2646	0.0823888	0.112493	0.202158	895.306	
136	0.00126	0.2646	0.0871313	0.142764	0.406434	869.091	
105	0.00126	0.2646	0.0861069	0.132358	0.327047	879.12	
84	0.00126	0.2646	0.0847585	0.128559	0.318868	880.095	
104	0.00126	0.2646	0.0835376	0.119776	0.248721	889.01	
22	0.00126	0.2646	0.0808829	0.102574	0.136964	903.397	
95	0.00126	0.2646	0.0822801	0.11524	0.226952	892.028	
53	0.00126	0.2646	0.0811446	0.105276	0.15812	900.983	
116	0.00126	0.2646	0.0846149	0.131037	0.333849	878.599	
107	0.00126	0.2646	0.0828424	0.116111	0.231042	891.715	
115	0.00126	0.2646	0.0846857	0.129997	0.334181	878.446	
131	0.00126	0.2646	0.0857092	0.129271	0.304838	882.09	
143	0.00126	0.2646	0.0875311	0.141713	0.382883	872.032	
60	0.00126	0.2646	0.0827274	0.109853	0.180252	897.839	
108	0.00126	0.2646	0.0859862	0.140707	0.406252	868.941	
66	0.00126	0.2646	0.0825117	0.114622	0.221751	892.71	
43	0.00126	0.2646	0.0816347	0.107628	0.171945	899.091	
176	0.00126	0.2646	0.0854377	0.140879	0.416984	867.761	
60	0.00126	0.2646	0.0820492	0.10998	0.185922	897.514	
156	0.00126	0.2646	0.0840814	0.130243	0.343516	877.248	
73	0.00126	0.2646	0.0828994	0.111678	0.184674	897.592	
155	0.00126	0.2646	0.0868452	0.139867	0.384104	872.051	
54	0.00126	0.2646	0.0827341	0.108156	0.159384	900.618	
120	0.00126	0.2646	0.0858544	0.136077	0.361737	874.744	
103	0.00126	0.2646	0.0842903	0.123068	0.266644	886.955	
116	0.00126	0.2646	0.0841091	0.129407	0.33321	878.438	
53	0.00126	0.2646	0.0811735	0.106183	0.165983	899.8	
66	0.00126	0.2646	0.0820814	0.114299	0.218771	893.213	
84	0.00126	0.2646	0.0810778	0.10779	0.183164	897.743	
84	0.00126	0.2646	0.0824249	0.110867	0.186586	897.377	
183	0.00126	0.2646	0.0887794	0.156736	0.508181	856.208	
106	0.00126	0.2646	0.0839344	0.123999	0.285385	884.756	
128	0.00126	0.2646	0.0843567	0.131643	0.355118	876.227	
115	0.00126	0.2646	0.084793	0.130589	0.327643	879.16	
100	0.00126	0.2646	0.0829286	0.118479	0.255717	888.24	
146	0.00126	0.2646	0.0845105	0.133456	0.358864	875.1	
13	0.00126	0.2646	0.0794115	0.0948266	0.0915151	909.211	
73	0.00126	0.2646	0.0807594	0.109086	0.197521	895.78	
94	0.00126	0.2646	0.0808566	0.107006	0.180503	897.991	
96	0.00126	0.2646	0.0837093	0.122295	0.271244	886.494	
157	0.00126	0.2646	0.0864794	0.142831	0.414798	868.194	
137	0.00126	0.2646	0.0815478	0.114846	0.235851	890.916	
57	0.00126	0.2646	0.0799976	0.102017	0.143407	902.687	
44	0.00126	0.2646	0.0812326	0.109702	0.194783	895.806	
55	0.00126	0.2646	0.0815549	0.108037	0.174085	898.67	
100	0.00126	0.2646	0.0847968	0.1316	0.333905	878.445	
79	0.00126	0.2646	0.0818477	0.105832	0.147473	902.286	
115	0.00126	0.2646	0.0842775	0.126596	0.300878	882.792	
95	0.00126	0.2646	0.0846382	0.125707	0.289537	884.222	
155	0.00126	0.2646	0.0859285	0.136828	0.364317	874.524	
51	0.00126	0.2646	0.0808759	0.104619	0.156396	902.164	
161	0.00126	0.2646	0.0846378	0.138978	0.410313	868.55	
31	0.00126	0.2646	0.0803283	0.100671	0.130623	904.328	
81	0.00126	0.2646	0.0835314	0.124893	0.296556	882.845	
69	0.00126	0.2646	0.0825956	0.1151	0.22608	892.011	
137	0.00126	0.2646	0.0843034	0.126258	0.294707	884.49	
131	0.00126	0.2646	0.0848731	0.133135	0.362409	874.788	
118	0.00126	0.2646	0.0858346	0.134903	0.358469	875.47	
131	0.00126	0.2646	0.0881035	0.145642	0.414122	868.3	
169	0.00126	0.2646	0.0870625	0.145663	0.434898	865.451	
55	0.00126	0.2646	0.0806589	0.103738	0.160749	900.663	
60	0.00126	0.2646	0.0815222	0.107299	0.164595	899.978	
62	0.00126	0.2646	0.0816211	0.107605	0.173294	898.839	
114	0.00126	0.2646	0.0857205	0.134384	0.346594	876.483	
146	0.00126	0.2646	0.0844629	0.12782	0.316216	880.433	
121	0.00126	0.2646	0.0838778	0.125408	0.298714	882.764	
58	0.00126	0.2646	0.0816701	0.108847	0.17879	898.226	
34	0.00126	0.2646	0.081382	0.107449	0.179254	898.303	
101	0.00126	0.2646	0.0856237	0.13365	0.342649	877.295	
135	0.00126	0.2646	0.0845933	0.126774	0.296124	883.841	
71	0.00126	0.2646	0.0820878	0.113763	0.221493	892.958	
190	0.00126	0.2646	0.0895671	0.157432	0.499759	857.223	
133	0.00126	0.2646	0.0876658	0.138143	0.356229	875.717	
184	0.00126	0.2646	0.0894708	0.156409	0.492276	857.944	
131	0.00126	0.2646	0.0847308	0.126682	0.305678	881.736	
92	0.00126	0.2646	0.0834514	0.114613	0.20642	894.716	
177	0.00126	0.2646	0.0888622	0.158976	0.525863	853.927	
142	0.00126	0.2646	0.0849361	0.12908	0.324114	879.9	
145	0.00126	0.2646	0.0859333	0.136468	0.363794	874.735	
60	0.00126	0.2646	0.082628	0.109988	0.176954	898.672	
99	0.00126	0.2646	0.0852447	0.129452	0.315681	881.048	
64	0.00126	0.2646	0.0829137	0.113277	0.204115	894.82	
148	0.00126	0.2646	0.0851645	0.13189	0.33655	877.8	
48	0.00126	0.2646	0.0829426	0.113633	0.205273	894.535	
85	0.00126	0.2646	0.0834774	0.118091	0.232297	891.159	
108	0.00126	0.2646	0.0840485	0.126865	0.313069	880.9	
75	0.00126	0.2646	0.0828723	0.116006	0.22541	892.358	
107	0.00126	0.2646	0.0835386	0.125784	0.307847	881.975	
75	0.00126	0.2646	0.0826931	0.115778	0.229874	891.834	
121	0.00126	0.2646	0.0847716	0.132525	0.353757	876.009	
143	0.00126	0.2646	0.0851245	0.132992	0.348612	877.067	
31	0.00126	0.2646	0.0812834	0.105045	0.155745	900.89	
116	0.00126	0.2646	0.0838224	0.123335	0.281814	884.725	
129	0.00126	0.2646	0.0855866	0.133048	0.342669	877.076	
172	0.00126	0.2646	0.0870129	0.145073	0.431117	865.674	
86	0.00126	0.2646	0.0841601	0.123881	0.281058	885.136	
118	0.00126	0.2646	0.0834988	0.121066	0.264382	887.759	
131	0.00126	0.2646	0.0837541	0.128803	0.333091	878.699	
40	0.00126	0.2646	0.0812702	0.107309	0.172784	899.072	
49	0.00126	0.2646	0.0813152	0.106736	0.165542	900.059	
95	0.00126	0.2646	0.0838692	0.127396	0.313382	881.076	
143	0.00126	0.2646	0.0860453	0.135028	0.353318	875.86	
156	0.00126	0.2646	0.0871431	0.139777	0.377444	872.661	
113	0.00126	0.2646	0.0859827	0.132165	0.331214	878.63	
158	0.00126	0.2646	0.0875463	0.147906	0.448394	863.546	
96	0.00126	0.2646	0.0841446	0.122952	0.280846	885.189	
206	0.00126	0.2646	0.0872915	0.147417	0.442515	864.561	
74	0.00126	0.2646	0.0829458	0.113469	0.204288	895.322	
136	0.00126	0.2646	0.0850502	0.13582	0.372527	873.615	
19	0.00126	0.2646	0.0800312	0.097293	0.108193	907.309	
124	0.00126	0.2646	0.0837911	0.123396	0.278421	885.542	
84	0.00126	0.2646	0.0853538	0.127525	0.2994	882.828	
160	0.00126	0.2646	0.0893436	0.15948	0.523824	853.936	
56	0.00126	0.2646	0.0830513	0.109734	0.170265	899.149	
74	0.00126	0.2646	0.0840041	0.119281	0.230481	891.473	
69	0.00126	0.2646	0.0826381	0.112045	0.200959	895.399	
187	0.00126	0.2646	0.0873834	0.146422	0.42963	866.235	
145	0.00126	0.2646	0.0848158	0.127369	0.302131	882.77	
91	0.00126	0.2646	0.0839208	0.123666	0.278887	885.624	
30	0.00126	0.2646	0.0812622	0.104016	0.14627	902.549	
143	0.00126	0.2646	0.0858738	0.138611	0.388434	871.438	
84	0.00126	0.2646	0.083221	0.118183	0.247969	889.343	
82	0.00126	0.2646	0.0838351	0.117544	0.229685	891.651	
204	0.00126	0.2646	0.090507	0.169011	0.597072	844.612	
179	0.00126	0.2646	0.0895942	0.161144	0.540374	851.87	
110	0.00126	0.2646	0.084049	0.120206	0.256349	888.397	
144	0.00126	0.2646	0.0873239	0.147982	0.448601	863.899	
116	0.00126	0.2646	0.0841788	0.125143	0.295616	883.536	
154	0.00126	0.2646	0.0842178	0.126606	0.303623	882.526	
117	0.00126	0.2646	0.0836943	0.12297	0.284911	884.809	
125	0.00126	0.2646	0.0858977	0.135781	0.355535	875.743	
58	0.00126	0.2646	0.0806474	0.105024	0.165685	899.857	
81	0.00126	0.2646	0.0827104	0.119014	0.255048	888.445	
79	0.00126	0.2646	0.0830443	0.117009	0.227601	893.044	
72	0.00126	0.2646	0.0826201	0.114347	0.211811	893.864	
28	0.00126	0.2646	0.0809971	0.101788	0.124514	905.098	
107	0.00126	0.2646	0.0832203	0.120694	0.257478	888.189	
45	0.00126	0.2646	0.0809162	0.105182	0.161554	900.523	
108	0.00126	0.2646	0.0826738	0.116982	0.238274	890.689	
130	0.00126	0.2646	0.0842745	0.129117	0.326081	879.429	
49	0.00126	0.2646	0.0822813	0.112128	0.196013	896.103	
30	0.00126	0.2646	0.0800605	0.0994177	0.119712	905.814	
113	0.00126	0.2646	0.0836131	0.13101	0.35709	875.357	
95	0.00126	0.2646	0.0822001	0.112359	0.202004	895.038	
143	0.00126	0.2646	0.0832348	0.121972	0.282464	884.698	
117	0.00126	0.2646	0.0851521	0.130508	0.327456	879.322	
183	0.00126	0.2646	0.0899179	0.168452	0.603112	843.991	
146	0.00126	0.2646	0.0864072	0.139131	0.391517	871.305	
121	0.00126	0.2646	0.0860355	0.134854	0.351683	876.317	
99	0.00126	0.2646	0.0851864	0.129137	0.309161	881.631	
111	0.00126	0.2646	0.0833796	0.125922	0.314574	880.994	
58	0.00126	0.2646	0.0812053	0.110619	0.205652	894.724	
85	0.00126	0.2646	0.0823354	0.115849	0.233161	891.243	
112	0.00126	0.2646	0.0840335	0.126947	0.308255	881.388	
73	0.00126	0.2646	0.0824761	0.114639	0.223546	892.285	
95	0.00126	0.2646	0.0833258	0.12163	0.27485	885.905	
63	0.00126	0.2646	0.0839686	0.119839	0.238765	890.728	
110	0.00126	0.2646	0.0852345	0.128812	0.311048	881.565	
116	0.00126	0.2646	0.0877435	0.14487	0.410761	868.791	
63	0.00126	0.2646	0.0839503	0.118818	0.232035	891.519	
66	0.00126	0.2646	0.080781	0.106059	0.172454	899.146	
111	0.00126	0.2646	0.0838464	0.126239	0.304886	882.023	
70	0.00126	0.2646	0.0831829	0.115882	0.228082	891.868	
152	0.00126	0.2646	0.0878665	0.149708	0.451484	863.149	
60	0.00126	0.2646	0.082446	0.110372	0.183678	897.385	
66	0.00126	0.2646	0.081571	0.107011	0.168652	899.375	
122	0.00126	0.2646	0.085088	0.134805	0.3619	874.832	
16	0.00126	0.2646	0.0810856	0.0995208	0.107511	907.459	
152	0.00126	0.2646	0.0859776	0.136223	0.360227	875.108	
160	0.00126	0.2646	0.0847408	0.130951	0.336516	878.094	
14	0.00126	0.2646	0.0799235	0.0962594	0.0988786	908.508	
198	0.00126	0.2646	0.0901779	0.160384	0.514655	855.21	
207	0.00126	0.2646	0.0886256	0.150294	0.457141	862.573	
165	0.00126	0.2646	0.0863079	0.136752	0.367886	873.913	
113	0.00126	0.2646	0.0846161	0.123653	0.26907	886.498	
151	0.00126	0.2646	0.0855594	0.138341	0.397286	870.186	
103	0.00126	0.2646	0.0840495	0.124509	0.282558	885.083	
39	0.00126	0.2646	0.0812316	0.105329	0.155152	901.415	
108	0.00126	0.2646	0.0827144	0.118703	0.252352	888.929	
103	0.00126	0.2646	0.081693	0.109968	0.194426	896.501	
96	0.00126	0.2646	0.0839882	0.122445	0.27465	886.196	
120	0.00126	0.2646	0.0853192	0.134231	0.3551	875.446	
70	0.00126	0.2646	0.0834548	0.118735	0.240541	890.108	
53	0.00126	0.2646	0.0813007	0.105345	0.157743	900.602	
115	0.00126	0.2646	0.0839711	0.127762	0.316919	880.138	
43	0.00126	0.2646	0.0809497	0.104419	0.147555	902.048	
48	0.00126	0.2646	0.0799597	0.103531	0.161219	900.305	
73	0.00126	0.2646	0.0794327	0.100495	0.142075	902.938	
82	0.00126	0.2646	0.0813251	0.113284	0.225692	892.303	
63	0.00126	0.2646	0.0815953	0.112306	0.212498	894.081	
44	0.00126	0.2646	0.081494	0.105997	0.156812	901.095	
121	0.00126	0.2646	0.0841394	0.125613	0.293457	883.356	
34	0.00126	0.2646	0.081181	0.1046	0.155087	900.83	
115	0.00126	0.2646	0.0837745	0.126458	0.31108	881.027	
87	0.00126	0.2646	0.0835891	0.120397	0.249962	888.827	
91	0.00126	0.2646	0.0813138	0.108777	0.189089	896.671	
85	0.00126	0.2646	0.0804499	0.104745	0.158707	900.74	
24	0.00126	0.2646	0.0791659	0.0972622	0.112058	906.797	
23	0.00126	0.2646	0.0792601	0.096151	0.104852	907.688	
119	0.00126	0.2646	0.0839437	0.129152	0.329317	879.26	
123	0.00126	0.2646	0.0846957	0.131287	0.341348	877.616	
122	0.00126	0.2646	0.0857187	0.135188	0.356323	875.379	
107	0.00126	0.2646	0.0839144	0.120059	0.251843	888.589	
154	0.00126	0.2646	0.0853602	0.134561	0.359126	874.883	
48	0.00126	0.2646	0.0821948	0.107795	0.163055	899.902	
102	0.00126	0.2646	0.0832108	0.118916	0.248404	889.318	
146	0.00126	0.2646	0.0847784	0.130302	0.32946	879.048	
156	0.00126	0.2646	0.0853786	0.137315	0.390194	871.591	
102	0.00126	0.2646	0.0847155	0.128163	0.307702	882.054	
127	0.00126	0.2646	0.0839439	0.126074	0.304041	882.454	
92	0.00126	0.2646	0.0825915	0.112682	0.20434	895.017	
86	0.00126	0.2646	0.083197	0.116893	0.232823	891.16	
137	0.00126	0.2646	0.084102	0.123283	0.271933	886.048	
86	0.00126	0.2646	0.0825733	0.112007	0.198944	895.278	
99	0.00126	0.2646	0.0846206	0.129274	0.323518	880.131	
124	0.00126	0.2646	0.0844477	0.127382	0.309692	881.521	
135	0.00126	0.2646	0.0846679	0.126774	0.295414	883.435	
109	0.00126	0.2646	0.0837023	0.120426	0.255895	889.802	
182	0.00126	0.2646	0.0868142	0.142855	0.410113	868.975	
147	0.00126	0.2646	0.0853581	0.134377	0.362569	874.976	
88	0.00126	0.2646	0.0841911	0.12419	0.280272	885.364	
27	0.00126	0.2646	0.0808431	0.102865	0.141199	902.903	
131	0.00126	0.2646	0.0827938	0.120081	0.268147	886.536	
74	0.00126	0.2646	0.0823154	0.111039	0.188698	896.692	
109	0.00126	0.2646	0.0834772	0.118837	0.239157	890.358	
101	0.00126	0.2646	0.0837744	0.12268	0.277011	885.749	
115	0.00126	0.2646	0.0852204	0.132148	0.334231	878.471	
76	0.00126	0.2646	0.0835275	0.121786	0.278695	885.735	
125	0.00126	0.2646	0.0862893	0.139952	0.388513	871.682	
69	0.00126	0.2646	0.0827784	0.11319	0.205998	894.955	
170	0.00126	0.2646	0.0847346	0.132634	0.347719	876.657	
89	0.00126	0.2646	0.0819005	0.115786	0.244093	889.848	
112	0.00126	0.2646	0.0819427	0.114394	0.229137	891.694	
99	0.00126	0.2646	0.0834061	0.121127	0.265145	886.998	
128	0.00126	0.2646	0.0846209	0.130113	0.332288	879.175	
102	0.00126	0.2646	0.0848157	0.132836	0.352321	876.1	
91	0.00126	0.2646	0.0827228	0.117708	0.245525	889.673	
45	0.00126	0.2646	0.0800066	0.0989716	0.120224	905.769	
107	0.00126	0.2646	0.0832314	0.122071	0.274844	886.005	
79	0.00126	0.2646	0.0822662	0.111278	0.190209	896.849	
112	0.00126	0.2646	0.082832	0.120686	0.272211	886.314	
193	0.00126	0.2646	0.0851531	0.139907	0.414166	868.816	
23	0.00126	0.2646	0.0808911	0.101144	0.122758	905.434	
134	0.00126	0.2646	0.0861511	0.144586	0.437531	865.443	
84	0.00126	0.2646	0.0831281	0.114222	0.202218	895.172	
129	0.00126	0.2646	0.0837875	0.125307	0.299192	882.809	
58	0.00126	0.2646	0.0819901	0.11006	0.182811	897.699	
24	0.00126	0.2646	0.0804689	0.0998983	0.120265	905.699	
94	0.00126	0.2646	0.0835199	0.119542	0.249082	889.377	
206	0.00126	0.2646	0.0869051	0.143393	0.413061	868.31	
106	0.00126	0.2646	0.0843635	0.125489	0.291295	884.158	
25	0.00126	0.2646	0.0807295	0.0993409	0.108381	907.178	
169	0.00126	0.2646	0.0847422	0.137472	0.398986	869.917	
50	0.00126	0.2646	0.0821372	0.109767	0.182833	897.523	
124	0.00126	0.2646	0.0849431	0.132017	0.339221	877.53	
102	0.00126	0.2646	0.0829306	0.115476	0.221242	892.78	
67	0.00126	0.2646	0.0829713	0.116184	0.231321	891.542	
126	0.00126	0.2646	0.0854488	0.131325	0.325223	879.737	
103	0.00126	0.2646	0.0863987	0.137371	0.373919	873.499	
162	0.00126	0.2646	0.0877611	0.147404	0.436899	865.473	
165	0.00126	0.2646	0.0850182	0.13388	0.3619	874.987	
112	0.00126	0.2646	0.0836199	0.120515	0.254716	888.367	
56	0.00126	0.2646	0.0830137	0.11564	0.223003	892.493	
105	0.00126	0.2646	0.084471	0.1247	0.281349	884.996	
151	0.00126	0.2646	0.0866088	0.142205	0.409177	868.879	
105	0.00126	0.2646	0.0838996	0.122455	0.273108	886.155	
55	0.00126	0.2646	0.0832393	0.118493	0.24817	889.388	
139	0.00126	0.2646	0.0851555	0.135071	0.369957	873.899	
88	0.00126	0.2646	0.0833782	0.117072	0.229167	891.944	
123	0.00126	0.2646	0.0846019	0.129915	0.326198	879.571	
51	0.00126	0.2646	0.0819133	0.110099	0.192682	896.589	
143	0.00126	0.2646	0.0870851	0.140651	0.383401	872.001	
80	0.00126	0.2646	0.0845258	0.125822	0.29202	883.656	
43	0.00126	0.2646	0.0814493	0.105835	0.161381	900.253	
117	0.00126	0.2646	0.0846134	0.128913	0.314757	880.502	
26	0.00126	0.2646	0.081633	0.103335	0.130825	904.265	
133	0.00126	0.2646	0.0853028	0.136697	0.380357	872.527	
112	0.00126	0.2646	0.0846829	0.132246	0.353791	876.056	
87	0.00126	0.2646	0.0841383	0.129212	0.330203	879.285	
85	0.00126	0.2646	0.0825156	0.115213	0.227409	892.345	
149	0.00126	0.2646	0.0846834	0.129394	0.325969	879.543	
68	0.00126	0.2646	0.0824774	0.110939	0.184134	897.345	
138	0.00126	0.2646	0.085526	0.138973	0.394893	870.382	
65	0.00126	0.2646	0.0810172	0.105754	0.17353	898.639	
111	0.00126	0.2646	0.0847158	0.128394	0.304604	881.868	
121	0.00126	0.2646	0.084798	0.133497	0.360781	874.817	
61	0.00126	0.2646	0.0815294	0.109229	0.184474	897.571	
80	0.00126	0.2646	0.0813532	0.110695	0.204694	895.064	
131	0.00126	0.2646	0.0840534	0.132865	0.362079	875.008	
80	0.00126	0.2646	0.081331	0.109179	0.190394	896.97	
120	0.00126	0.2646	0.0823229	0.11782	0.255307	888.454	
95	0.00126	0.2646	0.0848678	0.131267	0.335274	878.078	
84	0.00126	0.2646	0.0821369	0.112047	0.204225	894.618	
47	0.00126	0.2646	0.0807714	0.100941	0.127424	904.54	
235	0.00126	0.2646	0.0879634	0.155694	0.509681	855.411	
131	0.00126	0.2646	0.0839557	0.121998	0.267688	886.815	
182	0.00126	0.2646	0.0845638	0.134993	0.379322	872.568	
56	0.00126	0.2646	0.0814151	0.109838	0.19538	896.267	
75	0.00126	0.2646	0.0812287	0.107136	0.170996	899.437	
125	0.00126	0.2646	0.084524	0.133445	0.362206	875.079	
99	0.00126	0.2646	0.0842031	0.126177	0.299683	883.059	
145	0.00126	0.2646	0.0876553	0.146687	0.429277	866.137	
124	0.00126	0.2646	0.0855118	0.12997	0.318188	880.203	
137	0.00126	0.2646	0.0845249	0.124445	0.282594	884.732	
106	0.00126	0.2646	0.0846071	0.122186	0.25192	888.724	
196	0.00126	0.2646	0.0860166	0.139811	0.395046	870.45	
73	0.00126	0.2646	0.0817401	0.10792	0.1713	899.284	
58	0.00126	0.2646	0.0817741	0.110489	0.195836	896.241	
124	0.00126	0.2646	0.0848227	0.132824	0.349339	876.636	
114	0.00126	0.2646	0.0833072	0.121287	0.270749	886.734	
55	0.00126	0.2646	0.0825575	0.111124	0.190741	896.808	
140	0.00126	0.2646	0.0860725	0.134264	0.342496	877.236	
106	0.00126	0.2646	0.0854616	0.128419	0.303116	882.238	
134	0.00126	0.2646	0.0868617	0.13966	0.38326	871.952	
228	0.00126	0.2646	0.0873702	0.146905	0.444361	863.964	
151	0.00126	0.2646	0.0847533	0.129459	0.322687	879.856	
86	0.00126	0.2646	0.0821179	0.112555	0.207041	894.696	
78	0.00126	0.2646	0.0812614	0.109678	0.199467	895.681	
61	0.00126	0.2646	0.0825354	0.113559	0.20532	895.645	
101	0.00126	0.2646	0.0832992	0.119792	0.254754	888.763	
116	0.00126	0.2646	0.0844903	0.127003	0.306718	881.926	
118	0.00126	0.2646	0.0841197	0.128231	0.322958	879.631	
88	0.00126	0.2646	0.0830755	0.11769	0.238569	890.462	
95	0.00126	0.2646	0.082917	0.118098	0.246752	889.262	
67	0.00126	0.2646	0.0818798	0.110569	0.190862	896.463	
36	0.00126	0.2646	0.0806635	0.101145	0.123847	905.208	
120	0.00126	0.2646	0.083726	0.129255	0.336312	878.08	
61	0.00126	0.2646	0.0813333	0.105617	0.157524	901.163	
120	0.00126	0.2646	0.0852008	0.133273	0.345167	877.109	
112	0.00126	0.2646	0.0838603	0.124275	0.290552	884.423	
75	0.00126	0.2646	0.0826149	0.114364	0.217261	893.359	
16	0.00126	0.2646	0.0800799	0.0991509	0.112173	906.579	
129	0.00126	0.2646	0.0826404	0.121406	0.285992	884.419	
132	0.00126	0.2646	0.0837207	0.122381	0.269582	886.455	
125	0.00126	0.2646	0.0841252	0.125417	0.291807	883.709	
149	0.00126	0.2646	0.0840499	0.128906	0.332708	878.56	
111	0.00126	0.2646	0.0837052	0.122951	0.277588	885.732	
140	0.00126	0.2646	0.0848558	0.13506	0.37536	873.259	
123	0.00126	0.2646	0.0839891	0.123627	0.278294	885.673	
129	0.00126	0.2646	0.0844988	0.132521	0.353511	876.02	
33	0.00126	0.2646	0.0799333	0.0988772	0.1188	905.832	
124	0.00126	0.2646	0.0832194	0.124293	0.297206	882.972	
44	0.00126	0.2646	0.0810053	0.1047	0.157589	900.922	
156	0.00126	0.2646	0.0856431	0.136913	0.373817	873.227	
154	0.00126	0.2646	0.0869763	0.147646	0.451643	864.448	
37	0.00126	0.2646	0.0818023	0.106695	0.161016	900.555	
104	0.00126	0.2646	0.0836394	0.122254	0.268703	886.814	
72	0.00126	0.2646	0.0833358	0.120114	0.25339	889.778	
63	0.00126	0.2646	0.0822333	0.115005	0.234513	891.236	
119	0.00126	0.2646	0.0837043	0.124468	0.286857	884.568	
77	0.00126	0.2646	0.0813128	0.108198	0.184949	897.48	
109	0.00126	0.2646	0.0842715	0.126458	0.29867	882.85	
77	0.00126	0.2646	0.0818632	0.112177	0.208527	894.379	
27	0.00126	0.2646	0.0803536	0.0994292	0.120109	905.49	
112	0.00126	0.2646	0.0857787	0.135392	0.35444	875.616	
145	0.00126	0.2646	0.0859489	0.135657	0.363197	874.701	
150	0.00126	0.2646	0.0865019	0.140176	0.401086	869.915	
200	0.00126	0.2646	0.0891766	0.161944	0.548392	851.387	
85	0.00126	0.2646	0.0822382	0.109006	0.177112	898.676	
115	0.00126	0.2646	0.0835691	0.123427	0.285215	884.813	
68	0.00126	0.2646	0.0836169	0.121957	0.270493	886.695	
114	0.00126	0.2646	0.0861184	0.136509	0.357909	875.256	
53	0.00126	0.2646	0.0815865	0.105599	0.155603	901.046	
88	0.00126	0.2646	0.082824	0.119216	0.265753	886.925	
93	0.00126	0.2646	0.0856487	0.131993	0.324169	879.478	
105	0.00126	0.2646	0.0845765	0.12562	0.287946	884.286	
61	0.00126	0.2646	0.0823801	0.108945	0.170003	899.554	
135	0.00126	0.2646	0.0853768	0.133041	0.336301	878.435	
75	0.00126	0.2646	0.0829642	0.117594	0.242144	890.349	
79	0.00126	0.2646	0.0824267	0.115692	0.234423	891.35	
68	0.00126	0.2646	0.0835751	0.120664	0.261141	887.863	
