100
Generating hetero cluster distribution... 
0
2	433.4335711
4	463.7164855
6	503.5531877
8	544.9445767
10	587.419793
155	0.00126	0.2646	0.03730822123	0.05494030841	0.05684088636
60	0.00126	0.2646	0.03727931353	0.05469675889	0.05476663943
101	0.00126	0.2646	0.03726586729	0.05467705482	0.05544011639
107	0.00126	0.2646	0.03732637315	0.05507221813	0.05775642959
91	0.00126	0.2646	0.03725845238	0.05462377855	0.05493495743
145	0.00126	0.2646	0.0372849609	0.05496825776	0.05586389921
18	0.00126	0.2646	0.0372193967	0.05451729715	0.0545946986
25	0.00126	0.2646	0.03723197224	0.05452755214	0.05460475077
167	0.00126	0.2646	0.0373173512	0.05504568491	0.05763196164
64	0.00126	0.2646	0.03725008447	0.05455711611	0.05463301941
70	0.00126	0.2646	0.03725572333	0.05460694934	0.05487359371
118	0.00126	0.2646	0.03739300226	0.05584780908	0.06546066919
82	0.00126	0.2646	0.03729055424	0.05464039497	0.05471326549
137	0.00126	0.2646	0.03741639997	0.05541638301	0.05940205937
128	0.00126	0.2646	0.03727843537	0.05463440971	0.05470800764
77	0.00126	0.2646	0.03723670177	0.054619341	0.05525587747
85	0.00126	0.2646	0.03721348633	0.05450004071	0.05457821338
68	0.00126	0.2646	0.037224498	0.05452669819	0.05460396314
50	0.00126	0.2646	0.0372487182	0.05458841548	0.05466390556
18	0.00126	0.2646	0.03724584958	0.05458302655	0.05465871157
78	0.00126	0.2646	0.03724570735	0.05456161595	0.05463816825
84	0.00126	0.2646	0.03726465076	0.0546294728	0.05470240728
100	0.00126	0.2646	0.03730845186	0.05472045943	0.05498596972
65	0.00126	0.2646	0.03741953115	0.05508440722	0.05513252915
32	0.00126	0.2646	0.03729035505	0.05465853891	0.05473130776
76	0.00126	0.2646	0.03724356319	0.05457262754	0.05464840056
200	0.00126	0.2646	0.0372344045	0.05456557575	0.05464157715
115	0.00126	0.2646	0.03722205223	0.05450954417	0.05458749132
49	0.00126	0.2646	0.03725387485	0.05460650728	0.05468068184
162	0.00126	0.2646	0.03733613034	0.05537740375	0.0611199954
164	0.00126	0.2646	0.03729151086	0.05492023111	0.05706039384
157	0.00126	0.2646	0.03729777196	0.05478405826	0.05576377751
101	0.00126	0.2646	0.03748816412	0.05630668701	0.06761966661
190	0.00126	0.2646	0.03731748516	0.05469689804	0.05476931813
130	0.00126	0.2646	0.03735351318	0.05534013189	0.06102493448
132	0.00126	0.2646	0.03727900152	0.05474328704	0.0557703931
120	0.00126	0.2646	0.03734515063	0.05534615598	0.06024048647
150	0.00126	0.2646	0.03724660686	0.05465249681	0.05549444817
33	0.00126	0.2646	0.03722860867	0.05452298462	0.05460059193
114	0.00126	0.2646	0.03729706833	0.05504657557	0.05841604239
127	0.00126	0.2646	0.03723366187	0.0545507756	0.0546280155
175	0.00126	0.2646	0.03725244718	0.05470512147	0.05591482808
176	0.00126	0.2646	0.0372758186	0.0547363441	0.05543199592
90	0.00126	0.2646	0.03727193628	0.05471166013	0.05552710137
96	0.00126	0.2646	0.03729814501	0.05493124117	0.05719127821
112	0.00126	0.2646	0.03728606005	0.05470412107	0.05534519024
81	0.00126	0.2646	0.03753670829	0.05697688551	0.07386305408
88	0.00126	0.2646	0.03727269748	0.05468274979	0.0549834243
120	0.00126	0.2646	0.03722432739	0.05456090745	0.05505477536
146	0.00126	0.2646	0.03722866312	0.05454502414	0.05462208145
112	0.00126	0.2646	0.03726342374	0.05477776905	0.05624681862
121	0.00126	0.2646	0.03722994186	0.05452931521	0.05460707284
88	0.00126	0.2646	0.03723912414	0.05455589599	0.05463291697
109	0.00126	0.2646	0.03728679905	0.05492478469	0.05737161548
100	0.00126	0.2646	0.0372665417	0.05471545562	0.05561010516
24	0.00126	0.2646	0.03723263096	0.05452743287	0.05460510465
91	0.00126	0.2646	0.03726528443	0.05466693868	0.05473784901
139	0.00126	0.2646	0.03734039923	0.05578143417	0.06521451217
70	0.00126	0.2646	0.03723017464	0.05454468577	0.0546209636
130	0.00126	0.2646	0.0372638603	0.05481463381	0.05662370071
175	0.00126	0.2646	0.03727604658	0.05471578389	0.05478178152
19	0.00126	0.2646	0.03726782993	0.05467787603	0.05475247396
125	0.00126	0.2646	0.03728705541	0.05484457526	0.05651636778
94	0.00126	0.2646	0.03734023864	0.05529203499	0.06031914286
57	0.00126	0.2646	0.03728981962	0.05475765781	0.05521371623
118	0.00126	0.2646	0.03722598489	0.05451212235	0.05459007904
87	0.00126	0.2646	0.03722321667	0.05451803083	0.05459597801
118	0.00126	0.2646	0.03724396033	0.05467252646	0.05521196499
65	0.00126	0.2646	0.03722483912	0.05453399966	0.05461072756
108	0.00126	0.2646	0.03724901505	0.05472299498	0.05614273426
74	0.00126	0.2646	0.03730239279	0.05495386031	0.05762089307
124	0.00126	0.2646	0.03744667262	0.05611048228	0.06690195255
122	0.00126	0.2646	0.03728913295	0.05472894304	0.0551802722
70	0.00126	0.2646	0.03726548836	0.05463108143	0.05470585525
70	0.00126	0.2646	0.03725373655	0.05458893472	0.05466484947
155	0.00126	0.2646	0.03723237256	0.05458767062	0.05507575256
111	0.00126	0.2646	0.03721616043	0.05450100276	0.05457945653
32	0.00126	0.2646	0.03724047764	0.05468420976	0.0557147266
99	0.00126	0.2646	0.03721903439	0.05461757135	0.05568457583
52	0.00126	0.2646	0.03722859878	0.05455532455	0.05482430394
206	0.00126	0.2646	0.03729938876	0.05482357304	0.05567378856
138	0.00126	0.2646	0.03730667561	0.05478469095	0.05506145639
51	0.00126	0.2646	0.03727462872	0.05478939126	0.05632950704
130	0.00126	0.2646	0.03728090397	0.05473578818	0.0556056595
157	0.00126	0.2646	0.03735664089	0.0553407566	0.06027461933
49	0.00126	0.2646	0.03730756354	0.05493625285	0.0549796008
62	0.00126	0.2646	0.03722035874	0.05450717431	0.05458514484
78	0.00126	0.2646	0.03722775428	0.0545471111	0.05462394803
28	0.00126	0.2646	0.03722031893	0.05451358573	0.05459134383
131	0.00126	0.2646	0.03724784385	0.05468963387	0.05585614382
202	0.00126	0.2646	0.03749514612	0.056481496	0.06996931555
133	0.00126	0.2646	0.03741526455	0.05577231169	0.06435311214
73	0.00126	0.2646	0.03727059205	0.05468318253	0.05533928688
156	0.00126	0.2646	0.03726852524	0.05472091538	0.05572535778
212	0.00126	0.2646	0.03731842228	0.05495382708	0.05635529586
148	0.00126	0.2646	0.0378506061	0.06155273298	0.1079734208
61	0.00126	0.2646	0.03725543211	0.05464639984	0.05471408829
127	0.00126	0.2646	0.03723462112	0.05455792421	0.05463362352
50	0.00126	0.2646	0.0372616593	0.05475822066	0.05622401922
120	0.00126	0.2646	0.03726480148	0.05459611121	0.05467020091
142	0.00126	0.2646	0.03722710227	0.05453127304	0.05460798029
72	0.00126	0.2646	0.03725920885	0.054849919	0.05711420625
86	0.00126	0.2646	0.0373100823	0.05502935075	0.05830037566
167	0.00126	0.2646	0.03739106218	0.05539023729	0.05929463776
94	0.00126	0.2646	0.03730292129	0.05493125966	0.05741355618
189	0.00126	0.2646	0.03724935104	0.05464116149	0.05511664948
134	0.00126	0.2646	0.03724629231	0.05467483237	0.05563755409
100	0.00126	0.2646	0.0372600414	0.05473028079	0.0557623992
35	0.00126	0.2646	0.03726069527	0.05473254314	0.05588310296
195	0.00126	0.2646	0.03724623275	0.05474528685	0.05645511642
35	0.00126	0.2646	0.03721693835	0.05449942478	0.05457747498
138	0.00126	0.2646	0.03727547031	0.05479996887	0.05608186878
112	0.00126	0.2646	0.03736481937	0.05507168085	0.05777978542
79	0.00126	0.2646	0.03780001496	0.05867974715	0.08561707602
142	0.00126	0.2646	0.0373595585	0.05507213594	0.05773647864
62	0.00126	0.2646	0.03723377749	0.05452555642	0.05460317792
56	0.00126	0.2646	0.03723156796	0.05454774848	0.05462450445
81	0.00126	0.2646	0.03727617732	0.05497285076	0.05836559579
167	0.00126	0.2646	0.03724105431	0.05461971679	0.05514903706
52	0.00126	0.2646	0.03721727754	0.05450786595	0.05458564513
67	0.00126	0.2646	0.03722146427	0.05451180276	0.0545896303
203	0.00126	0.2646	0.03727588154	0.05484445546	0.05680161324
72	0.00126	0.2646	0.03731903155	0.05472352998	0.05479956705
161	0.00126	0.2646	0.03756490703	0.05642691449	0.06709830443
107	0.00126	0.2646	0.03729183816	0.05465745467	0.05492976945
15	0.00126	0.2646	0.03723545559	0.05453493931	0.05461228385
161	0.00126	0.2646	0.03727960223	0.05499345963	0.05825798926
65	0.00126	0.2646	0.03724199154	0.0546268739	0.05517956169
112	0.00126	0.2646	0.0372427871	0.05470533847	0.05606642272
76	0.00126	0.2646	0.03723146831	0.05458212914	0.05490592316
52	0.00126	0.2646	0.03723229334	0.05456132402	0.05483323509
161	0.00126	0.2646	0.03729572542	0.05488023184	0.05661542072
170	0.00126	0.2646	0.03743083049	0.05575098333	0.06291667745
92	0.00126	0.2646	0.037332425	0.05478983678	0.05486434469
50	0.00126	0.2646	0.03727506294	0.05468512725	0.0551810088
214	0.00126	0.2646	0.03726349258	0.05476438542	0.05633676825
56	0.00126	0.2646	0.03725599935	0.05464559655	0.0549258889
85	0.00126	0.2646	0.03722096641	0.05451132563	0.05458941744
87	0.00126	0.2646	0.03721678514	0.05453125048	0.05483334082
90	0.00126	0.2646	0.03722253248	0.05452698597	0.05460456365
50	0.00126	0.2646	0.03722907842	0.05453874712	0.05461678217
63	0.00126	0.2646	0.03723967335	0.05458703751	0.05488879411
119	0.00126	0.2646	0.03726324792	0.05463260476	0.05471001986
112	0.00126	0.2646	0.03725497866	0.05460316532	0.05491040045
132	0.00126	0.2646	0.03730099599	0.05504646079	0.05826065775
66	0.00126	0.2646	0.03725802173	0.05465240972	0.05520445094
145	0.00126	0.2646	0.03726874774	0.05466528817	0.05473709212
62	0.00126	0.2646	0.03723376394	0.0545709112	0.05485558812
16	0.00126	0.2646	0.03721867707	0.05451220223	0.05459040593
82	0.00126	0.2646	0.03722746115	0.05456294777	0.05485688003
198	0.00126	0.2646	0.0373373831	0.05518273796	0.0580866645
31	0.00126	0.2646	0.03724555953	0.05459599241	0.05467109472
142	0.00126	0.2646	0.03726832309	0.05481562562	0.05660514404
14	0.00126	0.2646	0.03723857829	0.05455086515	0.05462830907
102	0.00126	0.2646	0.03725661905	0.05469486861	0.05540303987
32	0.00126	0.2646	0.03724404847	0.05466634364	0.05567401552
80	0.00126	0.2646	0.03723999072	0.05455313946	0.05462992327
132	0.00126	0.2646	0.03727038186	0.0548766443	0.0568057112
141	0.00126	0.2646	0.03724753754	0.05462885285	0.05514198558
75	0.00126	0.2646	0.03731493091	0.05516662583	0.05941454476
109	0.00126	0.2646	0.03759188005	0.05761211578	0.07887066645
174	0.00126	0.2646	0.03735790975	0.05587335977	0.06539140108
62	0.00126	0.2646	0.03734022964	0.05526075786	0.05940160636
124	0.00126	0.2646	0.03728046003	0.05473671631	0.05539186767
30	0.00126	0.2646	0.03726477117	0.05477389681	0.05642835064
88	0.00126	0.2646	0.03724647829	0.05460770455	0.05506893492
147	0.00126	0.2646	0.03728930221	0.05482836555	0.05584292484
57	0.00126	0.2646	0.03726370056	0.05471520562	0.05570325247
117	0.00126	0.2646	0.037291292	0.05506733708	0.05919229266
157	0.00126	0.2646	0.03727631021	0.05464315733	0.05471479235
126	0.00126	0.2646	0.03729730883	0.05484976923	0.05550708199
38	0.00126	0.2646	0.03727034974	0.05468090327	0.05475530091
52	0.00126	0.2646	0.03727325523	0.05464340355	0.05471810056
59	0.00126	0.2646	0.0373618533	0.05551561128	0.06239259559
45	0.00126	0.2646	0.03725180905	0.05456938912	0.05464585511
66	0.00126	0.2646	0.03725854362	0.05462404464	0.05470036076
142	0.00126	0.2646	0.03725760644	0.05469700641	0.05569780772
95	0.00126	0.2646	0.03727076179	0.05484275034	0.05672454295
160	0.00126	0.2646	0.03724077746	0.05462939408	0.05516681868
100	0.00126	0.2646	0.03722971251	0.05452710022	0.05460423287
81	0.00126	0.2646	0.03723223827	0.05454141696	0.05461812929
77	0.00126	0.2646	0.03723228819	0.05452980944	0.05460764389
179	0.00126	0.2646	0.03726241573	0.05469900343	0.05557172552
81	0.00126	0.2646	0.03734123217	0.0552839571	0.05992748437
81	0.00126	0.2646	0.03728117305	0.05463758837	0.05471264866
140	0.00126	0.2646	0.03739641265	0.05571768701	0.06288133126
150	0.00126	0.2646	0.03724383136	0.05454944932	0.05462690691
15	0.00126	0.2646	0.03723523142	0.05456446615	0.0546409403
61	0.00126	0.2646	0.03721602939	0.05450057202	0.05457867341
146	0.00126	0.2646	0.03723018776	0.05464128298	0.05561361029
15	0.00126	0.2646	0.03725402091	0.05462533781	0.05469790392
69	0.00126	0.2646	0.03724853605	0.0546023537	0.05467667048
110	0.00126	0.2646	0.03725190519	0.05465623789	0.05538307343
106	0.00126	0.2646	0.03727526102	0.05472425409	0.05545163661
32	0.00126	0.2646	0.0372793861	0.05468607152	0.05475599384
27	0.00126	0.2646	0.03730141076	0.05492139642	0.05496459676
126	0.00126	0.2646	0.03724260719	0.05458146004	0.05485752827
85	0.00126	0.2646	0.03731950852	0.05532705008	0.06137515427
106	0.00126	0.2646	0.03723324407	0.05454239139	0.05461885874
95	0.00126	0.2646	0.03722294053	0.05451620816	0.05459356904
146	0.00126	0.2646	0.03721380169	0.05450309012	0.05458157514
85	0.00126	0.2646	0.03721569977	0.05451864592	0.05459583388
145	0.00126	0.2646	0.03722710982	0.05452807859	0.05460507179
93	0.00126	0.2646	0.03726965668	0.05468911639	0.05522570347
98	0.00126	0.2646	0.03727144647	0.05466153456	0.0547320826
129	0.00126	0.2646	0.03727913984	0.0548552039	0.05674262502
141	0.00126	0.2646	0.03729352887	0.0550178145	0.05812931552
106	0.00126	0.2646	0.03724156054	0.05455029536	0.05462736859
51	0.00126	0.2646	0.03728928987	0.05493303451	0.0571125801
111	0.00126	0.2646	0.03722913623	0.05455887336	0.05483847844
21	0.00126	0.2646	0.03721546608	0.05451689249	0.05459435781
77	0.00126	0.2646	0.03722233875	0.05453158369	0.0546083192
111	0.00126	0.2646	0.03724741957	0.0545827621	0.05465759321
63	0.00126	0.2646	0.03734257937	0.05498970864	0.05611963702
110	0.00126	0.2646	0.03725664768	0.05463085793	0.05518132532
78	0.00126	0.2646	0.03722617215	0.05452340975	0.05460131944
213	0.00126	0.2646	0.03724408837	0.05468902424	0.05577379825
39	0.00126	0.2646	0.03723467398	0.0545536054	0.05463005456
78	0.00126	0.2646	0.0372640294	0.05483107161	0.05674899895
123	0.00126	0.2646	0.03721552562	0.05449882993	0.05457724356
91	0.00126	0.2646	0.03723289972	0.05467700808	0.05595211055
158	0.00126	0.2646	0.03724951427	0.05476950629	0.05625409512
94	0.00126	0.2646	0.03727041613	0.05486511243	0.05490679276
60	0.00126	0.2646	0.03730755919	0.05476864721	0.05484184504
92	0.00126	0.2646	0.03723709358	0.05453225369	0.05461001273
83	0.00126	0.2646	0.03723112967	0.05460813139	0.05535916878
60	0.00126	0.2646	0.03723619571	0.05456458511	0.05464170126
126	0.00126	0.2646	0.03726419383	0.05486656293	0.05719284626
112	0.00126	0.2646	0.03722594029	0.0545341547	0.05461150564
98	0.00126	0.2646	0.03721933634	0.05453970083	0.05483690623
213	0.00126	0.2646	0.03722353439	0.05455134088	0.05486228683
112	0.00126	0.2646	0.03728907469	0.05511658148	0.05946118729
54	0.00126	0.2646	0.03728976158	0.05472714156	0.0550117015
128	0.00126	0.2646	0.03744363537	0.05614573304	0.06733992104
83	0.00126	0.2646	0.03726906066	0.05469704504	0.05557361581
50	0.00126	0.2646	0.03725995389	0.05472460577	0.05577401593
143	0.00126	0.2646	0.03727940959	0.05491704511	0.05727621053
41	0.00126	0.2646	0.03722914645	0.05453965748	0.05461744012
63	0.00126	0.2646	0.03721536918	0.05450251264	0.0545811459
91	0.00126	0.2646	0.03722194227	0.0545320187	0.05460961086
103	0.00126	0.2646	0.03722104533	0.05453560889	0.05483276209
152	0.00126	0.2646	0.03726244975	0.05481486713	0.05655080933
86	0.00126	0.2646	0.03728150841	0.05489181012	0.05716776671
198	0.00126	0.2646	0.03727796458	0.05480893143	0.05614378661
114	0.00126	0.2646	0.03724945914	0.05459471804	0.05467040006
111	0.00126	0.2646	0.03728386252	0.05498519884	0.05833145132
149	0.00126	0.2646	0.03725979112	0.05471869937	0.05578849428
48	0.00126	0.2646	0.037249563	0.05472545095	0.05608605703
97	0.00126	0.2646	0.03724426108	0.0547324696	0.05619380368
68	0.00126	0.2646	0.03721976284	0.0545132748	0.05459170335
126	0.00126	0.2646	0.03723548175	0.05455492573	0.05463227859
93	0.00126	0.2646	0.03723455871	0.05458528852	0.05491000251
94	0.00126	0.2646	0.03723731185	0.05459914064	0.05492725446
69	0.00126	0.2646	0.0372282651	0.05452810809	0.05460538036
199	0.00126	0.2646	0.03729510241	0.05513787674	0.05967819034
129	0.00126	0.2646	0.03724688664	0.05458070211	0.05465672637
80	0.00126	0.2646	0.03726892342	0.05466819937	0.05473879604
187	0.00126	0.2646	0.03725347065	0.05470217455	0.05571060281
109	0.00126	0.2646	0.03723938694	0.05464627206	0.05549860237
145	0.00126	0.2646	0.03724559231	0.05467512712	0.05554846174
49	0.00126	0.2646	0.03728531425	0.05476080106	0.05482519863
103	0.00126	0.2646	0.03725746597	0.05471550839	0.05555309078
146	0.00126	0.2646	0.03729705675	0.055013794	0.05801518707
78	0.00126	0.2646	0.03723519554	0.05454005465	0.05461769127
165	0.00126	0.2646	0.03725210012	0.05466497961	0.05533910685
154	0.00126	0.2646	0.03730237738	0.05482995702	0.05617003281
91	0.00126	0.2646	0.03756388515	0.05716895049	0.07516529442
95	0.00126	0.2646	0.03727673827	0.0546322016	0.05470563106
108	0.00126	0.2646	0.03723504271	0.05455812577	0.05463376799
25	0.00126	0.2646	0.03723006629	0.05452672399	0.05460414569
179	0.00126	0.2646	0.03735606331	0.05556789257	0.06295084573
43	0.00126	0.2646	0.03725395901	0.05460277097	0.05490768534
163	0.00126	0.2646	0.03733115558	0.05523449264	0.05963204462
86	0.00126	0.2646	0.03725735336	0.05462776341	0.05491857758
100	0.00126	0.2646	0.03726647274	0.0547335997	0.05586763681
113	0.00126	0.2646	0.03733343638	0.055169807	0.05874001012
104	0.00126	0.2646	0.03731618119	0.05495789944	0.05676542284
79	0.00126	0.2646	0.03726015991	0.05464667915	0.05509778277
69	0.00126	0.2646	0.03727699998	0.05496725607	0.05832110839
89	0.00126	0.2646	0.03725590978	0.0546511531	0.05515564364
134	0.00126	0.2646	0.03723312522	0.05457013499	0.05464601155
27	0.00126	0.2646	0.03722291729	0.05451677575	0.05459453443
96	0.00126	0.2646	0.03726103204	0.05478373594	0.05640219572
104	0.00126	0.2646	0.03725669382	0.05464878395	0.05517691804
64	0.00126	0.2646	0.03729659385	0.05474469349	0.05481162164
42	0.00126	0.2646	0.0374060033	0.05573474161	0.06344984419
75	0.00126	0.2646	0.03726123095	0.05458921151	0.05466454885
138	0.00126	0.2646	0.03724610098	0.05461303207	0.0549364803
43	0.00126	0.2646	0.03722570908	0.05455706349	0.05485358361
55	0.00126	0.2646	0.03721998644	0.05460101137	0.05542220041
133	0.00126	0.2646	0.03725229943	0.05479254348	0.05664111155
65	0.00126	0.2646	0.0372402527	0.05470431049	0.05613067826
122	0.00126	0.2646	0.03722391691	0.05451935888	0.05459672997
62	0.00126	0.2646	0.03725776635	0.05458472063	0.05465931973
104	0.00126	0.2646	0.03747683659	0.05654132794	0.07085627273
139	0.00126	0.2646	0.03729246142	0.05471754463	0.0550229513
50	0.00126	0.2646	0.0372621221	0.05462882211	0.0547030156
168	0.00126	0.2646	0.03725360284	0.0546816185	0.05549679803
57	0.00126	0.2646	0.03723539603	0.05460073459	0.05512456145
76	0.00126	0.2646	0.03721726212	0.05450372434	0.05458191661
41	0.00126	0.2646	0.03722214226	0.05452245087	0.05459996376
108	0.00126	0.2646	0.0372283308	0.0546211154	0.05537156759
69	0.00126	0.2646	0.03722530577	0.05453029546	0.05460740185
144	0.00126	0.2646	0.03729817364	0.05504030181	0.05806020407
115	0.00126	0.2646	0.03724876081	0.05459011089	0.05466454159
77	0.00126	0.2646	0.03726883769	0.05484373694	0.05702882702
100	0.00126	0.2646	0.03726201301	0.05464311898	0.0547168838
102	0.00126	0.2646	0.03725652106	0.05459894437	0.054881139
169	0.00126	0.2646	0.03741890852	0.05605270938	0.06687376428
108	0.00126	0.2646	0.03726830032	0.05478110223	0.05640824417
112	0.00126	0.2646	0.03727415029	0.05498187472	0.058134528
17	0.00126	0.2646	0.03725101245	0.05476973064	0.05648736549
181	0.00126	0.2646	0.03727719447	0.0549890282	0.05587231027
71	0.00126	0.2646	0.03734604445	0.0553993875	0.0608935322
149	0.00126	0.2646	0.03723677109	0.0545443178	0.05462170234
105	0.00126	0.2646	0.03721845471	0.05450890839	0.05458712427
142	0.00126	0.2646	0.03722248972	0.05451485972	0.05459311503
44	0.00126	0.2646	0.0372318929	0.05453656096	0.05461399313
63	0.00126	0.2646	0.0372731949	0.05478592647	0.05580940589
136	0.00126	0.2646	0.03723164212	0.05453629823	0.05461352916
103	0.00126	0.2646	0.0372393265	0.05464652185	0.05536745024
81	0.00126	0.2646	0.03724209048	0.05466768547	0.05473406778
144	0.00126	0.2646	0.03772693891	0.06207644303	0.1135998201
58	0.00126	0.2646	0.03727391214	0.05475732344	0.05482206003
175	0.00126	0.2646	0.03722142663	0.0545146582	0.05459295951
15	0.00126	0.2646	0.03721075373	0.05448889701	0.05456767933
153	0.00126	0.2646	0.03722421583	0.05452040793	0.05459849961
141	0.00126	0.2646	0.03727665355	0.05496509235	0.05796906029
130	0.00126	0.2646	0.03724617623	0.05465274059	0.05541136553
113	0.00126	0.2646	0.03724963802	0.05471893499	0.05590983432
39	0.00126	0.2646	0.03722958769	0.05452726209	0.05460489736
104	0.00126	0.2646	0.03722846958	0.054555511	0.05463131827
86	0.00126	0.2646	0.03726369739	0.05486855711	0.05491004549
147	0.00126	0.2646	0.03728209169	0.05488315854	0.05664560279
54	0.00126	0.2646	0.03722497102	0.05452092865	0.05459884352
169	0.00126	0.2646	0.03721874166	0.05450646709	0.05458520748
123	0.00126	0.2646	0.03724827178	0.05468800564	0.0555891784
83	0.00126	0.2646	0.03723968057	0.05463161026	0.05526659596
246	0.00126	0.2646	0.0372309549	0.05452654778	0.05460425854
103	0.00126	0.2646	0.03732128709	0.05527559004	0.05995586838
68	0.00126	0.2646	0.03722520941	0.05451626619	0.05459446996
29	0.00126	0.2646	0.03725048708	0.05460588203	0.05468165464
125	0.00126	0.2646	0.03727715979	0.05483751462	0.05636043079
43	0.00126	0.2646	0.03723280683	0.05454121589	0.05461843973
182	0.00126	0.2646	0.03722618578	0.05455450772	0.05483043802
80	0.00126	0.2646	0.03722222148	0.05452663633	0.05460472757
168	0.00126	0.2646	0.03721925693	0.05451344212	0.05459171196
79	0.00126	0.2646	0.03721786664	0.05451221441	0.05459052193
138	0.00126	0.2646	0.03722079741	0.05451352252	0.05459175663
100	0.00126	0.2646	0.03724272803	0.05462711873	0.05507872761
62	0.00126	0.2646	0.03723606014	0.05455691228	0.05463411827
46	0.00126	0.2646	0.03726762864	0.05487254812	0.05719312683
127	0.00126	0.2646	0.03723169709	0.05454431643	0.05462188232
98	0.00126	0.2646	0.03722203462	0.05451208169	0.05459071127
88	0.00126	0.2646	0.0372781656	0.05493612957	0.05738112755
44	0.00126	0.2646	0.03724995624	0.05470458816	0.05585054848
76	0.00126	0.2646	0.03722965334	0.05453467204	0.05461202774
77	0.00126	0.2646	0.03723455458	0.05463099166	0.05538470161
164	0.00126	0.2646	0.03721892564	0.05453767124	0.05486768739
194	0.00126	0.2646	0.03724088112	0.05465987632	0.05556399324
158	0.00126	0.2646	0.03728989721	0.05506080016	0.05869927337
102	0.00126	0.2646	0.03723346258	0.05454517999	0.05462286358
79	0.00126	0.2646	0.03725791517	0.05470997312	0.05527576796
146	0.00126	0.2646	0.0372384615	0.05466495126	0.05570700018
147	0.00126	0.2646	0.03723458727	0.05457953083	0.0548499936
238	0.00126	0.2646	0.03725417492	0.05467339446	0.05542947318
160	0.00126	0.2646	0.03731123943	0.05499875295	0.05728555863
125	0.00126	0.2646	0.03728880768	0.05497903589	0.05808742104
87	0.00126	0.2646	0.03722298694	0.05450932689	0.05458728978
11	0.00126	0.2646	0.0372369639	0.05456399698	0.05464104072
12	0.00126	0.2646	0.03726662351	0.05465982513	0.05473261856
77	0.00126	0.2646	0.037248501	0.05456550298	0.05464091179
170	0.00126	0.2646	0.03745550417	0.05649358064	0.07066678689
118	0.00126	0.2646	0.03725244277	0.05458284875	0.05465788265
55	0.00126	0.2646	0.03726176866	0.05476091662	0.05587361232
77	0.00126	0.2646	0.03728201449	0.05487103924	0.05674074967
86	0.00126	0.2646	0.03726035365	0.05463188741	0.05495669581
141	0.00126	0.2646	0.03729836603	0.05500540078	0.05769928331
138	0.00126	0.2646	0.03724683439	0.05457386906	0.05464979389
96	0.00126	0.2646	0.03732045016	0.05528761112	0.06089830978
84	0.00126	0.2646	0.03722594521	0.0545693016	0.05504887802
72	0.00126	0.2646	0.03722564263	0.05457297911	0.05508593279
121	0.00126	0.2646	0.03725331111	0.05465830626	0.0549257338
72	0.00126	0.2646	0.03726179329	0.05470721849	0.05551068772
95	0.00126	0.2646	0.03737010406	0.05583151056	0.06538019345
121	0.00126	0.2646	0.03731963801	0.05505397224	0.05802529966
142	0.00126	0.2646	0.03729576953	0.05480074805	0.05574081919
173	0.00126	0.2646	0.03735520874	0.05550370424	0.06185962088
121	0.00126	0.2646	0.03723750827	0.05454275411	0.05461968999
86	0.00126	0.2646	0.0372309718	0.05455521458	0.05463177
79	0.00126	0.2646	0.03721792294	0.05451256776	0.05459080716
119	0.00126	0.2646	0.03722230044	0.05457460293	0.05507036102
108	0.00126	0.2646	0.03721898968	0.05451347712	0.05459134737
63	0.00126	0.2646	0.03723741714	0.05456388293	0.05464002732
104	0.00126	0.2646	0.03726847988	0.05469111854	0.05475932819
87	0.00126	0.2646	0.03726566736	0.05461293351	0.05468711514
163	0.00126	0.2646	0.03740576236	0.05593923894	0.06650894978
117	0.00126	0.2646	0.03726435261	0.0546164871	0.05469123907
74	0.00126	0.2646	0.037255135	0.05465943496	0.05513041429
113	0.00126	0.2646	0.03723104625	0.05454941741	0.05462565471
110	0.00126	0.2646	0.03722089979	0.05451769382	0.05459569099
106	0.00126	0.2646	0.03724136385	0.05472247512	0.05618242927
132	0.00126	0.2646	0.03723260462	0.05454246397	0.05462008519
81	0.00126	0.2646	0.03729338767	0.05490377326	0.05667556157
179	0.00126	0.2646	0.03735396296	0.05547727167	0.06042337352
20	0.00126	0.2646	0.03725440867	0.05460092454	0.05467552853
77	0.00126	0.2646	0.03728412663	0.05493031373	0.05748669756
110	0.00126	0.2646	0.03725490811	0.05468129604	0.05560193788
103	0.00126	0.2646	0.03726434046	0.05472767973	0.05554134813
117	0.00126	0.2646	0.03723308877	0.05455383663	0.05463001059
141	0.00126	0.2646	0.03725182121	0.05476693141	0.05620472387
119	0.00126	0.2646	0.03722021541	0.05451967326	0.05459744545
41	0.00126	0.2646	0.03722216189	0.05453391612	0.0546109169
106	0.00126	0.2646	0.03725446453	0.05462217532	0.05469811322
187	0.00126	0.2646	0.03726904908	0.05479697791	0.05604207214
95	0.00126	0.2646	0.03723738822	0.05456665685	0.05484648023
67	0.00126	0.2646	0.03726099401	0.05463357822	0.05471125975
45	0.00126	0.2646	0.03724753929	0.05457679881	0.05465488668
53	0.00126	0.2646	0.03725877616	0.05476085649	0.05614022573
123	0.00126	0.2646	0.03722470118	0.05451351694	0.05459158966
82	0.00126	0.2646	0.03725970801	0.05474172297	0.05591790669
59	0.00126	0.2646	0.03722196753	0.05452319256	0.05460051906
165	0.00126	0.2646	0.0372492262	0.05483464076	0.05487692502
215	0.00126	0.2646	0.03727946424	0.05496624148	0.05777023984
90	0.00126	0.2646	0.03726414097	0.0548296062	0.05672724582
52	0.00126	0.2646	0.03722332644	0.05451006239	0.0545886629
129	0.00126	0.2646	0.03724799029	0.05463616038	0.05511999841
96	0.00126	0.2646	0.03723967536	0.05456009002	0.05463678732
163	0.00126	0.2646	0.03726774689	0.05488306204	0.05730167772
75	0.00126	0.2646	0.03725478243	0.05461186842	0.0546875587
47	0.00126	0.2646	0.03726214504	0.0546133977	0.05488123306
73	0.00126	0.2646	0.0372694063	0.05479292609	0.05623754035
118	0.00126	0.2646	0.03725576478	0.05467429985	0.05515977883
114	0.00126	0.2646	0.03725681432	0.05475043758	0.05616541433
67	0.00126	0.2646	0.03724068673	0.05467273322	0.05574836372
50	0.00126	0.2646	0.03723156788	0.05455204649	0.05482172906
128	0.00126	0.2646	0.03730863529	0.05519309077	0.05965341225
122	0.00126	0.2646	0.0372634869	0.05478494975	0.05650419089
140	0.00126	0.2646	0.03725935756	0.05458697529	0.05466277337
127	0.00126	0.2646	0.03741014818	0.05582408685	0.06426571475
129	0.00126	0.2646	0.03728249853	0.05477940157	0.05613960572
97	0.00126	0.2646	0.03738311897	0.05557686106	0.06265456229
126	0.00126	0.2646	0.03739272998	0.05565478056	0.06298374121
127	0.00126	0.2646	0.03723928728	0.05454245319	0.05462071711
134	0.00126	0.2646	0.03722481671	0.05453828938	0.05461601265
92	0.00126	0.2646	0.03722095894	0.05452150999	0.05459944918
159	0.00126	0.2646	0.03722684645	0.05456469	0.05486281283
66	0.00126	0.2646	0.03722497082	0.05451746479	0.05459515373
51	0.00126	0.2646	0.03726557895	0.05465171005	0.05472286732
54	0.00126	0.2646	0.03729478893	0.05485858809	0.05636498565
89	0.00126	0.2646	0.03727941821	0.05481565457	0.05629695381
128	0.00126	0.2646	0.0372544162	0.05460253702	0.05467849457
55	0.00126	0.2646	0.03725489103	0.05467491947	0.05535863547
57	0.00126	0.2646	0.03722480225	0.05451522903	0.05459365194
49	0.00126	0.2646	0.03729197566	0.05517218802	0.05944173515
97	0.00126	0.2646	0.03722504264	0.05453224422	0.05461019901
104	0.00126	0.2646	0.0372132345	0.05450038823	0.0545786798
11	0.00126	0.2646	0.03721687438	0.05451230294	0.05459017478
79	0.00126	0.2646	0.03722264839	0.05451075512	0.05458857239
28	0.00126	0.2646	0.03725157933	0.05461756138	0.05488525968
67	0.00126	0.2646	0.03724954784	0.05460766374	0.0546823724
68	0.00126	0.2646	0.03721996701	0.05450462883	0.05458293479
84	0.00126	0.2646	0.03722371986	0.05455198969	0.05483184328
123	0.00126	0.2646	0.03721489519	0.05450152861	0.05458043255
43	0.00126	0.2646	0.03722058176	0.05453174103	0.0546096159
110	0.00126	0.2646	0.03722122268	0.05458152926	0.05515625219
76	0.00126	0.2646	0.03722454742	0.0545533648	0.05483018761
112	0.00126	0.2646	0.0372198909	0.05451938505	0.05459703861
150	0.00126	0.2646	0.03721684983	0.05450563966	0.05458402441
171	0.00126	0.2646	0.03723483548	0.05458740856	0.05503961213
83	0.00126	0.2646	0.037327105	0.05532686646	0.06078637983
95	0.00126	0.2646	0.03723827492	0.05460954534	0.05525884362
81	0.00126	0.2646	0.03724582541	0.05461081493	0.05468311582
82	0.00126	0.2646	0.03724198696	0.05458549739	0.05466263697
49	0.00126	0.2646	0.03723037177	0.05456586229	0.05486742517
164	0.00126	0.2646	0.03724508531	0.05469646269	0.05583446504
61	0.00126	0.2646	0.03723062876	0.05454066521	0.05461755132
117	0.00126	0.2646	0.03723713462	0.05458739	0.05466281595
48	0.00126	0.2646	0.03725971537	0.05482586536	0.05684075922
171	0.00126	0.2646	0.03725627927	0.05463191188	0.05490014565
158	0.00126	0.2646	0.03723342152	0.05455960154	0.05463606227
81	0.00126	0.2646	0.03721806519	0.05450629052	0.05458469758
124	0.00126	0.2646	0.03724092786	0.05458337529	0.05486913322
48	0.00126	0.2646	0.0373449982	0.05542244831	0.06154713084
99	0.00126	0.2646	0.03727525055	0.05480999746	0.0561231757
150	0.00126	0.2646	0.03726132746	0.05472123523	0.0557855976
199	0.00126	0.2646	0.03728627979	0.0549652812	0.05801601507
58	0.00126	0.2646	0.03729729504	0.05513982615	0.05635024501
197	0.00126	0.2646	0.03724256504	0.05465098073	0.05542885071
149	0.00126	0.2646	0.03725603132	0.05476359951	0.05632614216
58	0.00126	0.2646	0.03723415423	0.05459067358	0.05511614009
115	0.00126	0.2646	0.03723026272	0.05456943973	0.05483794073
207	0.00126	0.2646	0.0372563158	0.05478092471	0.05659482233
98	0.00126	0.2646	0.03728221383	0.054912809	0.05716669913
110	0.00126	0.2646	0.03724739743	0.05460283257	0.0546768918
142	0.00126	0.2646	0.03724783869	0.05464246372	0.05532434281
85	0.00126	0.2646	0.03725755172	0.05463686755	0.05471005435
143	0.00126	0.2646	0.03723227089	0.0545602832	0.05463610559
112	0.00126	0.2646	0.03723738557	0.05457846964	0.05490260741
83	0.00126	0.2646	0.03730317794	0.05520954589	0.06034120441
180	0.00126	0.2646	0.03723451727	0.05459902506	0.05509324412
34	0.00126	0.2646	0.0372368482	0.05456149172	0.05463826197
127	0.00126	0.2646	0.03727359762	0.05482752634	0.0565667292
144	0.00126	0.2646	0.03731180675	0.05496171289	0.05687382317
101	0.00126	0.2646	0.03776277588	0.06019913746	0.09832059026
96	0.00126	0.2646	0.0373588148	0.05523113996	0.05891229049
136	0.00126	0.2646	0.03734029168	0.05508752392	0.05757976425
173	0.00126	0.2646	0.03729196989	0.05484494409	0.05624603743
65	0.00126	0.2646	0.0372305258	0.05452608795	0.05460401922
71	0.00126	0.2646	0.03722642888	0.05457174032	0.05509235414
117	0.00126	0.2646	0.03727655183	0.05490642238	0.05728566193
52	0.00126	0.2646	0.03722616161	0.0545161237	0.05459415383
66	0.00126	0.2646	0.0372440996	0.0545838104	0.05466193374
89	0.00126	0.2646	0.03727229445	0.05482905854	0.05663579519
133	0.00126	0.2646	0.03731571601	0.0550976834	0.05691244653
89	0.00126	0.2646	0.03731372061	0.0549384899	0.05715216433
100	0.00126	0.2646	0.03747549703	0.05616155535	0.06676534369
144	0.00126	0.2646	0.03737866766	0.05542528394	0.06085670091
110	0.00126	0.2646	0.0372427734	0.05454864577	0.05462654296
37	0.00126	0.2646	0.03723123772	0.05453394301	0.05461123291
116	0.00126	0.2646	0.03733768218	0.05536280361	0.06129023696
75	0.00126	0.2646	0.03723253356	0.05453137988	0.05460945142
149	0.00126	0.2646	0.03722161778	0.05452461013	0.05460239045
54	0.00126	0.2646	0.03722650701	0.05454011716	0.0546172404
171	0.00126	0.2646	0.03722829846	0.05454234277	0.05461979697
132	0.00126	0.2646	0.0372453865	0.05458706281	0.05485981671
81	0.00126	0.2646	0.03729689011	0.05488493696	0.05650565227
89	0.00126	0.2646	0.03727086617	0.05464945352	0.05472467618
100	0.00126	0.2646	0.0372439343	0.0545558705	0.05463235558
82	0.00126	0.2646	0.0372718135	0.05471120304	0.05550334611
179	0.00126	0.2646	0.0372693333	0.05462223598	0.05469863749
129	0.00126	0.2646	0.03726564038	0.05472721314	0.05557123206
61	0.00126	0.2646	0.0372257306	0.05451930742	0.05459774115
151	0.00126	0.2646	0.03722021154	0.05453709905	0.05481236783
91	0.00126	0.2646	0.03722015465	0.05450679966	0.05458518827
102	0.00126	0.2646	0.03725239586	0.054616952	0.05469307725
94	0.00126	0.2646	0.0372434674	0.05456996736	0.05464750574
71	0.00126	0.2646	0.0372417785	0.05454357403	0.05462064266
70	0.00126	0.2646	0.03729876213	0.05473496163	0.0548043756
62	0.00126	0.2646	0.03737260965	0.05538014485	0.06023801265
96	0.00126	0.2646	0.03727775397	0.05464295904	0.0547163453
248	0.00126	0.2646	0.03733689991	0.05526898157	0.06001476159
69	0.00126	0.2646	0.03725573649	0.05460036205	0.05467827208
141	0.00126	0.2646	0.03721863857	0.05450467632	0.05458315516
158	0.00126	0.2646	0.03722616969	0.05452684236	0.05460474136
148	0.00126	0.2646	0.03728318797	0.05501275829	0.05819628885
90	0.00126	0.2646	0.03723454063	0.0545633964	0.05485076137
115	0.00126	0.2646	0.03726974435	0.05463794946	0.05491868707
110	0.00126	0.2646	0.03754193121	0.05701951161	0.07528511344
73	0.00126	0.2646	0.03732835809	0.05488181216	0.055998943
130	0.00126	0.2646	0.03742258729	0.05593560929	0.06589288658
150	0.00126	0.2646	0.03727428673	0.05467550916	0.05517247469
77	0.00126	0.2646	0.03725444776	0.05462993617	0.05492970489
70	0.00126	0.2646	0.03723051382	0.05456939344	0.05503413453
63	0.00126	0.2646	0.03724825468	0.05466480966	0.05530617304
128	0.00126	0.2646	0.03725186494	0.05474271827	0.05614445397
215	0.00126	0.2646	0.03723869897	0.05468456103	0.05590554429
127	0.00126	0.2646	0.0372681729	0.05487477191	0.05736373928
105	0.00126	0.2646	0.03728177757	0.05468941422	0.05475957052
102	0.00126	0.2646	0.03735807918	0.05533387339	0.06051639137
83	0.00126	0.2646	0.0373029168	0.05480173071	0.05509719911
17	0.00126	0.2646	0.03723102735	0.05451839773	0.05459623335
160	0.00126	0.2646	0.03723609133	0.05464705567	0.05565860673
44	0.00126	0.2646	0.037226588	0.05453510627	0.05461348652
85	0.00126	0.2646	0.03722588852	0.05453292501	0.05461147837
112	0.00126	0.2646	0.03722464571	0.05455143474	0.0548338466
73	0.00126	0.2646	0.03722893488	0.05458561994	0.05507758915
51	0.00126	0.2646	0.03722785444	0.05455718447	0.05463383797
89	0.00126	0.2646	0.03722445341	0.0545117369	0.05458963345
72	0.00126	0.2646	0.03727087193	0.0547698174	0.05608939164
60	0.00126	0.2646	0.0372983499	0.05502057598	0.05814628923
58	0.00126	0.2646	0.03722500956	0.05451558874	0.05459329921
66	0.00126	0.2646	0.03723122269	0.05453945377	0.05461708918
135	0.00126	0.2646	0.0372968195	0.05506699527	0.05824727795
191	0.00126	0.2646	0.03723227678	0.05455497301	0.05484956293
114	0.00126	0.2646	0.03724244178	0.05462226918	0.05515651369
135	0.00126	0.2646	0.03725695072	0.05467906878	0.05516337654
105	0.00126	0.2646	0.03728185929	0.05509026286	0.05625113123
164	0.00126	0.2646	0.03722887832	0.05454861232	0.05462557639
64	0.00126	0.2646	0.03724993647	0.05468581621	0.05573126623
117	0.00126	0.2646	0.03724612544	0.05467948038	0.05556763857
169	0.00126	0.2646	0.03722990298	0.05458676271	0.05507828732
100	0.00126	0.2646	0.03723052694	0.0545309944	0.05460889681
125	0.00126	0.2646	0.03730251192	0.05507727427	0.0583831462
93	0.00126	0.2646	0.03723778475	0.05457735598	0.05484587855
33	0.00126	0.2646	0.03723692677	0.05455345586	0.05463051203
74	0.00126	0.2646	0.03727355296	0.05482326544	0.05547398094
205	0.00126	0.2646	0.03784673731	0.06371038675	0.1241169198
63	0.00126	0.2646	0.0372448486	0.05468302458	0.05474679943
10	0.00126	0.2646	0.03722223306	0.05452079187	0.05459848923
106	0.00126	0.2646	0.03724801176	0.05465516069	0.05532789588
93	0.00126	0.2646	0.03727733195	0.05496745786	0.05805729613
69	0.00126	0.2646	0.03725168433	0.05468595528	0.05564493648
95	0.00126	0.2646	0.03724563685	0.05458957666	0.05466510372
52	0.00126	0.2646	0.03727842674	0.05483046662	0.05507680665
90	0.00126	0.2646	0.03728828941	0.05487759182	0.05649214876
67	0.00126	0.2646	0.03725318434	0.05463793834	0.0550916355
16	0.00126	0.2646	0.0372610254	0.05491015482	0.05493993058
63	0.00126	0.2646	0.03722612865	0.05454259815	0.05461925839
110	0.00126	0.2646	0.03722989538	0.05454678538	0.05462329132
117	0.00126	0.2646	0.03723973225	0.05455965045	0.05463769359
140	0.00126	0.2646	0.03728232334	0.0548736903	0.05692492452
162	0.00126	0.2646	0.03733782815	0.05516469959	0.05817426671
70	0.00126	0.2646	0.03727588545	0.05477011453	0.05605714821
161	0.00126	0.2646	0.03731494819	0.05507346238	0.0567325615
136	0.00126	0.2646	0.03732202949	0.05503422059	0.0575299344
104	0.00126	0.2646	0.03731413329	0.05486202428	0.05592775839
174	0.00126	0.2646	0.03733482181	0.05523787801	0.05950171444
183	0.00126	0.2646	0.03725286051	0.05463322955	0.05511015991
202	0.00126	0.2646	0.03724204139	0.05459839893	0.05486588204
67	0.00126	0.2646	0.03725360369	0.05472196363	0.05595471147
145	0.00126	0.2646	0.03725801784	0.05466890314	0.05546640764
106	0.00126	0.2646	0.03737549661	0.05553448669	0.061818586
138	0.00126	0.2646	0.03727796073	0.05479138645	0.05616342806
103	0.00126	0.2646	0.03723976249	0.05456762111	0.05464386739
78	0.00126	0.2646	0.03725945466	0.05464861269	0.05516322873
60	0.00126	0.2646	0.03728792748	0.05468121639	0.05475783175
122	0.00126	0.2646	0.03730954746	0.05488176766	0.05601837868
121	0.00126	0.2646	0.03724912861	0.05464829897	0.05546051633
97	0.00126	0.2646	0.03726072768	0.05479704435	0.05664611155
62	0.00126	0.2646	0.03725753239	0.05468616044	0.05531932026
56	0.00126	0.2646	0.03723980942	0.05455840398	0.05463544446
94	0.00126	0.2646	0.03727834413	0.05480198072	0.05583571839
29	0.00126	0.2646	0.03724574985	0.05462176711	0.05511706732
122	0.00126	0.2646	0.03722689505	0.05451236321	0.05459056136
117	0.00126	0.2646	0.03727617504	0.05477244012	0.05583373714
115	0.00126	0.2646	0.03726553626	0.05459484688	0.05467101321
197	0.00126	0.2646	0.03739719755	0.05582818415	0.06536296262
145	0.00126	0.2646	0.037278134	0.05474204151	0.055678896
79	0.00126	0.2646	0.03726938957	0.05479266675	0.05635031925
136	0.00126	0.2646	0.03728792105	0.05491935663	0.05676496289
105	0.00126	0.2646	0.03730854198	0.0551299914	0.05927557859
84	0.00126	0.2646	0.03724984539	0.05464162262	0.05528201957
104	0.00126	0.2646	0.03723599683	0.05455914075	0.05463570015
22	0.00126	0.2646	0.03725185567	0.05457050138	0.05464763897
95	0.00126	0.2646	0.03742315726	0.05595197045	0.06533702516
53	0.00126	0.2646	0.03726383857	0.05459556905	0.05467150852
116	0.00126	0.2646	0.03726647132	0.05462822797	0.05470215957
107	0.00126	0.2646	0.03735233679	0.05544983638	0.06160164601
115	0.00126	0.2646	0.03726633251	0.05461950413	0.05469628969
131	0.00126	0.2646	0.03723993148	0.05455251786	0.05462887216
143	0.00126	0.2646	0.03726509755	0.05472645343	0.0556647747
60	0.00126	0.2646	0.03724914066	0.05459268796	0.05467081402
108	0.00126	0.2646	0.03723794318	0.0546606945	0.05572140926
66	0.00126	0.2646	0.03726277695	0.05477290882	0.05626220783
43	0.00126	0.2646	0.03726777353	0.05465938765	0.05473431117
176	0.00126	0.2646	0.03723857091	0.0546069954	0.05526509724
60	0.00126	0.2646	0.03725787154	0.05475107115	0.05627785192
156	0.00126	0.2646	0.03728267406	0.05471772955	0.0547869201
73	0.00126	0.2646	0.03724404655	0.05455716061	0.05463388435
155	0.00126	0.2646	0.03729663056	0.05474461428	0.05481352084
54	0.00126	0.2646	0.03727070897	0.05465419071	0.05518559286
120	0.00126	0.2646	0.03738155223	0.0556445174	0.06327929854
103	0.00126	0.2646	0.03727081272	0.05463165323	0.05470898338
116	0.00126	0.2646	0.03730982623	0.05508187834	0.05823353571
53	0.00126	0.2646	0.03725068839	0.05464429902	0.05529530236
66	0.00126	0.2646	0.03722199553	0.05451525971	0.05459322267
84	0.00126	0.2646	0.03723162969	0.05455040421	0.05462734578
84	0.00126	0.2646	0.03726439372	0.05477723388	0.05633011988
183	0.00126	0.2646	0.0372793451	0.05481632028	0.05648855396
106	0.00126	0.2646	0.0375378755	0.05695446782	0.0738453464
128	0.00126	0.2646	0.03726388346	0.05458295459	0.05465879413
115	0.00126	0.2646	0.037250431	0.05459919265	0.05467691653
100	0.00126	0.2646	0.03725024895	0.05462659899	0.05513160919
146	0.00126	0.2646	0.03729713771	0.05501943781	0.05790401164
13	0.00126	0.2646	0.03724636502	0.05457502386	0.05465189056
73	0.00126	0.2646	0.03725374696	0.05465742435	0.05514053434
94	0.00126	0.2646	0.03726262181	0.05483438568	0.05706950953
96	0.00126	0.2646	0.03723627349	0.05455330159	0.05463017882
157	0.00126	0.2646	0.03727362843	0.05464034291	0.05491489075
137	0.00126	0.2646	0.03731050209	0.05500998202	0.05728989579
57	0.00126	0.2646	0.03723520827	0.05455367099	0.05483344681
44	0.00126	0.2646	0.03726426598	0.05484989941	0.05715630774
55	0.00126	0.2646	0.03725697327	0.05472773622	0.05590915052
100	0.00126	0.2646	0.03724402184	0.05455814255	0.05463592646
79	0.00126	0.2646	0.0373277062	0.05517180223	0.05933616059
115	0.00126	0.2646	0.03740710365	0.05589100801	0.0655284617
95	0.00126	0.2646	0.0372770639	0.05474794569	0.05539042904
155	0.00126	0.2646	0.03725891798	0.05483058684	0.05696730338
51	0.00126	0.2646	0.03724097397	0.05457696648	0.05488000845
161	0.00126	0.2646	0.03724660755	0.05463936275	0.05512859364
31	0.00126	0.2646	0.03722676652	0.05454433913	0.05482770828
81	0.00126	0.2646	0.0372396462	0.05463448424	0.05532726507
69	0.00126	0.2646	0.03723376873	0.05455130687	0.05462864509
137	0.00126	0.2646	0.03723007017	0.05452148472	0.05459923081
131	0.00126	0.2646	0.03728005783	0.05472058635	0.05503348607
118	0.00126	0.2646	0.03727583875	0.05475278538	0.05559716285
131	0.00126	0.2646	0.03729201205	0.05513276968	0.05649768929
169	0.00126	0.2646	0.03724521492	0.05466464925	0.05532506881
55	0.00126	0.2646	0.03722203683	0.05451033777	0.05458856585
60	0.00126	0.2646	0.03729805368	0.05504133304	0.05812351619
62	0.00126	0.2646	0.0372524807	0.05461513849	0.05489534924
114	0.00126	0.2646	0.03726110274	0.05474983406	0.05480991998
146	0.00126	0.2646	0.03724005865	0.05457893603	0.05488740726
121	0.00126	0.2646	0.03726483012	0.05472043389	0.05565899743
58	0.00126	0.2646	0.03736220662	0.05549543254	0.06216522648
34	0.00126	0.2646	0.03725661642	0.05458142502	0.05465767602
101	0.00126	0.2646	0.0372571039	0.05475914483	0.05601287788
135	0.00126	0.2646	0.03729927018	0.05512453352	0.05912150666
71	0.00126	0.2646	0.03725500809	0.05469382975	0.05579300808
190	0.00126	0.2646	0.03724671273	0.05458613925	0.05485551225
133	0.00126	0.2646	0.03727832145	0.05476576174	0.05586490549
184	0.00126	0.2646	0.03741360717	0.05606487462	0.06534747364
131	0.00126	0.2646	0.03725746779	0.05461551543	0.05488528403
92	0.00126	0.2646	0.03725029693	0.05459229244	0.05466773609
177	0.00126	0.2646	0.03730398988	0.05481637682	0.055912367
142	0.00126	0.2646	0.03747650101	0.05639174265	0.06947895791
145	0.00126	0.2646	0.03727447448	0.05463244624	0.05470747718
60	0.00126	0.2646	0.03724045956	0.05454267284	0.05462018724
99	0.00126	0.2646	0.03730641421	0.05518657796	0.06005861584
64	0.00126	0.2646	0.03723239237	0.0545497295	0.05462632524
148	0.00126	0.2646	0.03723459937	0.05453674472	0.05461418723
48	0.00126	0.2646	0.03730464828	0.05491636252	0.05620754149
85	0.00126	0.2646	0.03726057493	0.05469143237	0.05551904459
108	0.00126	0.2646	0.03722676598	0.05451331838	0.05459136728
75	0.00126	0.2646	0.03724544189	0.05455939563	0.05463665608
107	0.00126	0.2646	0.0373186973	0.05504294703	0.0575140786
75	0.00126	0.2646	0.03728727955	0.05492024112	0.05773732851
121	0.00126	0.2646	0.03723495548	0.05455908259	0.05483646011
143	0.00126	0.2646	0.03724908422	0.05466629704	0.0553180189
31	0.00126	0.2646	0.03724219347	0.05462490902	0.0546964014
116	0.00126	0.2646	0.03724889392	0.05461761926	0.05507118737
129	0.00126	0.2646	0.03739751732	0.05585945052	0.06517136569
172	0.00126	0.2646	0.03732513823	0.05507492622	0.05816472433
86	0.00126	0.2646	0.03724579157	0.05455324177	0.05463050762
118	0.00126	0.2646	0.03728241101	0.05483011238	0.05635566338
131	0.00126	0.2646	0.03726329306	0.05468809637	0.05545046464
40	0.00126	0.2646	0.03725284	0.05460897016	0.05468341782
49	0.00126	0.2646	0.03723112857	0.05452991279	0.05460722659
95	0.00126	0.2646	0.03725603155	0.05478093902	0.0564606396
143	0.00126	0.2646	0.03742686965	0.0566622515	0.07233602944
156	0.00126	0.2646	0.03728180502	0.05483421711	0.05627128069
113	0.00126	0.2646	0.03727601897	0.0547059174	0.05520126766
158	0.00126	0.2646	0.03733988808	0.05532980832	0.06068849296
96	0.00126	0.2646	0.03728847149	0.05478417026	0.05619638249
206	0.00126	0.2646	0.03740983252	0.05564711082	0.06212846014
74	0.00126	0.2646	0.03732177235	0.05513082699	0.05917583467
136	0.00126	0.2646	0.03725735171	0.05466595999	0.05536863886
19	0.00126	0.2646	0.03725006068	0.05466028919	0.05534453614
124	0.00126	0.2646	0.03725603981	0.05468385506	0.05537667994
84	0.00126	0.2646	0.03724421319	0.05463566498	0.05470683859
160	0.00126	0.2646	0.03724268221	0.05459224273	0.05487794693
56	0.00126	0.2646	0.03724567948	0.05460967169	0.05510086126
74	0.00126	0.2646	0.0372654363	0.05469054698	0.05514041516
69	0.00126	0.2646	0.03724935665	0.05456540416	0.0546428123
187	0.00126	0.2646	0.03730526261	0.05501500494	0.05781864511
145	0.00126	0.2646	0.03723731795	0.05455072554	0.05462741808
91	0.00126	0.2646	0.03722581293	0.05453427662	0.05461179117
30	0.00126	0.2646	0.03722268122	0.05451769166	0.05459534311
143	0.00126	0.2646	0.03723484767	0.05464434363	0.05557429211
84	0.00126	0.2646	0.03724379009	0.05458489911	0.05485643566
82	0.00126	0.2646	0.03727453873	0.0547352436	0.05550957592
204	0.00126	0.2646	0.03729996076	0.05488812053	0.05668743992
179	0.00126	0.2646	0.03737611916	0.05556306915	0.06230624465
110	0.00126	0.2646	0.03728591564	0.054712218	0.05522399963
144	0.00126	0.2646	0.03727495293	0.05476381624	0.05574341556
116	0.00126	0.2646	0.03721932283	0.05450050169	0.05457875027
154	0.00126	0.2646	0.03721708988	0.05452670957	0.05480985951
117	0.00126	0.2646	0.03723241466	0.05462412312	0.05536852211
125	0.00126	0.2646	0.03723473554	0.05461223493	0.05524712191
58	0.00126	0.2646	0.03727823693	0.05477902254	0.05559108606
81	0.00126	0.2646	0.03723170652	0.05452520131	0.05460268359
79	0.00126	0.2646	0.03723571134	0.05454454896	0.05462163606
72	0.00126	0.2646	0.03729053058	0.05494666438	0.05740790672
28	0.00126	0.2646	0.03725367205	0.05458158689	0.05465883164
107	0.00126	0.2646	0.0372576456	0.05473419669	0.05604142421
45	0.00126	0.2646	0.03722606373	0.05452258751	0.05460035682
108	0.00126	0.2646	0.03722964168	0.0545486848	0.05462517652
130	0.00126	0.2646	0.03725075037	0.05478837755	0.05684277592
49	0.00126	0.2646	0.0372320867	0.05453573779	0.05461296284
30	0.00126	0.2646	0.03723738315	0.0545659771	0.05464266891
113	0.00126	0.2646	0.03721845332	0.05449983736	0.05457821775
95	0.00126	0.2646	0.03723088523	0.05459015958	0.05510750479
143	0.00126	0.2646	0.03723801378	0.05455766673	0.05463420109
117	0.00126	0.2646	0.03725331121	0.0545912505	0.05466793936
183	0.00126	0.2646	0.03729219436	0.05484693212	0.05618593543
146	0.00126	0.2646	0.03728806128	0.05485001638	0.05638762113
121	0.00126	0.2646	0.03729069074	0.0550389327	0.05860496162
99	0.00126	0.2646	0.03723344042	0.05455203701	0.05462846626
111	0.00126	0.2646	0.03723594791	0.05465985007	0.05580527152
58	0.00126	0.2646	0.03723953925	0.0546479139	0.05552923478
85	0.00126	0.2646	0.03723360707	0.05454881409	0.0546258878
112	0.00126	0.2646	0.03724646526	0.05470484049	0.05476544701
73	0.00126	0.2646	0.03725390094	0.05463725712	0.05495956795
95	0.00126	0.2646	0.03725652855	0.05457572601	0.05465175288
63	0.00126	0.2646	0.03740689257	0.05588741333	0.06546760062
110	0.00126	0.2646	0.03727704672	0.05473999854	0.05574763813
116	0.00126	0.2646	0.03724434284	0.05461202094	0.05487856548
63	0.00126	0.2646	0.037227	0.0545330794	0.05461146635
66	0.00126	0.2646	0.03721893177	0.05450759945	0.05458604262
111	0.00126	0.2646	0.03725755985	0.05469589147	0.05556299037
70	0.00126	0.2646	0.03727864285	0.05481139908	0.05611148497
152	0.00126	0.2646	0.03748104472	0.06121082791	0.1094804084
60	0.00126	0.2646	0.03728054606	0.05484554508	0.05638018921
66	0.00126	0.2646	0.03726385703	0.05475356202	0.05618136065
122	0.00126	0.2646	0.03727625092	0.05467097047	0.0547435346
16	0.00126	0.2646	0.03726575608	0.05463760488	0.05471130213
152	0.00126	0.2646	0.03724875522	0.05466669121	0.05558009174
160	0.00126	0.2646	0.0372403821	0.05461241872	0.05512179321
14	0.00126	0.2646	0.03723431623	0.05455020252	0.05462753182
198	0.00126	0.2646	0.03728222995	0.05480582509	0.05608446993
207	0.00126	0.2646	0.03728385559	0.05488248216	0.05683571695
165	0.00126	0.2646	0.03725442618	0.05463413945	0.05489987379
113	0.00126	0.2646	0.03724367949	0.05455688487	0.05463347746
151	0.00126	0.2646	0.03731864678	0.05520500244	0.05970671252
103	0.00126	0.2646	0.03733734857	0.05521277131	0.05907599152
39	0.00126	0.2646	0.03729939057	0.05491683634	0.05678028098
108	0.00126	0.2646	0.03724092698	0.05454017103	0.05461731248
103	0.00126	0.2646	0.03727092932	0.05466863861	0.05473882352
96	0.00126	0.2646	0.03725067863	0.05459556315	0.0548633046
120	0.00126	0.2646	0.0372964579	0.05508441966	0.05897627531
70	0.00126	0.2646	0.03723931387	0.05454842498	0.05462593392
53	0.00126	0.2646	0.03725165797	0.05458910897	0.05466455693
115	0.00126	0.2646	0.03726284833	0.054621047	0.05491482069
43	0.00126	0.2646	0.03725442315	0.05460731722	0.05468213798
48	0.00126	0.2646	0.03723923958	0.05455379709	0.05463225955
73	0.00126	0.2646	0.03724311217	0.05463007239	0.05515743148
82	0.00126	0.2646	0.03723615544	0.05457207775	0.05486128034
63	0.00126	0.2646	0.03725367226	0.05466501026	0.05538676032
44	0.00126	0.2646	0.037242481	0.05456063909	0.05463727712
121	0.00126	0.2646	0.03723927718	0.05457635993	0.05465169627
34	0.00126	0.2646	0.03724306561	0.05454466935	0.05462158294
115	0.00126	0.2646	0.03736041659	0.05526902076	0.05936754003
87	0.00126	0.2646	0.03739629482	0.05514539251	0.05633130649
91	0.00126	0.2646	0.03729033425	0.05476928992	0.05580783848
85	0.00126	0.2646	0.03724652276	0.05458030624	0.05465604697
24	0.00126	0.2646	0.03722514412	0.05452127284	0.05459896117
23	0.00126	0.2646	0.03722748347	0.05453040261	0.05460788989
119	0.00126	0.2646	0.03724056696	0.05458045241	0.05465543485
123	0.00126	0.2646	0.03722869177	0.0545297279	0.05460698107
122	0.00126	0.2646	0.03731489819	0.05514460012	0.05841532707
107	0.00126	0.2646	0.03726380535	0.05459975302	0.05467566215
154	0.00126	0.2646	0.03732103014	0.05483965953	0.05540777551
48	0.00126	0.2646	0.03729048951	0.0546617507	0.05473536915
102	0.00126	0.2646	0.03726331158	0.05461006071	0.05468569061
146	0.00126	0.2646	0.03725475786	0.05459207332	0.05466991467
156	0.00126	0.2646	0.03725910456	0.05472165035	0.05584613671
102	0.00126	0.2646	0.03728384126	0.0549973315	0.05806290794
127	0.00126	0.2646	0.03723814839	0.05462293269	0.05535719545
92	0.00126	0.2646	0.03722929791	0.0545259159	0.05460341823
86	0.00126	0.2646	0.03728247123	0.05493209944	0.05738653223
137	0.00126	0.2646	0.03727383371	0.05472970354	0.05541514515
86	0.00126	0.2646	0.03724730086	0.05455538051	0.05463304618
99	0.00126	0.2646	0.03725745452	0.05466170282	0.05538007113
124	0.00126	0.2646	0.03724994266	0.05457408908	0.05465192362
135	0.00126	0.2646	0.03725284549	0.05460448228	0.05467909651
109	0.00126	0.2646	0.03723749356	0.05457404386	0.05488156285
182	0.00126	0.2646	0.03726224439	0.05488985044	0.0572631866
147	0.00126	0.2646	0.03721528349	0.0544997551	0.05457807224
88	0.00126	0.2646	0.03721938318	0.05450832247	0.05458640553
27	0.00126	0.2646	0.03726958562	0.05471650999	0.05559296896
131	0.00126	0.2646	0.03744886684	0.05631622766	0.06918440115
74	0.00126	0.2646	0.03726322599	0.05458931571	0.05466476482
109	0.00126	0.2646	0.03728030124	0.05467846222	0.05495714785
101	0.00126	0.2646	0.03737207371	0.05536998912	0.06006788096
115	0.00126	0.2646	0.03738652504	0.05573213008	0.06456756639
76	0.00126	0.2646	0.037236154	0.05455938888	0.05484162582
125	0.00126	0.2646	0.03721876251	0.05452181254	0.05459943992
69	0.00126	0.2646	0.03721225052	0.05450002245	0.05457829204
170	0.00126	0.2646	0.03721815893	0.05450696494	0.05458520526
89	0.00126	0.2646	0.03725366109	0.05472936502	0.05597512336
112	0.00126	0.2646	0.03725632131	0.05464533941	0.05492296587
99	0.00126	0.2646	0.03725171032	0.05466150417	0.0555503394
128	0.00126	0.2646	0.03732233437	0.05514701203	0.05935970896
102	0.00126	0.2646	0.0373171871	0.05479859072	0.05486871987
91	0.00126	0.2646	0.03725408311	0.05459600005	0.05467044072
45	0.00126	0.2646	0.03721599124	0.05449362551	0.05457210486
107	0.00126	0.2646	0.03722625029	0.05458743618	0.05513580089
79	0.00126	0.2646	0.03722294949	0.05455140318	0.05483363727
112	0.00126	0.2646	0.03723366353	0.05465684538	0.05575798258
193	0.00126	0.2646	0.03726529134	0.05483450039	0.05679116375
23	0.00126	0.2646	0.03724376166	0.05457265629	0.05464909343
134	0.00126	0.2646	0.03724565341	0.05458860136	0.05466266951
84	0.00126	0.2646	0.0372929877	0.05479004683	0.05567335631
129	0.00126	0.2646	0.03740034574	0.05572555667	0.06345142388
58	0.00126	0.2646	0.03725885128	0.05459414902	0.05467002051
24	0.00126	0.2646	0.03722468841	0.05451791187	0.05459581808
94	0.00126	0.2646	0.03722883376	0.05454210251	0.05461884794
206	0.00126	0.2646	0.03724195406	0.05469131363	0.05587473466
106	0.00126	0.2646	0.03722456421	0.05452324341	0.05460118494
25	0.00126	0.2646	0.03725451634	0.05460185978	0.05467806949
169	0.00126	0.2646	0.03731189399	0.05511241234	0.05896497842
50	0.00126	0.2646	0.03725648677	0.05457557482	0.05465123796
124	0.00126	0.2646	0.03740094907	0.0558660689	0.06551131925
102	0.00126	0.2646	0.03731346865	0.05477624353	0.05509137768
67	0.00126	0.2646	0.03732108625	0.05512049363	0.05846734449
126	0.00126	0.2646	0.03725060677	0.05465599009	0.05548479026
103	0.00126	0.2646	0.03725777343	0.05470849106	0.0556464254
162	0.00126	0.2646	0.03727665156	0.05492196038	0.05742030575
165	0.00126	0.2646	0.03723832912	0.05461119145	0.05527505174
112	0.00126	0.2646	0.03726991032	0.05474472445	0.05587603337
56	0.00126	0.2646	0.03727602593	0.05476114581	0.055782994
105	0.00126	0.2646	0.03725561388	0.05471923563	0.05477947928
151	0.00126	0.2646	0.03725888852	0.05466343895	0.0551129279
105	0.00126	0.2646	0.03725019171	0.054583789	0.05466019768
55	0.00126	0.2646	0.03725207177	0.05460436716	0.05468098803
139	0.00126	0.2646	0.03723803203	0.05457514924	0.05487353224
88	0.00126	0.2646	0.03725090456	0.05472150531	0.05602882417
123	0.00126	0.2646	0.03723835224	0.0545541827	0.05463151044
51	0.00126	0.2646	0.03723367889	0.05453679606	0.05461410557
143	0.00126	0.2646	0.03737008618	0.05547395629	0.06099676865
80	0.00126	0.2646	0.03726779976	0.05485817123	0.05712720591
43	0.00126	0.2646	0.03723981083	0.05454881745	0.05462565236
117	0.00126	0.2646	0.03728064407	0.05483178615	0.05666007043
26	0.00126	0.2646	0.03725766833	0.05461518455	0.05468987058
133	0.00126	0.2646	0.03724148251	0.05458541982	0.05466219774
112	0.00126	0.2646	0.03723570426	0.05462852388	0.05537280296
87	0.00126	0.2646	0.03726935074	0.05460167378	0.05467607566
85	0.00126	0.2646	0.03757864354	0.05725255312	0.07599848402
149	0.00126	0.2646	0.03730255843	0.05467515639	0.05474717097
68	0.00126	0.2646	0.03728103747	0.0547612361	0.05569151521
138	0.00126	0.2646	0.03727080008	0.05471291636	0.05538314802
65	0.00126	0.2646	0.03728802363	0.0547478179	0.05594092039
111	0.00126	0.2646	0.03738404579	0.05498912958	0.05503585056
121	0.00126	0.2646	0.03736572465	0.05540694779	0.06117629812
61	0.00126	0.2646	0.03724868217	0.05458603161	0.05466114492
80	0.00126	0.2646	0.03722899748	0.05467555807	0.05597951211
131	0.00126	0.2646	0.03725687638	0.05469175306	0.05572482822
80	0.00126	0.2646	0.0373724145	0.05533335048	0.05936861763
120	0.00126	0.2646	0.03731567144	0.05505917737	0.05828978958
95	0.00126	0.2646	0.03726577151	0.05468435643	0.05531989042
84	0.00126	0.2646	0.0372846443	0.05472440169	0.05567539085
47	0.00126	0.2646	0.0374302566	0.05498444483	0.05505036211
235	0.00126	0.2646	0.03810046696	0.06118536674	0.1043591399
131	0.00126	0.2646	0.03747131587	0.05562883234	0.06079678278
182	0.00126	0.2646	0.03735137544	0.05542872207	0.06182788553
56	0.00126	0.2646	0.03723048682	0.05452945795	0.05460637849
75	0.00126	0.2646	0.03723810393	0.0545399545	0.05461684557
125	0.00126	0.2646	0.03739036877	0.05578505775	0.06461740314
99	0.00126	0.2646	0.03728928376	0.05480656936	0.05602262638
145	0.00126	0.2646	0.03736929138	0.05552184419	0.06204726944
124	0.00126	0.2646	0.03737172154	0.05514187162	0.05827076248
137	0.00126	0.2646	0.03769789593	0.05752353538	0.07651002733
106	0.00126	0.2646	0.03746064263	0.05522818547	0.05625811829
196	0.00126	0.2646	0.03741087138	0.05563418575	0.06272267115
73	0.00126	0.2646	0.03726293313	0.05460515815	0.05468010639
58	0.00126	0.2646	0.03724189591	0.05457288345	0.05464897063
124	0.00126	0.2646	0.03722923392	0.05453548155	0.05461291686
114	0.00126	0.2646	0.03724315504	0.05460551487	0.05487161412
55	0.00126	0.2646	0.03725414034	0.05461524267	0.05492901852
140	0.00126	0.2646	0.0372619455	0.05474021499	0.05577501056
106	0.00126	0.2646	0.03725514518	0.05458103774	0.05465750046
134	0.00126	0.2646	0.03730585193	0.05476463766	0.05506001161
228	0.00126	0.2646	0.03731531635	0.05501606354	0.05775135214
151	0.00126	0.2646	0.03726996316	0.054635865	0.0547103209
86	0.00126	0.2646	0.03723934126	0.05453440696	0.05461192547
78	0.00126	0.2646	0.03727767554	0.0547793551	0.05562591871
61	0.00126	0.2646	0.03723420829	0.05457359341	0.05484831508
101	0.00126	0.2646	0.03721614027	0.05450470199	0.05458288596
116	0.00126	0.2646	0.03722644432	0.05457131353	0.0550736807
118	0.00126	0.2646	0.03722965922	0.0545381817	0.05461553277
88	0.00126	0.2646	0.03724828746	0.05460326674	0.05467725066
95	0.00126	0.2646	0.03723445063	0.05452745384	0.05460543349
67	0.00126	0.2646	0.03725759093	0.0545933027	0.05466942789
36	0.00126	0.2646	0.03731711635	0.05494307344	0.05648441781
120	0.00126	0.2646	0.03725004469	0.0545836428	0.05465841168
61	0.00126	0.2646	0.03722730446	0.05452315115	0.05460089535
120	0.00126	0.2646	0.03724322455	0.05468904481	0.05543149093
112	0.00126	0.2646	0.03723320861	0.0546725513	0.05595803465
75	0.00126	0.2646	0.03722214468	0.05454459455	0.05481893895
16	0.00126	0.2646	0.03723250633	0.0545912313	0.05506629938
129	0.00126	0.2646	0.03723533505	0.05454500811	0.05462212757
132	0.00126	0.2646	0.03725010219	0.05460151438	0.0546753573
125	0.00126	0.2646	0.03730455891	0.05479036629	0.0556261684
149	0.00126	0.2646	0.03754463621	0.05697429699	0.07439898387
111	0.00126	0.2646	0.03725896279	0.05457534294	0.05465081494
140	0.00126	0.2646	0.03721914056	0.05449883172	0.05457746169
123	0.00126	0.2646	0.03726748093	0.05492053661	0.05759070859
129	0.00126	0.2646	0.03722406037	0.05454993975	0.0548314542
33	0.00126	0.2646	0.0372166086	0.0545091404	0.05458718557
124	0.00126	0.2646	0.03726752743	0.05472569135	0.05557044199
44	0.00126	0.2646	0.03731671213	0.05495478619	0.05674933363
156	0.00126	0.2646	0.03737549878	0.05578368059	0.06508343273
154	0.00126	0.2646	0.03726571138	0.05459534987	0.05467045742
37	0.00126	0.2646	0.03731987471	0.05482350444	0.05489503669
104	0.00126	0.2646	0.0372352641	0.05452893424	0.05460693342
72	0.00126	0.2646	0.03721285097	0.0544871182	0.05456593765
63	0.00126	0.2646	0.03723353205	0.05457018998	0.05464690651
119	0.00126	0.2646	0.03722846063	0.0546051033	0.05527941876
77	0.00126	0.2646	0.03721901399	0.05450113559	0.05457955942
109	0.00126	0.2646	0.03734796682	0.05528002658	0.05992021005
77	0.00126	0.2646	0.03737444548	0.05545732197	0.06114429602
27	0.00126	0.2646	0.03726760764	0.05463036044	0.05470399144
112	0.00126	0.2646	0.03728775105	0.05469005541	0.05500133359
145	0.00126	0.2646	0.03745494705	0.05602938885	0.06581371825
150	0.00126	0.2646	0.037279985	0.05472567746	0.055395408
200	0.00126	0.2646	0.03723088431	0.05452422023	0.05460192915
85	0.00126	0.2646	0.03731614955	0.05529121446	0.06070324032
115	0.00126	0.2646	0.03724589489	0.05459703049	0.05490701592
68	0.00126	0.2646	0.03724346867	0.05455768339	0.05463442644
114	0.00126	0.2646	0.03736234835	0.05522622378	0.05845612057
53	0.00126	0.2646	0.03730180593	0.05481685305	0.05569021819
88	0.00126	0.2646	0.03725109821	0.05465381133	0.05548443547
93	0.00126	0.2646	0.0372419223	0.05455444018	0.05463148225
105	0.00126	0.2646	0.03726831676	0.05467415886	0.05496713287
61	0.00126	0.2646	0.03727601474	0.05484484913	0.05488994914
135	0.00126	0.2646	0.03722173368	0.05451625354	0.05459377553
75	0.00126	0.2646	0.03725575166	0.05469117423	0.05555915713
79	0.00126	0.2646	0.03728946235	0.05476585131	0.05530738141
68	0.00126	0.2646	0.03729539398	0.05492026943	0.05763592452
