100
Generating hetero cluster distribution... 
Getting steady state.. 
0	499.9460717
2	431.0692916
4	452.2879369
6	480.2594255
8	508.1556914
0
2	575.5284655
4	618.1828705
6	661.9400433
8	705.4996685
10	747.2393776
155	0.00126	0.2646	0.05107827531	0.06820483005	0.07093174997
60	0.00126	0.2646	0.05098988635	0.06755464374	0.06744556455
101	0.00126	0.2646	0.05117133546	0.06784066281	0.06746141459
107	0.00126	0.2646	0.0524119965	0.07590562852	0.1212731073
91	0.00126	0.2646	0.05363767295	0.08648868951	0.1980842198
145	0.00126	0.2646	0.05138260637	0.06820499227	0.067793759
18	0.00126	0.2646	0.05107333466	0.06763533275	0.0672745377
25	0.00126	0.2646	0.05125665496	0.06844876056	0.06821961009
167	0.00126	0.2646	0.05110879324	0.068364512	0.07330950312
64	0.00126	0.2646	0.05099013058	0.06761436797	0.06749621137
70	0.00126	0.2646	0.05096944852	0.06750834782	0.06715851398
118	0.00126	0.2646	0.05109937244	0.06794947297	0.06949138998
82	0.00126	0.2646	0.05148832838	0.06900513049	0.06845236253
137	0.00126	0.2646	0.05218152364	0.07385821901	0.1098727496
128	0.00126	0.2646	0.0537795509	0.08702035991	0.2027417889
77	0.00126	0.2646	0.05160419839	0.06902823294	0.07096407113
85	0.00126	0.2646	0.0514091914	0.0685718881	0.06905384339
68	0.00126	0.2646	0.05248350982	0.07916217637	0.1484804759
50	0.00126	0.2646	0.05145130739	0.07011747272	0.08495499883
18	0.00126	0.2646	0.05103910007	0.06779423763	0.06888226971
78	0.00126	0.2646	0.05111228702	0.06792670213	0.06965723505
84	0.00126	0.2646	0.05147723652	0.06883939818	0.06917293461
100	0.00126	0.2646	0.05257169932	0.07959641544	0.1525852131
65	0.00126	0.2646	0.05139412884	0.06832694933	0.06790630507
32	0.00126	0.2646	0.05162154794	0.06932504072	0.06875893597
76	0.00126	0.2646	0.05127524074	0.0679975676	0.06760286864
200	0.00126	0.2646	0.05227443918	0.07793637579	0.142310912
115	0.00126	0.2646	0.05135557384	0.06880071053	0.07123547789
49	0.00126	0.2646	0.05108151019	0.06771983169	0.06735256278
162	0.00126	0.2646	0.05122338342	0.06853072259	0.07065484581
164	0.00126	0.2646	0.05141911923	0.06843350209	0.0679924189
157	0.00126	0.2646	0.05153204209	0.0689934937	0.06845593607
101	0.00126	0.2646	0.05141271279	0.06869099072	0.06818369207
190	0.00126	0.2646	0.05123574288	0.06841617955	0.07229413246
130	0.00126	0.2646	0.05143230108	0.06916168157	0.06858634543
132	0.00126	0.2646	0.05112753185	0.06798351138	0.06942227598
120	0.00126	0.2646	0.05114705457	0.06814590535	0.06858544504
150	0.00126	0.2646	0.05112571745	0.06850347558	0.07458193928
33	0.00126	0.2646	0.05120074421	0.06801733295	0.06853633148
114	0.00126	0.2646	0.05274504771	0.08141425169	0.168054546
127	0.00126	0.2646	0.05225279273	0.07400332196	0.1071422381
175	0.00126	0.2646	0.05426554188	0.09280012046	0.2472582856
176	0.00126	0.2646	0.05156404049	0.06924523377	0.07494374512
90	0.00126	0.2646	0.0512085871	0.06820684156	0.06860570365
96	0.00126	0.2646	0.05113768182	0.06801264726	0.06761001307
112	0.00126	0.2646	0.05109412105	0.06787757288	0.06749062905
81	0.00126	0.2646	0.05102729967	0.06769216466	0.06779689479
88	0.00126	0.2646	0.05109198425	0.06806739892	0.06763681522
120	0.00126	0.2646	0.05109485389	0.06807236313	0.07141518688
146	0.00126	0.2646	0.05155206935	0.06913003811	0.06879345526
112	0.00126	0.2646	0.05239754465	0.07820842188	0.1426682088
121	0.00126	0.2646	0.05155521717	0.06907022964	0.06852222906
88	0.00126	0.2646	0.05113717379	0.06797201514	0.06912508853
109	0.00126	0.2646	0.05106461098	0.0677493765	0.06765542298
100	0.00126	0.2646	0.05100360295	0.06761503169	0.06781401495
24	0.00126	0.2646	0.05108774779	0.0678825996	0.06748977596
91	0.00126	0.2646	0.05117241102	0.06817605779	0.06872591328
139	0.00126	0.2646	0.0523008825	0.07962884806	0.1525072961
70	0.00126	0.2646	0.05110682316	0.0678296066	0.06744531251
130	0.00126	0.2646	0.05120165971	0.06793323108	0.06754426403
175	0.00126	0.2646	0.05115359281	0.06823489447	0.06936204722
19	0.00126	0.2646	0.05110088091	0.06777147016	0.06740195779
125	0.00126	0.2646	0.05131093715	0.06944629812	0.08075198526
94	0.00126	0.2646	0.05146252418	0.0698997395	0.08030129169
57	0.00126	0.2646	0.05109431115	0.06777221781	0.06740269778
118	0.00126	0.2646	0.05098001275	0.06753203332	0.06717956224
87	0.00126	0.2646	0.05099779926	0.0679170944	0.07064566378
118	0.00126	0.2646	0.05111606973	0.0685295332	0.07211754926
65	0.00126	0.2646	0.05096301259	0.06751980563	0.06716760257
108	0.00126	0.2646	0.05099573631	0.06776332954	0.06910464489
74	0.00126	0.2646	0.05106657785	0.06786508542	0.06802192357
124	0.00126	0.2646	0.05114442477	0.0684536366	0.0730248954
122	0.00126	0.2646	0.05111235534	0.06817068986	0.07126600952
70	0.00126	0.2646	0.05125437608	0.06891508786	0.07660684994
70	0.00126	0.2646	0.0514482538	0.07043754808	0.08692717212
155	0.00126	0.2646	0.05109673169	0.06808009583	0.07101242625
111	0.00126	0.2646	0.05102470899	0.06771250666	0.06734639461
32	0.00126	0.2646	0.05098414852	0.06757364145	0.06721804981
99	0.00126	0.2646	0.05107445718	0.06807330592	0.06923791516
52	0.00126	0.2646	0.05103188697	0.06798444117	0.06755337421
206	0.00126	0.2646	0.05156264825	0.07144157043	0.09525086431
138	0.00126	0.2646	0.05181365066	0.07425776088	0.1177617233
51	0.00126	0.2646	0.05107147392	0.06770762827	0.06762063911
130	0.00126	0.2646	0.05120133608	0.06829566406	0.07142261062
157	0.00126	0.2646	0.0521781186	0.07661069538	0.133573802
49	0.00126	0.2646	0.05127687326	0.06824533354	0.06783246577
62	0.00126	0.2646	0.05122881436	0.06868025532	0.07117604012
78	0.00126	0.2646	0.05108364873	0.06793253673	0.06802887339
28	0.00126	0.2646	0.05099135425	0.06764451886	0.06781982186
131	0.00126	0.2646	0.05101057826	0.06760548955	0.06724695579
202	0.00126	0.2646	0.05171389546	0.07348566697	0.1118336183
133	0.00126	0.2646	0.05112806276	0.06795860626	0.06756137994
73	0.00126	0.2646	0.0509846015	0.06749506982	0.06714484496
156	0.00126	0.2646	0.0511820951	0.06802858822	0.06762559787
212	0.00126	0.2646	0.05147281121	0.06899567323	0.06848224336
148	0.00126	0.2646	0.05120566134	0.06823161577	0.06925645848
61	0.00126	0.2646	0.05111268097	0.067795152	0.06742005823
127	0.00126	0.2646	0.05182078371	0.07467522074	0.1209893926
50	0.00126	0.2646	0.05105703742	0.06767873612	0.06731307702
120	0.00126	0.2646	0.05107790793	0.06802399867	0.070686997
142	0.00126	0.2646	0.05097301406	0.06754886042	0.067196356
72	0.00126	0.2646	0.05099823524	0.06760571775	0.067248246
86	0.00126	0.2646	0.05114049978	0.06778394331	0.06740897555
167	0.00126	0.2646	0.05247603614	0.07858012075	0.1432148594
94	0.00126	0.2646	0.05156233442	0.06906124205	0.0697052051
189	0.00126	0.2646	0.05125956922	0.06823498136	0.06832824876
134	0.00126	0.2646	0.0512029353	0.06821635193	0.06870647566
100	0.00126	0.2646	0.0510589032	0.06768948046	0.06732588336
35	0.00126	0.2646	0.05104251793	0.06780986156	0.0679999319
195	0.00126	0.2646	0.05108937205	0.06865598578	0.07681243444
35	0.00126	0.2646	0.05100333493	0.067591705	0.06770313181
138	0.00126	0.2646	0.05128157979	0.06887354952	0.07288750014
112	0.00126	0.2646	0.05109915031	0.06769243963	0.06732814962
79	0.00126	0.2646	0.05134916512	0.06855291208	0.06867930082
142	0.00126	0.2646	0.05159724458	0.06917525617	0.07010528084
62	0.00126	0.2646	0.05244544557	0.07856679263	0.1469056875
56	0.00126	0.2646	0.05147602001	0.06872091465	0.06821874373
81	0.00126	0.2646	0.05143602208	0.06974530597	0.08046727065
167	0.00126	0.2646	0.05147133478	0.07127881843	0.096473696
52	0.00126	0.2646	0.05104905554	0.0678862807	0.06939246324
67	0.00126	0.2646	0.05125886392	0.0681245058	0.06858695191
203	0.00126	0.2646	0.0530316347	0.08348056479	0.1790100949
72	0.00126	0.2646	0.05142093647	0.06860967234	0.06892062729
161	0.00126	0.2646	0.05112537631	0.06781362129	0.06769901607
107	0.00126	0.2646	0.05120357312	0.06853784192	0.07411915961
15	0.00126	0.2646	0.05119387369	0.06810749137	0.06768154944
161	0.00126	0.2646	0.0512217185	0.06839211078	0.06990542446
65	0.00126	0.2646	0.05106278325	0.06774742544	0.06738047308
112	0.00126	0.2646	0.05102665104	0.06777321562	0.06817727231
76	0.00126	0.2646	0.05104741172	0.06769758984	0.06733372969
52	0.00126	0.2646	0.05110699083	0.06775449754	0.06738689309
161	0.00126	0.2646	0.0513476446	0.06879602956	0.07086225177
170	0.00126	0.2646	0.05111405972	0.06772141839	0.06735539756
92	0.00126	0.2646	0.05136594278	0.06991355506	0.08334292134
50	0.00126	0.2646	0.05112547046	0.06792519698	0.06832923233
214	0.00126	0.2646	0.05105206236	0.06788207848	0.06950091329
56	0.00126	0.2646	0.05109507625	0.06806494411	0.07020557514
85	0.00126	0.2646	0.05110199424	0.06855080935	0.07558376895
87	0.00126	0.2646	0.05098749168	0.06752088622	0.06716932461
90	0.00126	0.2646	0.05117408485	0.06816422882	0.06772018168
50	0.00126	0.2646	0.05116715969	0.06801721487	0.06818851286
63	0.00126	0.2646	0.05141554999	0.06882332792	0.06830118765
119	0.00126	0.2646	0.05120410356	0.06795114101	0.06807657092
112	0.00126	0.2646	0.05211655241	0.07633803622	0.1341506791
132	0.00126	0.2646	0.05134464513	0.0684580579	0.06798996428
66	0.00126	0.2646	0.05117388018	0.0685545499	0.07512742125
145	0.00126	0.2646	0.05125701676	0.06849042836	0.06993902171
62	0.00126	0.2646	0.0511429135	0.06800812843	0.06761305396
16	0.00126	0.2646	0.05100862893	0.06758417389	0.06722853588
82	0.00126	0.2646	0.05105683438	0.06783496548	0.06903707326
198	0.00126	0.2646	0.05113205671	0.06800593676	0.06758866478
31	0.00126	0.2646	0.05106797356	0.06768839122	0.06732392616
142	0.00126	0.2646	0.05106284696	0.06762776421	0.06726857907
14	0.00126	0.2646	0.05137985994	0.06878026248	0.06827221911
102	0.00126	0.2646	0.05111041522	0.06773035039	0.06736385194
32	0.00126	0.2646	0.05102940137	0.06770450981	0.06827159467
80	0.00126	0.2646	0.05116552398	0.06795899194	0.06841929045
132	0.00126	0.2646	0.05202372503	0.07505492625	0.118351239
141	0.00126	0.2646	0.05128194375	0.06874598424	0.07320565495
75	0.00126	0.2646	0.05102632322	0.06763922193	0.06779144235
109	0.00126	0.2646	0.05099293957	0.06755437199	0.06719984044
174	0.00126	0.2646	0.05110354101	0.06826101191	0.07294109556
62	0.00126	0.2646	0.05135757934	0.06830114192	0.06787469376
124	0.00126	0.2646	0.05313266731	0.08388501665	0.1833609198
30	0.00126	0.2646	0.05150353487	0.06878393812	0.06829814308
88	0.00126	0.2646	0.05105529704	0.06762919544	0.06753366284
147	0.00126	0.2646	0.05104028959	0.06764309716	0.06728286763
57	0.00126	0.2646	0.05113332397	0.06799097934	0.06759644835
117	0.00126	0.2646	0.0511199566	0.06797360176	0.06756685142
157	0.00126	0.2646	0.05101185685	0.06792850392	0.070881072
126	0.00126	0.2646	0.05095356301	0.06749589837	0.06742887308
38	0.00126	0.2646	0.0510057784	0.06758120795	0.06722438803
52	0.00126	0.2646	0.05119568913	0.06808789166	0.06766693396
59	0.00126	0.2646	0.05141095506	0.06921933222	0.07384058968
45	0.00126	0.2646	0.05122595806	0.06825030967	0.06943677803
66	0.00126	0.2646	0.05111224633	0.06786745978	0.06748981245
142	0.00126	0.2646	0.05116360386	0.06819762721	0.06896281485
95	0.00126	0.2646	0.05112206361	0.0678150997	0.06775828
160	0.00126	0.2646	0.05196855417	0.07584932927	0.128625549
100	0.00126	0.2646	0.05106131983	0.06775961967	0.06788853711
81	0.00126	0.2646	0.05100923468	0.0676714232	0.0673065812
77	0.00126	0.2646	0.05104581432	0.06780454467	0.0674175781
179	0.00126	0.2646	0.05099751853	0.06755309005	0.06719865287
81	0.00126	0.2646	0.05108531753	0.0677482816	0.06738369027
81	0.00126	0.2646	0.05147603239	0.07080373072	0.08973724952
140	0.00126	0.2646	0.05109836932	0.06799747367	0.07011753093
150	0.00126	0.2646	0.05109579825	0.06826925429	0.07209511361
15	0.00126	0.2646	0.05100666798	0.06757086163	0.06721613529
61	0.00126	0.2646	0.05121072023	0.06915214747	0.07851176381
146	0.00126	0.2646	0.05098113786	0.06758031784	0.06772386736
15	0.00126	0.2646	0.05103231783	0.06776605113	0.06739063431
69	0.00126	0.2646	0.05101858562	0.06802069751	0.07147567359
110	0.00126	0.2646	0.0509933329	0.06773438941	0.06923246235
106	0.00126	0.2646	0.05115331914	0.06805579074	0.067638527
32	0.00126	0.2646	0.05111794918	0.0678510083	0.06748010036
27	0.00126	0.2646	0.05100759921	0.06756544951	0.06721115592
126	0.00126	0.2646	0.05100972692	0.06759402318	0.06723783071
85	0.00126	0.2646	0.05105704742	0.06782641749	0.06743644104
106	0.00126	0.2646	0.05098148644	0.06755303108	0.06719920837
95	0.00126	0.2646	0.05099782872	0.06766093296	0.06729942865
146	0.00126	0.2646	0.05105574179	0.0683424523	0.07459682897
85	0.00126	0.2646	0.05109300998	0.06876120412	0.07812409136
145	0.00126	0.2646	0.05095989048	0.06747083476	0.06712244036
93	0.00126	0.2646	0.05110787479	0.06798787544	0.0675750001
98	0.00126	0.2646	0.05102320431	0.0675775718	0.06722231811
129	0.00126	0.2646	0.05117702087	0.06788831493	0.06776997059
141	0.00126	0.2646	0.05237721609	0.0778726428	0.137221304
106	0.00126	0.2646	0.05116904022	0.06787845707	0.06775170858
51	0.00126	0.2646	0.05104913749	0.06775461483	0.06738436638
111	0.00126	0.2646	0.05107322048	0.06822344303	0.0716453615
21	0.00126	0.2646	0.05098825392	0.06759260307	0.06723597388
77	0.00126	0.2646	0.05099351768	0.06760505336	0.06724638635
111	0.00126	0.2646	0.05093077827	0.06744944643	0.06736914724
63	0.00126	0.2646	0.05096862378	0.06750395043	0.06715399246
110	0.00126	0.2646	0.05103517794	0.06759412931	0.0672376079
78	0.00126	0.2646	0.05138767644	0.06859593326	0.06930076396
213	0.00126	0.2646	0.05298963546	0.08291767546	0.1736326085
39	0.00126	0.2646	0.05124550124	0.06804103621	0.06763597079
78	0.00126	0.2646	0.05103692119	0.06770883646	0.06734371184
123	0.00126	0.2646	0.05102237309	0.06792342712	0.0698711513
91	0.00126	0.2646	0.05122066429	0.06909228814	0.07904339275
158	0.00126	0.2646	0.05121854285	0.06830254089	0.06810788967
94	0.00126	0.2646	0.05098184793	0.06750648475	0.06715485674
60	0.00126	0.2646	0.05096011915	0.06753563572	0.06780153422
92	0.00126	0.2646	0.05100505583	0.06759484562	0.06724058292
83	0.00126	0.2646	0.05103291387	0.06764960786	0.0677909038
60	0.00126	0.2646	0.05124113411	0.06836164469	0.06789395291
126	0.00126	0.2646	0.05108031625	0.06795963529	0.06754638333
112	0.00126	0.2646	0.05100660873	0.06763109362	0.06727221852
98	0.00126	0.2646	0.05124213231	0.06970393958	0.08481603152
213	0.00126	0.2646	0.05123233031	0.06965638047	0.08434947002
112	0.00126	0.2646	0.05103178493	0.06776698614	0.06856437331
54	0.00126	0.2646	0.05095242446	0.06745663691	0.06710897017
128	0.00126	0.2646	0.05105252631	0.06770018364	0.06733691211
83	0.00126	0.2646	0.0512679877	0.06884360517	0.07356631345
50	0.00126	0.2646	0.05108321824	0.06769336412	0.06732940961
143	0.00126	0.2646	0.05135120598	0.0691944789	0.07548107832
41	0.00126	0.2646	0.05108820002	0.06795625773	0.06920768548
63	0.00126	0.2646	0.05097809993	0.06757580905	0.06779670343
91	0.00126	0.2646	0.05105278589	0.06792775095	0.06930741345
103	0.00126	0.2646	0.0510568434	0.0682037976	0.0723742891
152	0.00126	0.2646	0.05100193467	0.06763831241	0.06785835198
86	0.00126	0.2646	0.05100942424	0.06757564896	0.06746676217
198	0.00126	0.2646	0.05134825677	0.06851876095	0.06924422451
114	0.00126	0.2646	0.05276995047	0.08135021592	0.1640810046
111	0.00126	0.2646	0.05147324823	0.06838050487	0.0679426256
149	0.00126	0.2646	0.05288686235	0.08110096367	0.1569087923
48	0.00126	0.2646	0.05138123336	0.06839649317	0.06825146858
97	0.00126	0.2646	0.05113981124	0.06804644476	0.06843602958
68	0.00126	0.2646	0.05103897646	0.06772542206	0.06735937995
126	0.00126	0.2646	0.05100948549	0.06757969926	0.06722318743
93	0.00126	0.2646	0.05105337689	0.0677993389	0.0680648547
94	0.00126	0.2646	0.05110911114	0.06809203823	0.07017142634
69	0.00126	0.2646	0.05119238846	0.06821468015	0.07098232433
199	0.00126	0.2646	0.05147629323	0.06901842855	0.06848086534
129	0.00126	0.2646	0.05116287874	0.06786122598	0.06843418287
80	0.00126	0.2646	0.05145648409	0.06869309877	0.06872353104
187	0.00126	0.2646	0.05215675939	0.07534884561	0.1206565895
109	0.00126	0.2646	0.0520247203	0.07528943085	0.1238581292
145	0.00126	0.2646	0.0510809725	0.06768130374	0.06731414186
49	0.00126	0.2646	0.05117941298	0.06810082011	0.06766710188
103	0.00126	0.2646	0.05132763232	0.06865720415	0.07087245689
146	0.00126	0.2646	0.05173424289	0.07190739968	0.09674663144
78	0.00126	0.2646	0.05166040336	0.06919371347	0.06915926475
165	0.00126	0.2646	0.05306344715	0.0831550844	0.1773939376
154	0.00126	0.2646	0.05144090229	0.06850875493	0.06897672088
91	0.00126	0.2646	0.05152893418	0.06926360205	0.07159543709
95	0.00126	0.2646	0.05139246276	0.06865201786	0.06815934932
108	0.00126	0.2646	0.05117177703	0.06813127565	0.06892217437
25	0.00126	0.2646	0.0510155176	0.06755436773	0.06720008119
179	0.00126	0.2646	0.05099679187	0.0675426473	0.06718878492
43	0.00126	0.2646	0.05121249188	0.06798851197	0.06820660086
163	0.00126	0.2646	0.05239925261	0.07752690085	0.1335334347
86	0.00126	0.2646	0.05160401776	0.07122092797	0.0945613812
100	0.00126	0.2646	0.05142322461	0.06868201527	0.0684835117
113	0.00126	0.2646	0.05185080086	0.07322577504	0.1080252388
104	0.00126	0.2646	0.05233981116	0.0775995228	0.1380951864
79	0.00126	0.2646	0.05126939712	0.06851268602	0.07260690676
69	0.00126	0.2646	0.05111630727	0.06793691151	0.06753300867
89	0.00126	0.2646	0.05097225052	0.06753218393	0.06746109695
134	0.00126	0.2646	0.0509929654	0.06787489661	0.07052174711
27	0.00126	0.2646	0.05101408321	0.06769552151	0.06835456934
96	0.00126	0.2646	0.05119509051	0.0684807494	0.07124580929
104	0.00126	0.2646	0.05109390103	0.06816351378	0.07119653073
64	0.00126	0.2646	0.05108082026	0.06786728942	0.06839323757
42	0.00126	0.2646	0.05111216196	0.06787351839	0.06749613604
75	0.00126	0.2646	0.0513489357	0.06965237386	0.08064399128
138	0.00126	0.2646	0.05106532955	0.06787687782	0.069317638
43	0.00126	0.2646	0.05102410136	0.06764571395	0.06728537926
55	0.00126	0.2646	0.05099638458	0.06770468908	0.06808732238
133	0.00126	0.2646	0.05099465388	0.06765723846	0.06759083745
65	0.00126	0.2646	0.05096552099	0.06765096566	0.06813852786
122	0.00126	0.2646	0.05094303943	0.06747658895	0.06712777743
62	0.00126	0.2646	0.05096025716	0.06750709603	0.06715697274
104	0.00126	0.2646	0.05098826144	0.06774350561	0.06933915938
139	0.00126	0.2646	0.05103140009	0.06768650806	0.06815364367
50	0.00126	0.2646	0.05126149229	0.06848364853	0.06864816759
168	0.00126	0.2646	0.05110185264	0.06804734599	0.06984629718
57	0.00126	0.2646	0.05101353923	0.06759187465	0.0672360697
76	0.00126	0.2646	0.05126242451	0.07017373428	0.08920116905
41	0.00126	0.2646	0.05100794697	0.06762741723	0.06726762764
108	0.00126	0.2646	0.05105560139	0.06785918269	0.06747488552
69	0.00126	0.2646	0.05096394641	0.06752642097	0.06717548845
144	0.00126	0.2646	0.05095400451	0.06766617179	0.06890107238
115	0.00126	0.2646	0.05095449638	0.06761861793	0.06825056744
77	0.00126	0.2646	0.05102365142	0.06759246321	0.06723506981
100	0.00126	0.2646	0.05127287523	0.06854828139	0.06948852435
102	0.00126	0.2646	0.05118553449	0.06812043987	0.06895560269
169	0.00126	0.2646	0.05158964976	0.07242231108	0.1039840665
108	0.00126	0.2646	0.05110637587	0.06822939225	0.06936985448
112	0.00126	0.2646	0.05109801633	0.06795491641	0.06754528228
17	0.00126	0.2646	0.05096165951	0.0674849334	0.06713535984
181	0.00126	0.2646	0.05090834348	0.06740146257	0.0670577678
71	0.00126	0.2646	0.0509150418	0.06744250188	0.06709695091
149	0.00126	0.2646	0.05095618569	0.067834943	0.06742841552
105	0.00126	0.2646	0.05098453555	0.06756107242	0.06746635156
142	0.00126	0.2646	0.05121538619	0.06835604051	0.06841910938
44	0.00126	0.2646	0.0510991686	0.06799550667	0.067580483
63	0.00126	0.2646	0.05107763031	0.06802396999	0.06896549302
136	0.00126	0.2646	0.05099687812	0.0675927753	0.06723614761
103	0.00126	0.2646	0.0510201203	0.06780602365	0.068828772
81	0.00126	0.2646	0.05094566734	0.06749784881	0.0674264929
144	0.00126	0.2646	0.05093671363	0.06759902128	0.06809612562
58	0.00126	0.2646	0.05095496041	0.06751712564	0.06716585302
175	0.00126	0.2646	0.05097898117	0.06785536806	0.07022812315
15	0.00126	0.2646	0.05096075583	0.06751538699	0.06716336715
153	0.00126	0.2646	0.05112567597	0.06807286172	0.06943919987
141	0.00126	0.2646	0.05200387131	0.07723299318	0.136937991
130	0.00126	0.2646	0.05127749172	0.06964129111	0.08298233507
113	0.00126	0.2646	0.0511003936	0.06843696986	0.07413620538
39	0.00126	0.2646	0.05096311518	0.06755506323	0.06720229881
104	0.00126	0.2646	0.05093026083	0.06747297054	0.06739171648
86	0.00126	0.2646	0.05101397318	0.06780069984	0.06741052144
147	0.00126	0.2646	0.05114402877	0.06810011881	0.06767347078
54	0.00126	0.2646	0.05105220855	0.06768559672	0.06732344361
169	0.00126	0.2646	0.05117768976	0.0688921186	0.07859846528
123	0.00126	0.2646	0.05135029343	0.06866479984	0.06866300444
83	0.00126	0.2646	0.05133813231	0.0695096607	0.07833140326
246	0.00126	0.2646	0.05104424527	0.0677308374	0.06736521609
103	0.00126	0.2646	0.05102034876	0.06773771054	0.0673710646
68	0.00126	0.2646	0.05102366334	0.0676939272	0.06792419882
29	0.00126	0.2646	0.05099985158	0.06763445111	0.0672716161
125	0.00126	0.2646	0.05104300153	0.06778453728	0.06740854124
43	0.00126	0.2646	0.05106251125	0.06767154359	0.06731080338
182	0.00126	0.2646	0.05132359358	0.06889192417	0.07304854763
80	0.00126	0.2646	0.05145177577	0.06898251004	0.07485236324
168	0.00126	0.2646	0.05341159116	0.08559519498	0.1929147318
79	0.00126	0.2646	0.05137015422	0.06823377732	0.06781660463
138	0.00126	0.2646	0.05116634573	0.06847050159	0.0742021605
100	0.00126	0.2646	0.05143738887	0.07145805722	0.09771727577
62	0.00126	0.2646	0.05121436179	0.06817660164	0.06773692187
46	0.00126	0.2646	0.05150004916	0.07087714866	0.08993580874
127	0.00126	0.2646	0.05112159274	0.0680040105	0.06919924646
98	0.00126	0.2646	0.0510185664	0.06755234466	0.06719918578
88	0.00126	0.2646	0.05118907446	0.06809659429	0.06768922817
44	0.00126	0.2646	0.05119125108	0.0682243108	0.07166350505
76	0.00126	0.2646	0.05160886309	0.06935298626	0.06907331345
77	0.00126	0.2646	0.05140520204	0.06866956275	0.06843346538
164	0.00126	0.2646	0.05119408354	0.0681835963	0.06895615929
194	0.00126	0.2646	0.05109459041	0.0677901306	0.0674186842
158	0.00126	0.2646	0.05270607823	0.08014146664	0.1549780679
102	0.00126	0.2646	0.05267788494	0.07934023356	0.1519980316
79	0.00126	0.2646	0.05150961736	0.06885684822	0.06896264586
146	0.00126	0.2646	0.05124533182	0.06797691081	0.06805511374
147	0.00126	0.2646	0.05221890796	0.07620675253	0.1277995957
238	0.00126	0.2646	0.05146622085	0.06844955307	0.06834115667
160	0.00126	0.2646	0.05304799724	0.08251589695	0.1755401955
125	0.00126	0.2646	0.0527486925	0.080345552	0.1547265294
87	0.00126	0.2646	0.05124568359	0.06795183037	0.06755772696
11	0.00126	0.2646	0.05134541361	0.06835142423	0.06790959738
12	0.00126	0.2646	0.05127623902	0.06834323373	0.06861514559
77	0.00126	0.2646	0.05161005228	0.06911943165	0.06858339662
170	0.00126	0.2646	0.05265613363	0.07963846051	0.1520453844
118	0.00126	0.2646	0.05125397232	0.06807257524	0.06791479352
55	0.00126	0.2646	0.05117643375	0.06801392419	0.06761280051
77	0.00126	0.2646	0.05118507576	0.06806486368	0.06861626613
86	0.00126	0.2646	0.0514469342	0.06893727327	0.06896247756
141	0.00126	0.2646	0.05128874	0.0684979136	0.06968772588
138	0.00126	0.2646	0.05110889319	0.06780015497	0.0679719437
96	0.00126	0.2646	0.05114225376	0.06806963219	0.06837118332
84	0.00126	0.2646	0.05106512292	0.0680582574	0.07099123836
72	0.00126	0.2646	0.0511795974	0.06808867966	0.06767443941
121	0.00126	0.2646	0.05129689471	0.06908266921	0.07577575366
72	0.00126	0.2646	0.0509995281	0.06753810605	0.0671856092
95	0.00126	0.2646	0.050988655	0.06750021397	0.06715118835
121	0.00126	0.2646	0.05105409811	0.0676852742	0.06732301493
142	0.00126	0.2646	0.05115774788	0.06800369259	0.06761686436
173	0.00126	0.2646	0.05116659435	0.06791540966	0.06753692286
121	0.00126	0.2646	0.05139622749	0.06891996622	0.06970435945
86	0.00126	0.2646	0.05105191885	0.06762580979	0.06726650332
79	0.00126	0.2646	0.05106706247	0.06849484417	0.0755559098
119	0.00126	0.2646	0.05101284174	0.06782590651	0.06931196817
108	0.00126	0.2646	0.05096436177	0.06758225976	0.06771458013
63	0.00126	0.2646	0.05092300194	0.06742536693	0.06708030329
104	0.00126	0.2646	0.05098358016	0.06758168577	0.06778436704
87	0.00126	0.2646	0.05125959551	0.06832073033	0.0678579796
163	0.00126	0.2646	0.05175163618	0.07288714349	0.1059427119
117	0.00126	0.2646	0.05158074974	0.07151875603	0.09653708259
74	0.00126	0.2646	0.05124073825	0.06850578027	0.07177748452
113	0.00126	0.2646	0.05104888212	0.06774535578	0.0673765796
110	0.00126	0.2646	0.05131448887	0.068514719	0.06854012415
106	0.00126	0.2646	0.0518552151	0.07429584005	0.1191493645
132	0.00126	0.2646	0.05135287897	0.06939944771	0.07827042924
81	0.00126	0.2646	0.05102894152	0.06774671653	0.06849254126
179	0.00126	0.2646	0.05110581154	0.06829781063	0.06881525589
20	0.00126	0.2646	0.05125545395	0.06850619779	0.06904440236
77	0.00126	0.2646	0.05114442844	0.06791468911	0.06815704271
110	0.00126	0.2646	0.05131718366	0.06843095334	0.06796851282
103	0.00126	0.2646	0.05142933755	0.06933605592	0.07473231438
117	0.00126	0.2646	0.05183052751	0.07674712384	0.1358304068
141	0.00126	0.2646	0.05232300117	0.07766585279	0.1366358526
119	0.00126	0.2646	0.05123089429	0.06814463409	0.06804588228
41	0.00126	0.2646	0.05102276242	0.06766344095	0.06730231761
106	0.00126	0.2646	0.05105762835	0.06825528499	0.07177271454
187	0.00126	0.2646	0.05164207351	0.07792415552	0.1443985617
95	0.00126	0.2646	0.05099290653	0.06771621104	0.06763139159
67	0.00126	0.2646	0.05101690389	0.06770488725	0.06813998812
45	0.00126	0.2646	0.05109382226	0.06790782177	0.06783686612
53	0.00126	0.2646	0.05105894684	0.06771001673	0.06734587197
123	0.00126	0.2646	0.05118745551	0.068157389	0.06772567197
82	0.00126	0.2646	0.05115041895	0.06830804724	0.06999511
59	0.00126	0.2646	0.0509735277	0.06750878453	0.06715721747
165	0.00126	0.2646	0.05112852882	0.06893537442	0.07739173326
215	0.00126	0.2646	0.05122495716	0.06879065601	0.07270640112
90	0.00126	0.2646	0.05101516732	0.06799661597	0.06817264159
52	0.00126	0.2646	0.05094719597	0.06749279212	0.06738854247
129	0.00126	0.2646	0.05112519222	0.06799697218	0.06784875203
96	0.00126	0.2646	0.05164369919	0.07231942852	0.1006880724
163	0.00126	0.2646	0.05119935052	0.068410389	0.06915238015
75	0.00126	0.2646	0.05102513309	0.06773985801	0.06829416135
47	0.00126	0.2646	0.05093908049	0.06746426956	0.06711652218
73	0.00126	0.2646	0.05100046599	0.06761268444	0.06724998982
118	0.00126	0.2646	0.05190382609	0.07523723834	0.1234408987
114	0.00126	0.2646	0.05264691145	0.08045343679	0.1575253171
67	0.00126	0.2646	0.05116675818	0.06789455978	0.06750941272
50	0.00126	0.2646	0.05100106378	0.06764792671	0.06775121615
128	0.00126	0.2646	0.05113182233	0.06797944584	0.06893426646
122	0.00126	0.2646	0.05170006304	0.07307643877	0.1074400437
140	0.00126	0.2646	0.05118710295	0.06881341684	0.07683439597
127	0.00126	0.2646	0.05101488439	0.06799290677	0.07122000826
129	0.00126	0.2646	0.05094790236	0.0675249702	0.06779651543
97	0.00126	0.2646	0.05105681401	0.06791833994	0.06964985071
126	0.00126	0.2646	0.05172595655	0.07340461923	0.1102591807
127	0.00126	0.2646	0.05133808701	0.06897171079	0.07306684898
134	0.00126	0.2646	0.05116556941	0.06879896977	0.07729690769
92	0.00126	0.2646	0.051063733	0.06790107194	0.06783196837
159	0.00126	0.2646	0.05133084888	0.06876314433	0.07029318706
66	0.00126	0.2646	0.05112500316	0.06789733518	0.06750989787
51	0.00126	0.2646	0.05103574395	0.06766723799	0.06730612582
54	0.00126	0.2646	0.05104482064	0.06798490049	0.06974455415
89	0.00126	0.2646	0.05101671892	0.06756753209	0.06721221012
128	0.00126	0.2646	0.05110224305	0.06801946718	0.06930169383
55	0.00126	0.2646	0.05126661431	0.06959215214	0.08000073673
57	0.00126	0.2646	0.05099920679	0.06756804667	0.06721431459
49	0.00126	0.2646	0.05098894719	0.06756557287	0.06721237898
97	0.00126	0.2646	0.0510555996	0.06785566612	0.06872202316
104	0.00126	0.2646	0.05122619913	0.06820648697	0.06778230951
11	0.00126	0.2646	0.05108014074	0.06766241357	0.06730032118
79	0.00126	0.2646	0.05117422262	0.06811324796	0.0676990753
28	0.00126	0.2646	0.05114024746	0.06801237572	0.06760569732
67	0.00126	0.2646	0.05142322929	0.06866753695	0.0693468937
68	0.00126	0.2646	0.05145392285	0.06895439144	0.06938571892
84	0.00126	0.2646	0.0512631308	0.06887131258	0.07576892376
123	0.00126	0.2646	0.05100934325	0.06756607388	0.0674810022
43	0.00126	0.2646	0.05113039118	0.06804333193	0.06816699428
110	0.00126	0.2646	0.05131385671	0.0698226731	0.08503792809
76	0.00126	0.2646	0.05132423273	0.06848593473	0.06803120332
112	0.00126	0.2646	0.05123183728	0.06819717751	0.06775446484
150	0.00126	0.2646	0.05124314655	0.0680958772	0.06861830504
171	0.00126	0.2646	0.05225865592	0.07715292146	0.1354961859
83	0.00126	0.2646	0.0513895392	0.0683877526	0.06922942686
95	0.00126	0.2646	0.05265175672	0.07981565471	0.1512610315
81	0.00126	0.2646	0.0514057804	0.06861590948	0.0684175616
82	0.00126	0.2646	0.05100415058	0.06760406685	0.06788997592
49	0.00126	0.2646	0.05097028634	0.06749279888	0.06714336609
164	0.00126	0.2646	0.05109462706	0.06795003932	0.06871158313
61	0.00126	0.2646	0.05130069661	0.06856504477	0.06837289301
117	0.00126	0.2646	0.05124033306	0.06846121475	0.07306577928
48	0.00126	0.2646	0.05152929017	0.06901351458	0.06847275653
171	0.00126	0.2646	0.05220325151	0.07624807838	0.1264533392
158	0.00126	0.2646	0.05121697069	0.06793840454	0.0675514755
81	0.00126	0.2646	0.05226004949	0.07676611049	0.1295932138
124	0.00126	0.2646	0.05117927761	0.06801316047	0.06846195813
48	0.00126	0.2646	0.05096413079	0.06753086235	0.06748779468
99	0.00126	0.2646	0.050995216	0.06753828066	0.06718591794
150	0.00126	0.2646	0.05138652655	0.06978497192	0.08123915299
199	0.00126	0.2646	0.05122949703	0.06813346183	0.06871605007
58	0.00126	0.2646	0.05163795155	0.06900609565	0.06874426188
197	0.00126	0.2646	0.0540705443	0.09167997932	0.2390823294
149	0.00126	0.2646	0.05153645732	0.06872044762	0.06824225115
58	0.00126	0.2646	0.0511800589	0.06867313676	0.07604414321
115	0.00126	0.2646	0.05125029152	0.06853867829	0.06942285064
207	0.00126	0.2646	0.05102831884	0.06763668135	0.06727814313
98	0.00126	0.2646	0.05098407351	0.06771990056	0.06933678872
110	0.00126	0.2646	0.05121304336	0.0682191041	0.07015169804
142	0.00126	0.2646	0.05286726547	0.08227602278	0.1704234733
85	0.00126	0.2646	0.05168551312	0.07112433728	0.09086077637
143	0.00126	0.2646	0.05149614499	0.06985481328	0.08232495019
112	0.00126	0.2646	0.05154347503	0.06906565556	0.06852813522
83	0.00126	0.2646	0.05133158344	0.06895210266	0.07157340572
180	0.00126	0.2646	0.05128023724	0.06825599347	0.06781176816
34	0.00126	0.2646	0.05129799439	0.06824180302	0.06782679079
127	0.00126	0.2646	0.05223523383	0.07771795929	0.142399752
144	0.00126	0.2646	0.05118175985	0.06794362993	0.06809524188
101	0.00126	0.2646	0.05156877763	0.07186860077	0.09901038517
96	0.00126	0.2646	0.0514548154	0.07072178688	0.09107554518
136	0.00126	0.2646	0.05131559021	0.06822360562	0.06893257584
173	0.00126	0.2646	0.05299107259	0.08194467316	0.1689659706
65	0.00126	0.2646	0.05257148874	0.07713054062	0.1303824036
71	0.00126	0.2646	0.05151631875	0.06905757863	0.06851585423
117	0.00126	0.2646	0.05258938078	0.07985347851	0.1529134264
52	0.00126	0.2646	0.05119992996	0.06788262228	0.06749476782
66	0.00126	0.2646	0.0511216597	0.06798374371	0.06757550051
89	0.00126	0.2646	0.05106697159	0.06777346095	0.06811228975
133	0.00126	0.2646	0.05157794956	0.07234957242	0.09964654078
89	0.00126	0.2646	0.05108201538	0.06778108103	0.06740982779
100	0.00126	0.2646	0.05116396197	0.06834341867	0.07104071971
144	0.00126	0.2646	0.05134137203	0.06890665848	0.07278506928
110	0.00126	0.2646	0.05134144797	0.06861270758	0.06836375383
37	0.00126	0.2646	0.05125927135	0.0680177598	0.06761999558
116	0.00126	0.2646	0.0511667745	0.06826947104	0.06907627981
75	0.00126	0.2646	0.05096270601	0.0674721696	0.06712342375
149	0.00126	0.2646	0.05099051148	0.06768621947	0.06812726262
54	0.00126	0.2646	0.05109358429	0.06793552389	0.06754746532
171	0.00126	0.2646	0.05103488296	0.06775304607	0.06738221219
132	0.00126	0.2646	0.05104632556	0.06767905628	0.06731379387
81	0.00126	0.2646	0.05174665298	0.07394447452	0.1174008496
89	0.00126	0.2646	0.05129225554	0.06841648263	0.06891276594
100	0.00126	0.2646	0.05214290203	0.0779429305	0.1421260122
82	0.00126	0.2646	0.05109365908	0.06782923769	0.06806637708
179	0.00126	0.2646	0.0509430226	0.06749032828	0.06714024022
129	0.00126	0.2646	0.05097265155	0.06766449064	0.06844788363
61	0.00126	0.2646	0.05118780607	0.06820971749	0.06778613171
151	0.00126	0.2646	0.05200866203	0.07521896032	0.1231669903
91	0.00126	0.2646	0.05109113173	0.06772627838	0.06736012028
102	0.00126	0.2646	0.05112472119	0.06829560548	0.06782432193
94	0.00126	0.2646	0.0511142168	0.06806885999	0.06873603864
71	0.00126	0.2646	0.05112178652	0.06814568192	0.06986678575
70	0.00126	0.2646	0.05110668104	0.06805924939	0.06763619455
62	0.00126	0.2646	0.05094781309	0.06751865886	0.06748712741
96	0.00126	0.2646	0.05091162037	0.06739995374	0.06705610078
248	0.00126	0.2646	0.05094094298	0.06753762055	0.06772790578
69	0.00126	0.2646	0.05106741733	0.06805922022	0.06764668931
141	0.00126	0.2646	0.05111244295	0.06799999459	0.06760747981
158	0.00126	0.2646	0.05099156557	0.06770238502	0.06790973328
148	0.00126	0.2646	0.05137273926	0.07337291754	0.1135494131
90	0.00126	0.2646	0.05120925365	0.0684473607	0.06959436461
115	0.00126	0.2646	0.05118920298	0.0687401618	0.07662808843
110	0.00126	0.2646	0.05122038446	0.06837294239	0.0682190186
73	0.00126	0.2646	0.05099921493	0.06777176322	0.06956072305
130	0.00126	0.2646	0.05096731688	0.067485904	0.06713669978
150	0.00126	0.2646	0.05095769029	0.0675669647	0.06720833677
77	0.00126	0.2646	0.0513472354	0.07441394724	0.120524061
70	0.00126	0.2646	0.05095224751	0.067560625	0.06720272899
63	0.00126	0.2646	0.05093820288	0.06745279893	0.06710605923
128	0.00126	0.2646	0.05113906772	0.06805317002	0.06764653349
215	0.00126	0.2646	0.05221203647	0.07745987151	0.1381765099
127	0.00126	0.2646	0.05131976111	0.06814455277	0.06774283705
105	0.00126	0.2646	0.05233131289	0.07854850476	0.1511157385
102	0.00126	0.2646	0.05115583929	0.06786399782	0.06748404328
83	0.00126	0.2646	0.05118846909	0.06810723682	0.06816089666
17	0.00126	0.2646	0.05108917942	0.06771434837	0.06735133899
160	0.00126	0.2646	0.05131290675	0.07011211531	0.08468885086
44	0.00126	0.2646	0.05098434506	0.06756568955	0.06721220252
85	0.00126	0.2646	0.0509789948	0.06776539508	0.06956840636
112	0.00126	0.2646	0.05112242627	0.06846612448	0.0743882298
73	0.00126	0.2646	0.05138018823	0.06890400608	0.06836778543
51	0.00126	0.2646	0.05109442007	0.06771425162	0.0676413505
89	0.00126	0.2646	0.05126463509	0.06851783535	0.07047608585
72	0.00126	0.2646	0.05136002636	0.06874598174	0.06948817052
60	0.00126	0.2646	0.0512491045	0.06800221397	0.06788665566
58	0.00126	0.2646	0.05134185724	0.06868276579	0.06888426959
66	0.00126	0.2646	0.05108683213	0.06785694871	0.06825619542
135	0.00126	0.2646	0.05098595986	0.06785313194	0.06977011809
191	0.00126	0.2646	0.05094441272	0.06746824776	0.06712048933
114	0.00126	0.2646	0.05122212241	0.06818158977	0.06886865765
135	0.00126	0.2646	0.05321910387	0.08571310371	0.1954187225
105	0.00126	0.2646	0.05145538101	0.06863666518	0.06816308939
164	0.00126	0.2646	0.05142023775	0.06847535281	0.06891503673
64	0.00126	0.2646	0.05242533413	0.07839618948	0.1427125073
117	0.00126	0.2646	0.05126116859	0.06832965416	0.0708505692
169	0.00126	0.2646	0.05216987692	0.0765761041	0.1295862633
100	0.00126	0.2646	0.05117156836	0.0682189033	0.07117029366
125	0.00126	0.2646	0.05103098115	0.06823163301	0.0736258751
93	0.00126	0.2646	0.05096965395	0.06773493855	0.06937099911
33	0.00126	0.2646	0.05106907277	0.06773388692	0.06736749603
74	0.00126	0.2646	0.05151259134	0.06946857587	0.07425755103
205	0.00126	0.2646	0.05260783546	0.07922667338	0.1491970424
63	0.00126	0.2646	0.05195501546	0.07010566002	0.06943362558
10	0.00126	0.2646	0.05148233954	0.06877783667	0.06826902378
106	0.00126	0.2646	0.05121989166	0.06812742435	0.06928835871
93	0.00126	0.2646	0.05119241777	0.06819795307	0.06861231208
69	0.00126	0.2646	0.05113550216	0.06805576325	0.06789381276
95	0.00126	0.2646	0.05098612129	0.06760306026	0.06777018917
52	0.00126	0.2646	0.05106204982	0.06779999177	0.0674264503
90	0.00126	0.2646	0.05125683857	0.06845652834	0.06861671246
67	0.00126	0.2646	0.05121111288	0.06817901557	0.06959440323
16	0.00126	0.2646	0.05156213508	0.06907419742	0.0685398142
63	0.00126	0.2646	0.05176818149	0.0696250396	0.07100834524
110	0.00126	0.2646	0.05236984684	0.07794440391	0.1404894317
117	0.00126	0.2646	0.05116763459	0.06781220515	0.0674376179
140	0.00126	0.2646	0.05127566249	0.06853675476	0.06924313158
162	0.00126	0.2646	0.05115246885	0.06810982225	0.06817924724
70	0.00126	0.2646	0.05098845214	0.06753371017	0.0671827669
161	0.00126	0.2646	0.05114496639	0.06842626404	0.07145272792
136	0.00126	0.2646	0.05112257805	0.06854819408	0.07493089591
104	0.00126	0.2646	0.05110922484	0.06781069329	0.06859021439
174	0.00126	0.2646	0.05175803655	0.06963915344	0.07061531617
183	0.00126	0.2646	0.05307858352	0.08109567482	0.1574246608
202	0.00126	0.2646	0.0520581321	0.0742867724	0.1149057025
67	0.00126	0.2646	0.05118135138	0.06811267178	0.06767916698
145	0.00126	0.2646	0.05102989033	0.06773609667	0.06856038087
106	0.00126	0.2646	0.0509642037	0.06753020059	0.06744571383
138	0.00126	0.2646	0.05097853946	0.06752127646	0.06717066845
103	0.00126	0.2646	0.0513511229	0.0705344226	0.08956825327
78	0.00126	0.2646	0.05100764024	0.06763908607	0.06753495307
60	0.00126	0.2646	0.05099326336	0.0675558608	0.06720208857
122	0.00126	0.2646	0.05114684339	0.06786621826	0.06775543358
121	0.00126	0.2646	0.05140926074	0.06876934612	0.06827794938
97	0.00126	0.2646	0.05123889189	0.06850235758	0.07183172284
62	0.00126	0.2646	0.05100366281	0.06768107393	0.0678892268
56	0.00126	0.2646	0.050956208	0.06752556992	0.06717424047
94	0.00126	0.2646	0.05096812485	0.06760660632	0.0672438341
29	0.00126	0.2646	0.05097603666	0.06756135607	0.06720784539
122	0.00126	0.2646	0.05105066517	0.06803001621	0.07037975573
117	0.00126	0.2646	0.05111429067	0.06810360315	0.06766208008
115	0.00126	0.2646	0.05114057431	0.06839379743	0.07195191022
197	0.00126	0.2646	0.05115063256	0.06845870344	0.07359052801
145	0.00126	0.2646	0.05132432031	0.06968796878	0.08133074747
79	0.00126	0.2646	0.0510064662	0.06760404977	0.06749527616
136	0.00126	0.2646	0.05112387189	0.06864328739	0.07101619504
105	0.00126	0.2646	0.05113572461	0.06870077679	0.0760762953
84	0.00126	0.2646	0.05135096826	0.07074452774	0.09298236644
104	0.00126	0.2646	0.0511378247	0.06806156989	0.0679139283
22	0.00126	0.2646	0.05112473571	0.06786520798	0.06747515261
95	0.00126	0.2646	0.05246630004	0.08064213011	0.1623510364
53	0.00126	0.2646	0.05122279263	0.06822955416	0.06779122008
116	0.00126	0.2646	0.05104515932	0.06768750628	0.06732441921
107	0.00126	0.2646	0.05106079047	0.06784091164	0.06745978829
115	0.00126	0.2646	0.05096704728	0.06749138823	0.06714144346
131	0.00126	0.2646	0.05095622418	0.06751514581	0.06716324973
143	0.00126	0.2646	0.05098157231	0.06779444587	0.0694921616
60	0.00126	0.2646	0.05101385932	0.06769999649	0.06733069392
108	0.00126	0.2646	0.05109682055	0.06864520934	0.07718287684
66	0.00126	0.2646	0.05097042137	0.06751610035	0.06716413355
43	0.00126	0.2646	0.05120867085	0.06885957484	0.071808761
176	0.00126	0.2646	0.05111960269	0.06820392885	0.07161956515
60	0.00126	0.2646	0.0512382547	0.0684232889	0.0698902755
156	0.00126	0.2646	0.0515831013	0.07236007516	0.1036920903
73	0.00126	0.2646	0.05100810688	0.06757851655	0.06722134692
155	0.00126	0.2646	0.05106995554	0.06794593299	0.06814850054
54	0.00126	0.2646	0.05097383783	0.06750106181	0.06715075514
120	0.00126	0.2646	0.05111898943	0.06841171634	0.06967161153
103	0.00126	0.2646	0.05098219306	0.06758195557	0.06722580412
116	0.00126	0.2646	0.05098463276	0.06763688971	0.06811006407
53	0.00126	0.2646	0.05118342332	0.06828990054	0.06895149696
66	0.00126	0.2646	0.05117785184	0.06810029167	0.06768371715
84	0.00126	0.2646	0.05111966317	0.06784913566	0.06746610612
84	0.00126	0.2646	0.05122090781	0.06832651058	0.0678895058
183	0.00126	0.2646	0.05103139635	0.06776563365	0.06904382198
106	0.00126	0.2646	0.05201054202	0.07606217462	0.1317336114
128	0.00126	0.2646	0.05116660201	0.06786743899	0.06748899483
115	0.00126	0.2646	0.05152566115	0.07190098116	0.1000817431
100	0.00126	0.2646	0.05110619878	0.06851250965	0.07543362319
146	0.00126	0.2646	0.05094691815	0.06747151429	0.06712324079
13	0.00126	0.2646	0.05101083383	0.06763385388	0.0672737843
73	0.00126	0.2646	0.05111027155	0.06791146371	0.06752448299
94	0.00126	0.2646	0.05100776315	0.06754368892	0.06719022549
96	0.00126	0.2646	0.05112534138	0.06803345798	0.06904986837
157	0.00126	0.2646	0.05115438146	0.06790505613	0.06806053736
137	0.00126	0.2646	0.05116032684	0.06804107209	0.06763611436
57	0.00126	0.2646	0.05102913245	0.067674453	0.0678762525
44	0.00126	0.2646	0.05099920001	0.06766181457	0.06729577993
55	0.00126	0.2646	0.05093450647	0.06747459277	0.06712624584
100	0.00126	0.2646	0.05097238581	0.06771803551	0.06934239554
79	0.00126	0.2646	0.05119284441	0.06866159105	0.07545219758
115	0.00126	0.2646	0.05195617909	0.0735301777	0.1038999533
95	0.00126	0.2646	0.05125058156	0.06794668001	0.06756362952
155	0.00126	0.2646	0.05180316546	0.07164169557	0.08972209257
51	0.00126	0.2646	0.05128503098	0.06827999105	0.0681011927
161	0.00126	0.2646	0.0511553174	0.0685529604	0.07531883292
31	0.00126	0.2646	0.05112931075	0.0682130208	0.06960864481
81	0.00126	0.2646	0.05094675239	0.06746973572	0.06712213378
69	0.00126	0.2646	0.05090968651	0.0674332703	0.06708785706
137	0.00126	0.2646	0.05094111779	0.06760186204	0.06804488617
131	0.00126	0.2646	0.05101247289	0.06785173549	0.06972611895
118	0.00126	0.2646	0.05119395181	0.06820736193	0.06922762344
131	0.00126	0.2646	0.05151120139	0.06866998015	0.06819707335
169	0.00126	0.2646	0.05341232107	0.08486953078	0.184634183
55	0.00126	0.2646	0.05140908568	0.06849302468	0.0698799828
60	0.00126	0.2646	0.05107539509	0.06769877627	0.06733591406
62	0.00126	0.2646	0.0510550186	0.0679616761	0.07033836263
114	0.00126	0.2646	0.05096213993	0.06753346429	0.06741744385
146	0.00126	0.2646	0.05094713925	0.06764503897	0.06789681638
121	0.00126	0.2646	0.0510702051	0.0685615843	0.07602437155
58	0.00126	0.2646	0.05100142947	0.06771081937	0.06829306187
34	0.00126	0.2646	0.05105128299	0.06780828788	0.06911374796
101	0.00126	0.2646	0.05140930723	0.06827490294	0.06785488021
135	0.00126	0.2646	0.05329887482	0.08318893341	0.1700759655
71	0.00126	0.2646	0.05162038516	0.06961837822	0.0754015452
190	0.00126	0.2646	0.05127380869	0.06824168202	0.06949471665
133	0.00126	0.2646	0.05307788291	0.08431580991	0.1868030112
184	0.00126	0.2646	0.05131274154	0.06845513433	0.0697482233
131	0.00126	0.2646	0.0510557682	0.06816586441	0.0715362465
92	0.00126	0.2646	0.05105836727	0.06842021135	0.07513701606
177	0.00126	0.2646	0.05096767384	0.06753850195	0.06743779291
142	0.00126	0.2646	0.05120400823	0.06796570869	0.06815537364
145	0.00126	0.2646	0.05304767217	0.08333854575	0.1807514748
60	0.00126	0.2646	0.05177690479	0.07064857413	0.07989912248
99	0.00126	0.2646	0.05122229312	0.06817402164	0.06876004814
64	0.00126	0.2646	0.0510383885	0.06762636474	0.06726780181
148	0.00126	0.2646	0.05119565934	0.06829001623	0.06782373986
48	0.00126	0.2646	0.05099845866	0.06759913098	0.06724090316
85	0.00126	0.2646	0.0509747636	0.06762269672	0.06757390643
108	0.00126	0.2646	0.05100398341	0.06768373446	0.06731987346
75	0.00126	0.2646	0.05093519118	0.06745200755	0.06710467462
107	0.00126	0.2646	0.05099934494	0.06756703457	0.06752825862
75	0.00126	0.2646	0.0513623032	0.06857159479	0.06808813235
121	0.00126	0.2646	0.0520110054	0.07513472824	0.1205825773
143	0.00126	0.2646	0.05125675285	0.06897106137	0.07764736197
31	0.00126	0.2646	0.05112409998	0.06856952792	0.07012513717
116	0.00126	0.2646	0.05105450982	0.06818006384	0.07235614852
129	0.00126	0.2646	0.05103420461	0.06805640778	0.06813509568
172	0.00126	0.2646	0.05112570021	0.06890227647	0.0788444934
86	0.00126	0.2646	0.05112410548	0.06802856733	0.06761741657
118	0.00126	0.2646	0.05108472116	0.0681734931	0.07181702721
131	0.00126	0.2646	0.05113335698	0.0681468676	0.06872736516
40	0.00126	0.2646	0.05127949807	0.06951793059	0.08269767455
49	0.00126	0.2646	0.05125598941	0.06840453521	0.06796280595
95	0.00126	0.2646	0.05103869125	0.06764316508	0.06761051877
143	0.00126	0.2646	0.05243536321	0.08787417017	0.2230568711
156	0.00126	0.2646	0.05120586657	0.06880973204	0.07488788342
113	0.00126	0.2646	0.051025293	0.06771518713	0.06734416093
158	0.00126	0.2646	0.05105434314	0.06802391862	0.07052168258
96	0.00126	0.2646	0.05120467571	0.06895270472	0.07816952051
206	0.00126	0.2646	0.05142975657	0.06899680828	0.06870338371
74	0.00126	0.2646	0.05193249483	0.07525087776	0.1236757901
136	0.00126	0.2646	0.05132868506	0.06903109864	0.07437689654
19	0.00126	0.2646	0.0510856107	0.0677445796	0.06737742237
124	0.00126	0.2646	0.0511668968	0.0681784342	0.0685745691
84	0.00126	0.2646	0.05108157844	0.06825438783	0.06779622504
160	0.00126	0.2646	0.05103786514	0.06803259221	0.07098782014
56	0.00126	0.2646	0.05101763632	0.06771866156	0.06734660281
74	0.00126	0.2646	0.05100079522	0.06782378213	0.06955720125
69	0.00126	0.2646	0.0510226678	0.06765194006	0.06728977509
187	0.00126	0.2646	0.05124919514	0.06840379036	0.06884329252
145	0.00126	0.2646	0.05129810205	0.06849494989	0.06995569502
91	0.00126	0.2646	0.05220147992	0.07710081057	0.134577544
30	0.00126	0.2646	0.05119182845	0.06801312224	0.06761326005
143	0.00126	0.2646	0.05102372972	0.06762540439	0.06754493227
84	0.00126	0.2646	0.05099065422	0.06757563918	0.06749713996
82	0.00126	0.2646	0.05105367735	0.06769290603	0.06732780577
204	0.00126	0.2646	0.0515588314	0.07240679232	0.1048799193
179	0.00126	0.2646	0.05108837515	0.06797756062	0.06985407408
110	0.00126	0.2646	0.05127723556	0.06897768721	0.07762686225
144	0.00126	0.2646	0.05248467626	0.07927518434	0.1504657593
116	0.00126	0.2646	0.05134463083	0.06859379549	0.07223898156
154	0.00126	0.2646	0.05168235598	0.07255118889	0.1035611385
117	0.00126	0.2646	0.05110592568	0.06788003545	0.06861761225
125	0.00126	0.2646	0.05104227798	0.06776685942	0.06739328036
58	0.00126	0.2646	0.05114587924	0.06801746432	0.06761232948
81	0.00126	0.2646	0.05124536569	0.06845769593	0.06797809794
79	0.00126	0.2646	0.05118948327	0.06846789486	0.07128699865
72	0.00126	0.2646	0.05104353399	0.06786140901	0.06877299035
28	0.00126	0.2646	0.05099945363	0.06756408776	0.06720976968
107	0.00126	0.2646	0.0511897115	0.06826219568	0.068960907
45	0.00126	0.2646	0.05121167546	0.06820179282	0.0677541113
108	0.00126	0.2646	0.05111190602	0.06800140407	0.06888394179
130	0.00126	0.2646	0.05114459066	0.06810944122	0.06796626843
49	0.00126	0.2646	0.05101028318	0.06756268736	0.06720848624
30	0.00126	0.2646	0.05120482329	0.06825235223	0.06778755211
113	0.00126	0.2646	0.05101155169	0.06765254375	0.06780931954
95	0.00126	0.2646	0.05094090825	0.06747020451	0.06712178436
143	0.00126	0.2646	0.05092882447	0.06743676171	0.06709117334
117	0.00126	0.2646	0.05101914914	0.06770595286	0.06733695991
183	0.00126	0.2646	0.05122567629	0.06818856591	0.06963680623
146	0.00126	0.2646	0.05265952594	0.08063985445	0.1591305124
121	0.00126	0.2646	0.05137279532	0.06824592132	0.06805883947
99	0.00126	0.2646	0.05248290231	0.07942939462	0.1506568341
111	0.00126	0.2646	0.05118189047	0.06789511897	0.06750400045
58	0.00126	0.2646	0.05102750606	0.06780504556	0.06856465459
85	0.00126	0.2646	0.05095721958	0.06751039614	0.0671595595
112	0.00126	0.2646	0.05090203391	0.0674319971	0.06741008507
73	0.00126	0.2646	0.05090868631	0.06752083125	0.0671639959
95	0.00126	0.2646	0.05094752119	0.06765494282	0.06885768191
63	0.00126	0.2646	0.05100215841	0.06767580233	0.06818700764
110	0.00126	0.2646	0.05121911857	0.06839423651	0.06933628299
116	0.00126	0.2646	0.05119834023	0.06805446719	0.06818525059
63	0.00126	0.2646	0.05147725976	0.06925454487	0.0708793249
66	0.00126	0.2646	0.05110036045	0.06813885526	0.07196651308
111	0.00126	0.2646	0.05112961336	0.06871535009	0.07719226236
70	0.00126	0.2646	0.05119959613	0.06830119147	0.06783273697
152	0.00126	0.2646	0.05099525684	0.06768487573	0.06808900404
60	0.00126	0.2646	0.05116446361	0.07064338892	0.09183406325
66	0.00126	0.2646	0.05096560792	0.06770314185	0.06808888978
122	0.00126	0.2646	0.0509417166	0.06752365399	0.06764116559
16	0.00126	0.2646	0.05101260308	0.06757883908	0.06722332615
152	0.00126	0.2646	0.0513260766	0.06873336251	0.07081102779
160	0.00126	0.2646	0.05135111842	0.06855678894	0.06807619355
14	0.00126	0.2646	0.05106676505	0.06769072862	0.06732711403
198	0.00126	0.2646	0.05104230032	0.06791235322	0.06995949412
207	0.00126	0.2646	0.05143138596	0.06979897113	0.07976610653
165	0.00126	0.2646	0.05163648546	0.07264041151	0.1056499162
113	0.00126	0.2646	0.05110878105	0.06822005588	0.0700459092
151	0.00126	0.2646	0.05100095271	0.06762893244	0.06751808016
103	0.00126	0.2646	0.05093995496	0.06745398436	0.06710602051
39	0.00126	0.2646	0.05097988298	0.0675499425	0.0675039644
108	0.00126	0.2646	0.05124714318	0.06863765141	0.06997487026
103	0.00126	0.2646	0.0514843141	0.0760209623	0.1313820622
96	0.00126	0.2646	0.05097172494	0.06761322408	0.06724919036
120	0.00126	0.2646	0.05095463025	0.06757340794	0.06803973689
70	0.00126	0.2646	0.05102840652	0.06766723883	0.06730454995
53	0.00126	0.2646	0.05129318111	0.06894461869	0.06838677991
115	0.00126	0.2646	0.05112384102	0.06843950115	0.07445969363
43	0.00126	0.2646	0.05113906263	0.06801611996	0.06760615149
48	0.00126	0.2646	0.05096571277	0.06748424323	0.0671338028
73	0.00126	0.2646	0.05096076801	0.06752374225	0.06717108594
82	0.00126	0.2646	0.05105047897	0.06766234507	0.06729954413
63	0.00126	0.2646	0.05131041989	0.06949132076	0.07638465984
44	0.00126	0.2646	0.05100378626	0.06758759967	0.06723201892
121	0.00126	0.2646	0.05099489234	0.0676629432	0.06799900756
34	0.00126	0.2646	0.05102266224	0.06774691183	0.06736900942
115	0.00126	0.2646	0.05204940406	0.07939797789	0.1533064544
87	0.00126	0.2646	0.05121594008	0.06812267806	0.06771175014
91	0.00126	0.2646	0.05219425304	0.07632014104	0.1269178277
85	0.00126	0.2646	0.0513151066	0.06843525096	0.06827186887
24	0.00126	0.2646	0.05117003948	0.06884606613	0.0778534925
23	0.00126	0.2646	0.05111824295	0.06782974053	0.06745509045
119	0.00126	0.2646	0.05189550298	0.07486550622	0.1215386814
123	0.00126	0.2646	0.05113821481	0.06797253869	0.06817114106
122	0.00126	0.2646	0.05122522877	0.06875256179	0.06984251414
107	0.00126	0.2646	0.05102877728	0.0676238151	0.0672649386
154	0.00126	0.2646	0.05116892691	0.0684160106	0.06793111066
48	0.00126	0.2646	0.05116976274	0.06843250907	0.07372330579
102	0.00126	0.2646	0.05168773018	0.06985898304	0.0691926007
146	0.00126	0.2646	0.05263738761	0.08037805206	0.1579200245
156	0.00126	0.2646	0.05129806873	0.06853776766	0.07028354996
102	0.00126	0.2646	0.05108568921	0.06792449058	0.06943745757
127	0.00126	0.2646	0.05138666675	0.07000313901	0.08416305016
92	0.00126	0.2646	0.05158483044	0.07181277085	0.1004459847
86	0.00126	0.2646	0.05106297154	0.06765730217	0.06729522134
137	0.00126	0.2646	0.05108209519	0.06789484771	0.0681193175
86	0.00126	0.2646	0.05100921065	0.06767007439	0.06756476122
99	0.00126	0.2646	0.05098297558	0.06754963239	0.06719619511
124	0.00126	0.2646	0.05116088712	0.06815814582	0.06835363432
135	0.00126	0.2646	0.05137301906	0.06882347443	0.06890625414
109	0.00126	0.2646	0.05107211681	0.06768064536	0.0673163245
182	0.00126	0.2646	0.05113823522	0.06817228332	0.06932082434
147	0.00126	0.2646	0.05110908302	0.06800416207	0.06976511836
88	0.00126	0.2646	0.05133816837	0.06871328585	0.06821458402
27	0.00126	0.2646	0.05111666901	0.06776933744	0.06740042289
131	0.00126	0.2646	0.05125256981	0.06849383676	0.06801098886
74	0.00126	0.2646	0.05122884323	0.06925795071	0.07980130275
109	0.00126	0.2646	0.05103622435	0.06777314134	0.06814719678
101	0.00126	0.2646	0.05112916475	0.06799672183	0.06923854901
115	0.00126	0.2646	0.05178732875	0.0725733325	0.1013527921
76	0.00126	0.2646	0.05115730798	0.06794157404	0.06754967805
125	0.00126	0.2646	0.05106940063	0.06781081612	0.06743004882
69	0.00126	0.2646	0.05108350111	0.06793711524	0.06964031475
170	0.00126	0.2646	0.05169562961	0.07331742771	0.1109238876
89	0.00126	0.2646	0.05144907502	0.06874552509	0.0682309071
112	0.00126	0.2646	0.05325891433	0.08729190966	0.213686865
99	0.00126	0.2646	0.051393748	0.06888526516	0.0722964074
128	0.00126	0.2646	0.05132379348	0.07019102227	0.08841797115
102	0.00126	0.2646	0.051074483	0.06780796165	0.06743278597
91	0.00126	0.2646	0.05107909833	0.06782098523	0.0674471162
45	0.00126	0.2646	0.05101090834	0.06766385956	0.06794312766
107	0.00126	0.2646	0.05101048242	0.0679776726	0.07106759595
79	0.00126	0.2646	0.05098104356	0.06757647972	0.06746193647
112	0.00126	0.2646	0.05112974171	0.0682362781	0.0704413836
193	0.00126	0.2646	0.05291328647	0.08308101695	0.1759232001
23	0.00126	0.2646	0.05141263125	0.06878729269	0.06826425466
134	0.00126	0.2646	0.05102063626	0.06764346441	0.06782903277
84	0.00126	0.2646	0.05105396014	0.06773722468	0.06737070217
129	0.00126	0.2646	0.05153016239	0.07223822203	0.1031982411
58	0.00126	0.2646	0.05109540183	0.06777181715	0.06768260107
24	0.00126	0.2646	0.05122898396	0.06837463882	0.06838690871
94	0.00126	0.2646	0.05108698424	0.06783556935	0.06745772988
206	0.00126	0.2646	0.05113616512	0.06805279451	0.06762202421
106	0.00126	0.2646	0.05126743495	0.06841165063	0.06792967308
25	0.00126	0.2646	0.05118401008	0.0682869023	0.06782154679
169	0.00126	0.2646	0.05099192477	0.06762263318	0.06781254366
50	0.00126	0.2646	0.05091745216	0.06741961552	0.06707477647
124	0.00126	0.2646	0.05094962889	0.06765260573	0.06728199342
102	0.00126	0.2646	0.05105032547	0.06785165744	0.06808750799
67	0.00126	0.2646	0.05115359291	0.0683207306	0.07080666803
126	0.00126	0.2646	0.05125788198	0.06850880585	0.06868044675
103	0.00126	0.2646	0.05154823481	0.07220476387	0.1033246192
162	0.00126	0.2646	0.05105360677	0.06773656427	0.06762858346
165	0.00126	0.2646	0.05097526227	0.06753825379	0.06718391993
112	0.00126	0.2646	0.05097227975	0.06756823905	0.06721406437
56	0.00126	0.2646	0.05102288767	0.06784977979	0.06925536265
105	0.00126	0.2646	0.0510326464	0.06789577637	0.06820759616
151	0.00126	0.2646	0.05127205861	0.0733285164	0.1147967057
105	0.00126	0.2646	0.051000503	0.06781139544	0.06894915418
55	0.00126	0.2646	0.05106061077	0.06788992658	0.06749108502
139	0.00126	0.2646	0.05103202231	0.06788863713	0.06983013381
88	0.00126	0.2646	0.05109853234	0.06805023987	0.0690950968
123	0.00126	0.2646	0.05099942823	0.06792772484	0.06829529928
51	0.00126	0.2646	0.05091929264	0.06741801103	0.06707299817
143	0.00126	0.2646	0.05102136721	0.06812154188	0.07257159512
80	0.00126	0.2646	0.05101486668	0.067658289	0.06759783169
43	0.00126	0.2646	0.05123795517	0.06846661633	0.06798727109
117	0.00126	0.2646	0.05121186899	0.06817768446	0.06855903518
26	0.00126	0.2646	0.05136136088	0.06859422425	0.06811815165
133	0.00126	0.2646	0.05113227527	0.06794954428	0.06754549258
112	0.00126	0.2646	0.05100915674	0.06772175064	0.06848937838
87	0.00126	0.2646	0.05102093471	0.0677334683	0.06822590378
85	0.00126	0.2646	0.05097559032	0.06788004191	0.06810036265
149	0.00126	0.2646	0.05095575231	0.06770409157	0.06916650907
68	0.00126	0.2646	0.05095802342	0.06758381402	0.06802902367
138	0.00126	0.2646	0.05115059016	0.06793043061	0.06785481519
65	0.00126	0.2646	0.05285055844	0.08309754156	0.1787386177
111	0.00126	0.2646	0.05139994694	0.06851343954	0.0689419021
121	0.00126	0.2646	0.0515938303	0.06932957363	0.06928513552
61	0.00126	0.2646	0.05110269685	0.06768392101	0.0673201529
80	0.00126	0.2646	0.05107595593	0.0681221839	0.07191271967
131	0.00126	0.2646	0.05114710742	0.06809981251	0.06797475346
80	0.00126	0.2646	0.05103971182	0.06772393693	0.06735582959
120	0.00126	0.2646	0.05096428354	0.0675139601	0.06748497887
95	0.00126	0.2646	0.05102085754	0.06771247765	0.0678560063
84	0.00126	0.2646	0.05114613851	0.06830148225	0.0724818034
47	0.00126	0.2646	0.05158282918	0.06978032894	0.06935051556
235	0.00126	0.2646	0.05134456223	0.06811105537	0.0677094643
131	0.00126	0.2646	0.05289623953	0.08042618472	0.1487513192
182	0.00126	0.2646	0.05131031533	0.06814488599	0.06826243446
56	0.00126	0.2646	0.05115971351	0.06808455927	0.0676582908
75	0.00126	0.2646	0.05105159434	0.0678708869	0.06952163706
125	0.00126	0.2646	0.05107583725	0.06785462963	0.06746679621
99	0.00126	0.2646	0.05103307145	0.0676359861	0.06727539279
145	0.00126	0.2646	0.05143281653	0.07035620183	0.08899137615
124	0.00126	0.2646	0.05129711161	0.06819771954	0.06778811685
137	0.00126	0.2646	0.05216655047	0.07667007853	0.1323496647
106	0.00126	0.2646	0.0515320567	0.0686550622	0.06818917317
196	0.00126	0.2646	0.05471055524	0.1002473092	0.2985902933
73	0.00126	0.2646	0.05170884561	0.06978984241	0.0732873813
58	0.00126	0.2646	0.05107450275	0.06767954435	0.06731532242
124	0.00126	0.2646	0.0509813968	0.06760172772	0.0677352771
114	0.00126	0.2646	0.0510752904	0.06770902239	0.06734363351
55	0.00126	0.2646	0.05151902021	0.06930308724	0.06977713327
140	0.00126	0.2646	0.05148387295	0.06857254506	0.06811807833
106	0.00126	0.2646	0.05189150708	0.0725424582	0.09731075162
134	0.00126	0.2646	0.05127782691	0.06838207628	0.06919420376
228	0.00126	0.2646	0.05115392441	0.06801748437	0.0692547796
151	0.00126	0.2646	0.0520849472	0.07545963229	0.1172905832
86	0.00126	0.2646	0.05190876014	0.07367619671	0.1088887773
78	0.00126	0.2646	0.05117140723	0.06823706094	0.07041067558
61	0.00126	0.2646	0.05099420877	0.06755502908	0.06719930068
101	0.00126	0.2646	0.05118159507	0.06789236557	0.06749795789
116	0.00126	0.2646	0.05288185185	0.08229655316	0.1710874526
118	0.00126	0.2646	0.05126096293	0.06847898431	0.07063404153
88	0.00126	0.2646	0.05119703141	0.06813325289	0.06865592851
95	0.00126	0.2646	0.05111049088	0.0680775867	0.06942380271
67	0.00126	0.2646	0.05100648327	0.06759207693	0.06749512223
36	0.00126	0.2646	0.05118314445	0.06808917751	0.06767953118
120	0.00126	0.2646	0.05207289584	0.07537435561	0.1210284821
61	0.00126	0.2646	0.05168340833	0.0727067396	0.1050599799
120	0.00126	0.2646	0.0511357255	0.06812655589	0.0676878433
112	0.00126	0.2646	0.05102433813	0.06774781482	0.06884775084
75	0.00126	0.2646	0.0513293653	0.06883721655	0.07040484657
16	0.00126	0.2646	0.05107052029	0.06772179703	0.06735394998
129	0.00126	0.2646	0.05129561855	0.06863778193	0.06877078393
132	0.00126	0.2646	0.05149498865	0.07135731985	0.09601195641
125	0.00126	0.2646	0.05114377061	0.06813619997	0.06952281487
149	0.00126	0.2646	0.05103993076	0.06778565542	0.06894883666
111	0.00126	0.2646	0.05112515895	0.06814710656	0.06959823662
140	0.00126	0.2646	0.05106791101	0.06788157443	0.06749261442
123	0.00126	0.2646	0.05096326071	0.06757024872	0.06721507749
129	0.00126	0.2646	0.05093946553	0.06864310366	0.0829961548
33	0.00126	0.2646	0.05105297761	0.06806549984	0.06762921855
124	0.00126	0.2646	0.05130969792	0.06886924963	0.07059367531
44	0.00126	0.2646	0.05105284936	0.06768364066	0.06731847833
156	0.00126	0.2646	0.05104709049	0.06785889392	0.06860323594
154	0.00126	0.2646	0.0510919892	0.06815548416	0.07181331355
37	0.00126	0.2646	0.05115145737	0.06817092584	0.06929369364
104	0.00126	0.2646	0.05116494835	0.06806232406	0.06791763913
72	0.00126	0.2646	0.05141783306	0.07035132609	0.08494705693
63	0.00126	0.2646	0.05107863576	0.06829750289	0.07370710628
119	0.00126	0.2646	0.0510187747	0.06774163873	0.06736091439
77	0.00126	0.2646	0.05208924262	0.0798558974	0.1572040998
109	0.00126	0.2646	0.05127226692	0.06962927783	0.08250243485
77	0.00126	0.2646	0.05106305971	0.06782832706	0.06744025931
27	0.00126	0.2646	0.05094108883	0.0674419744	0.06709554929
112	0.00126	0.2646	0.0509910978	0.06754597974	0.0671938108
145	0.00126	0.2646	0.05126349103	0.06830982224	0.06842828127
150	0.00126	0.2646	0.05211613559	0.07524077672	0.1203992446
200	0.00126	0.2646	0.05282615674	0.08285986917	0.1770457887
85	0.00126	0.2646	0.05120982828	0.06813906642	0.06772639972
115	0.00126	0.2646	0.05095873811	0.06758491925	0.06811245751
68	0.00126	0.2646	0.05102752251	0.06798330859	0.06755326401
114	0.00126	0.2646	0.05105301652	0.06787933419	0.06749734122
53	0.00126	0.2646	0.05095760741	0.06749044921	0.0671407133
88	0.00126	0.2646	0.05094535873	0.06747790703	0.06712883114
93	0.00126	0.2646	0.05101058813	0.06781250511	0.06798129683
105	0.00126	0.2646	0.05116987184	0.06792687844	0.06778455513
61	0.00126	0.2646	0.0520493623	0.07604147397	0.1279951477
135	0.00126	0.2646	0.05131549848	0.06887978546	0.07163477443
75	0.00126	0.2646	0.05109957275	0.06798177474	0.06818760332
79	0.00126	0.2646	0.05093406681	0.0674576857	0.06710967862
68	0.00126	0.2646	0.05093160412	0.06746443564	0.06711679158
1
