155	0.00126	0.2646	0.0741254	0.117772	0.289209
60	0.00126	0.2646	0.0724108	0.106418	0.222465
101	0.00126	0.2646	0.0719749	0.105828	0.228791
107	0.00126	0.2646	0.0731212	0.107631	0.214312
91	0.00126	0.2646	0.0733543	0.109205	0.228253
145	0.00126	0.2646	0.0740806	0.120894	0.323925
18	0.00126	0.2646	0.069951	0.0876441	0.0850524
25	0.00126	0.2646	0.0705071	0.0918652	0.117334
167	0.00126	0.2646	0.0761232	0.137002	0.446325
64	0.00126	0.2646	0.075343	0.123356	0.32656
70	0.00126	0.2646	0.0713737	0.104113	0.217709
118	0.00126	0.2646	0.0714232	0.103136	0.203825
82	0.00126	0.2646	0.0695186	0.0866866	0.0863515
137	0.00126	0.2646	0.0725214	0.108781	0.242191
128	0.00126	0.2646	0.0739234	0.1168	0.288292
77	0.00126	0.2646	0.0725807	0.108414	0.237432
85	0.00126	0.2646	0.0721439	0.109117	0.251857
68	0.00126	0.2646	0.0701103	0.0908761	0.116735
50	0.00126	0.2646	0.0724364	0.107614	0.224407
18	0.00126	0.2646	0.0705897	0.0914936	0.108365
78	0.00126	0.2646	0.0710559	0.095751	0.146423
84	0.00126	0.2646	0.070955	0.0935084	0.119716
100	0.00126	0.2646	0.0727163	0.112894	0.279769
65	0.00126	0.2646	0.0713666	0.0947184	0.120767
32	0.00126	0.2646	0.07054	0.0921368	0.114752
76	0.00126	0.2646	0.0705582	0.0945342	0.143241
200	0.00126	0.2646	0.0731318	0.112426	0.257337
115	0.00126	0.2646	0.0736452	0.117872	0.303287
49	0.00126	0.2646	0.071089	0.0942822	0.135732
162	0.00126	0.2646	0.0761646	0.138542	0.452143
164	0.00126	0.2646	0.0734714	0.109847	0.238226
157	0.00126	0.2646	0.0778268	0.140167	0.435988
101	0.00126	0.2646	0.0742013	0.109284	0.216225
190	0.00126	0.2646	0.0752347	0.124785	0.348362
130	0.00126	0.2646	0.0739138	0.117585	0.301503
132	0.00126	0.2646	0.0722796	0.105184	0.210427
120	0.00126	0.2646	0.0738492	0.119803	0.324317
150	0.00126	0.2646	0.075039	0.131375	0.398011
33	0.00126	0.2646	0.0698276	0.0868103	0.084618
114	0.00126	0.2646	0.072997	0.112195	0.262032
127	0.00126	0.2646	0.0737111	0.110005	0.236805
175	0.00126	0.2646	0.0791082	0.149996	0.510165
176	0.00126	0.2646	0.077467	0.135773	0.412425
90	0.00126	0.2646	0.0740612	0.108882	0.21313
96	0.00126	0.2646	0.0734419	0.112758	0.256841
112	0.00126	0.2646	0.0696222	0.0896972	0.117304
81	0.00126	0.2646	0.0697794	0.0902961	0.109589
88	0.00126	0.2646	0.0704194	0.0956678	0.148829
120	0.00126	0.2646	0.0694835	0.0891803	0.115556
146	0.00126	0.2646	0.0720971	0.102123	0.178111
112	0.00126	0.2646	0.0750882	0.118111	0.279818
121	0.00126	0.2646	0.0737997	0.112201	0.251458
88	0.00126	0.2646	0.072901	0.10599	0.206447
109	0.00126	0.2646	0.0735213	0.113194	0.269433
100	0.00126	0.2646	0.0745157	0.12547	0.363636
24	0.00126	0.2646	0.0697618	0.0867161	0.0842932
91	0.00126	0.2646	0.0723233	0.109654	0.254813
139	0.00126	0.2646	0.0735254	0.114104	0.269019
70	0.00126	0.2646	0.0717115	0.0959806	0.137681
130	0.00126	0.2646	0.076781	0.137489	0.436356
175	0.00126	0.2646	0.0760528	0.133372	0.410208
19	0.00126	0.2646	0.0715806	0.0944269	0.11927
125	0.00126	0.2646	0.0722765	0.105861	0.221939
94	0.00126	0.2646	0.07404	0.117527	0.289068
57	0.00126	0.2646	0.0710599	0.0942066	0.130041
118	0.00126	0.2646	0.0734498	0.115343	0.282182
87	0.00126	0.2646	0.0714846	0.0997465	0.174154
118	0.00126	0.2646	0.0720531	0.104767	0.213369
65	0.00126	0.2646	0.0736312	0.11499	0.280005
108	0.00126	0.2646	0.074177	0.116589	0.284939
74	0.00126	0.2646	0.070628	0.0906145	0.0994431
124	0.00126	0.2646	0.0737745	0.120295	0.327777
122	0.00126	0.2646	0.0719757	0.103384	0.202242
70	0.00126	0.2646	0.0730094	0.110477	0.245224
70	0.00126	0.2646	0.0714957	0.0986452	0.170181
155	0.00126	0.2646	0.0760504	0.137607	0.446626
111	0.00126	0.2646	0.0712964	0.099448	0.176275
32	0.00126	0.2646	0.0692048	0.0865777	0.0922154
99	0.00126	0.2646	0.0713111	0.102616	0.202174
52	0.00126	0.2646	0.0706956	0.0944809	0.134333
206	0.00126	0.2646	0.0751702	0.123312	0.329973
138	0.00126	0.2646	0.0740161	0.118607	0.303663
51	0.00126	0.2646	0.0700503	0.0874576	0.0890781
130	0.00126	0.2646	0.0738705	0.115051	0.272314
157	0.00126	0.2646	0.0749309	0.12092	0.306922
49	0.00126	0.2646	0.07214	0.0998382	0.159619
62	0.00126	0.2646	0.0712824	0.0966225	0.144997
78	0.00126	0.2646	0.0717111	0.107646	0.244571
28	0.00126	0.2646	0.0696847	0.0864385	0.0842012
131	0.00126	0.2646	0.0755016	0.130614	0.392931
202	0.00126	0.2646	0.0772878	0.140315	0.452109
133	0.00126	0.2646	0.0747286	0.12239	0.329761
73	0.00126	0.2646	0.0720388	0.100251	0.177037
156	0.00126	0.2646	0.0773657	0.138699	0.435513
212	0.00126	0.2646	0.0783136	0.147676	0.505095
148	0.00126	0.2646	0.0714877	0.0968841	0.152664
61	0.00126	0.2646	0.0710291	0.0980696	0.166698
127	0.00126	0.2646	0.0714292	0.104302	0.219414
50	0.00126	0.2646	0.0704521	0.0914826	0.114054
120	0.00126	0.2646	0.0743829	0.116343	0.275535
142	0.00126	0.2646	0.0740082	0.118674	0.308413
72	0.00126	0.2646	0.0708094	0.0952318	0.148802
86	0.00126	0.2646	0.0732751	0.110164	0.238177
167	0.00126	0.2646	0.075602	0.130002	0.385427
94	0.00126	0.2646	0.0728767	0.105416	0.207646
189	0.00126	0.2646	0.0746531	0.120214	0.308878
134	0.00126	0.2646	0.0745147	0.121934	0.333263
100	0.00126	0.2646	0.0739885	0.119611	0.319465
35	0.00126	0.2646	0.0723613	0.0990994	0.148189
195	0.00126	0.2646	0.0767225	0.138655	0.445581
35	0.00126	0.2646	0.0693114	0.0877549	0.10169
138	0.00126	0.2646	0.0710116	0.0990871	0.17411
112	0.00126	0.2646	0.0726364	0.110873	0.26107
79	0.00126	0.2646	0.0720728	0.0993818	0.155978
142	0.00126	0.2646	0.0742772	0.118403	0.29737
62	0.00126	0.2646	0.0727986	0.108411	0.23599
56	0.00126	0.2646	0.071286	0.0972379	0.147457
81	0.00126	0.2646	0.0701485	0.0896379	0.105811
167	0.00126	0.2646	0.0755228	0.134758	0.430969
52	0.00126	0.2646	0.0705277	0.0912133	0.108626
67	0.00126	0.2646	0.0703786	0.0922709	0.130789
203	0.00126	0.2646	0.0744627	0.122148	0.326721
72	0.00126	0.2646	0.0720295	0.0971192	0.138028
161	0.00126	0.2646	0.0757149	0.131329	0.399144
107	0.00126	0.2646	0.0744898	0.124708	0.358563
15	0.00126	0.2646	0.0703145	0.0881448	0.0854502
161	0.00126	0.2646	0.0738693	0.121622	0.337461
65	0.00126	0.2646	0.0718612	0.102199	0.192264
112	0.00126	0.2646	0.0731948	0.111227	0.246421
76	0.00126	0.2646	0.0728382	0.109624	0.238982
52	0.00126	0.2646	0.0708911	0.0920368	0.115843
161	0.00126	0.2646	0.0765016	0.131647	0.380942
170	0.00126	0.2646	0.0767502	0.135112	0.420893
92	0.00126	0.2646	0.0739329	0.111102	0.234497
50	0.00126	0.2646	0.0709801	0.0901836	0.0940601
214	0.00126	0.2646	0.075862	0.137753	0.453948
56	0.00126	0.2646	0.0715113	0.0965437	0.139248
85	0.00126	0.2646	0.0714102	0.102323	0.199547
87	0.00126	0.2646	0.0717959	0.106711	0.237979
90	0.00126	0.2646	0.0720741	0.106063	0.221555
50	0.00126	0.2646	0.0705285	0.0916325	0.114313
63	0.00126	0.2646	0.0714218	0.0935285	0.112293
119	0.00126	0.2646	0.0731465	0.108145	0.218448
112	0.00126	0.2646	0.0719196	0.0979749	0.150639
132	0.00126	0.2646	0.0729168	0.110492	0.249009
66	0.00126	0.2646	0.0715131	0.0994108	0.169977
145	0.00126	0.2646	0.0727673	0.112314	0.269059
62	0.00126	0.2646	0.0703971	0.0925863	0.122941
16	0.00126	0.2646	0.069175	0.0857633	0.0834968
82	0.00126	0.2646	0.0713752	0.103557	0.2124
198	0.00126	0.2646	0.0765348	0.13484	0.412572
31	0.00126	0.2646	0.0717286	0.0964434	0.142154
142	0.00126	0.2646	0.0720035	0.106885	0.234005
14	0.00126	0.2646	0.0702021	0.0880964	0.0854324
102	0.00126	0.2646	0.0726281	0.109518	0.241397
32	0.00126	0.2646	0.0706586	0.0916866	0.116644
80	0.00126	0.2646	0.0739196	0.114145	0.265293
132	0.00126	0.2646	0.076889	0.137096	0.429087
141	0.00126	0.2646	0.0737808	0.112689	0.260744
75	0.00126	0.2646	0.0737373	0.109215	0.222646
109	0.00126	0.2646	0.0750483	0.118741	0.286386
174	0.00126	0.2646	0.0758248	0.132192	0.407607
62	0.00126	0.2646	0.0718067	0.0989978	0.164902
124	0.00126	0.2646	0.0740455	0.123424	0.351647
30	0.00126	0.2646	0.0703006	0.0897551	0.104679
88	0.00126	0.2646	0.0741069	0.118197	0.3017
147	0.00126	0.2646	0.0739987	0.11594	0.281704
57	0.00126	0.2646	0.071797	0.0978695	0.151575
117	0.00126	0.2646	0.0737982	0.11541	0.278726
157	0.00126	0.2646	0.0744595	0.1196	0.31226
126	0.00126	0.2646	0.0730656	0.113459	0.274036
38	0.00126	0.2646	0.0706975	0.0922496	0.116437
52	0.00126	0.2646	0.071735	0.100619	0.17302
59	0.00126	0.2646	0.0717508	0.104081	0.206285
45	0.00126	0.2646	0.0696717	0.0893194	0.112926
66	0.00126	0.2646	0.0719891	0.0992867	0.149346
142	0.00126	0.2646	0.0735041	0.116053	0.287307
95	0.00126	0.2646	0.0696605	0.0894263	0.116671
160	0.00126	0.2646	0.0723017	0.111596	0.267843
100	0.00126	0.2646	0.0717835	0.10236	0.19235
81	0.00126	0.2646	0.0713375	0.0990217	0.168652
77	0.00126	0.2646	0.0711687	0.0994772	0.18029
179	0.00126	0.2646	0.0736442	0.117198	0.298541
81	0.00126	0.2646	0.0721549	0.104356	0.204394
81	0.00126	0.2646	0.0714655	0.0999514	0.180633
140	0.00126	0.2646	0.0744855	0.124327	0.357438
150	0.00126	0.2646	0.0742594	0.121779	0.328647
15	0.00126	0.2646	0.0694462	0.0864873	0.0844574
61	0.00126	0.2646	0.0693168	0.0879197	0.10245
146	0.00126	0.2646	0.0731413	0.116376	0.295859
15	0.00126	0.2646	0.0704308	0.0896412	0.0927277
69	0.00126	0.2646	0.07115	0.100124	0.182069
110	0.00126	0.2646	0.0744654	0.121011	0.319377
106	0.00126	0.2646	0.0738337	0.114002	0.261308
32	0.00126	0.2646	0.0708832	0.092576	0.11734
27	0.00126	0.2646	0.0710533	0.0921234	0.105574
126	0.00126	0.2646	0.0740742	0.121078	0.326268
85	0.00126	0.2646	0.0716307	0.10145	0.187576
106	0.00126	0.2646	0.0724943	0.113316	0.286379
95	0.00126	0.2646	0.0718482	0.100455	0.166953
146	0.00126	0.2646	0.0733601	0.116285	0.296265
85	0.00126	0.2646	0.0702587	0.0898128	0.106464
145	0.00126	0.2646	0.0745675	0.121947	0.324361
93	0.00126	0.2646	0.0720719	0.101654	0.183421
98	0.00126	0.2646	0.0726195	0.105611	0.211709
129	0.00126	0.2646	0.0751097	0.124249	0.333941
141	0.00126	0.2646	0.0720882	0.101189	0.178354
106	0.00126	0.2646	0.0731772	0.114847	0.283676
51	0.00126	0.2646	0.0710074	0.095421	0.144863
111	0.00126	0.2646	0.072808	0.107496	0.216939
21	0.00126	0.2646	0.0696189	0.0870431	0.0845483
77	0.00126	0.2646	0.0715081	0.104538	0.219399
111	0.00126	0.2646	0.0722244	0.104047	0.195767
63	0.00126	0.2646	0.0711949	0.0981782	0.170717
110	0.00126	0.2646	0.0730826	0.110867	0.249838
78	0.00126	0.2646	0.0732767	0.11254	0.262298
213	0.00126	0.2646	0.0730685	0.11461	0.285964
39	0.00126	0.2646	0.0704157	0.0951129	0.151157
78	0.00126	0.2646	0.0704461	0.0930097	0.125505
123	0.00126	0.2646	0.0714847	0.103609	0.207819
91	0.00126	0.2646	0.073428	0.113888	0.270655
158	0.00126	0.2646	0.0746941	0.122551	0.328256
94	0.00126	0.2646	0.0725437	0.107954	0.239795
60	0.00126	0.2646	0.0711684	0.0954549	0.136927
92	0.00126	0.2646	0.0709262	0.0962759	0.145162
83	0.00126	0.2646	0.0700134	0.0935877	0.146129
60	0.00126	0.2646	0.0702709	0.0903366	0.101458
126	0.00126	0.2646	0.0725604	0.111364	0.264946
112	0.00126	0.2646	0.073956	0.11964	0.319822
98	0.00126	0.2646	0.0729865	0.110994	0.257285
213	0.00126	0.2646	0.0753082	0.130208	0.395824
112	0.00126	0.2646	0.0753022	0.123499	0.323633
54	0.00126	0.2646	0.0716471	0.0933315	0.114264
128	0.00126	0.2646	0.0762533	0.133579	0.402194
83	0.00126	0.2646	0.0716445	0.0998477	0.179341
50	0.00126	0.2646	0.0714207	0.0975298	0.146682
143	0.00126	0.2646	0.0721063	0.107387	0.235263
41	0.00126	0.2646	0.0693353	0.0860423	0.0841519
63	0.00126	0.2646	0.0708744	0.0972702	0.156695
91	0.00126	0.2646	0.071262	0.0988083	0.171344
103	0.00126	0.2646	0.0719051	0.102737	0.191997
152	0.00126	0.2646	0.0737236	0.11639	0.292135
86	0.00126	0.2646	0.0728925	0.105092	0.20755
198	0.00126	0.2646	0.0786955	0.149869	0.515021
114	0.00126	0.2646	0.0751502	0.120009	0.301251
111	0.00126	0.2646	0.0741335	0.11704	0.29631
149	0.00126	0.2646	0.0743065	0.118739	0.298785
48	0.00126	0.2646	0.0719332	0.103128	0.199362
97	0.00126	0.2646	0.0711227	0.10019	0.183161
68	0.00126	0.2646	0.0699564	0.0909623	0.119174
126	0.00126	0.2646	0.0747302	0.123938	0.34519
93	0.00126	0.2646	0.0726346	0.107665	0.230751
94	0.00126	0.2646	0.0714413	0.0975633	0.155268
69	0.00126	0.2646	0.0733524	0.111419	0.253201
199	0.00126	0.2646	0.0755031	0.125521	0.343583
129	0.00126	0.2646	0.0745732	0.116547	0.27982
80	0.00126	0.2646	0.0749076	0.117263	0.283632
187	0.00126	0.2646	0.0781957	0.144445	0.475017
109	0.00126	0.2646	0.075335	0.123453	0.33265
145	0.00126	0.2646	0.073108	0.109833	0.247509
49	0.00126	0.2646	0.0709751	0.0937489	0.121149
103	0.00126	0.2646	0.073402	0.114159	0.274505
146	0.00126	0.2646	0.0730636	0.109256	0.234752
78	0.00126	0.2646	0.0715486	0.0971761	0.146945
165	0.00126	0.2646	0.0738813	0.117021	0.294953
154	0.00126	0.2646	0.0771071	0.134368	0.391499
91	0.00126	0.2646	0.0742895	0.113815	0.262153
95	0.00126	0.2646	0.0742946	0.116725	0.283309
108	0.00126	0.2646	0.0723531	0.105621	0.213301
25	0.00126	0.2646	0.0699777	0.0902467	0.114858
179	0.00126	0.2646	0.0730593	0.117518	0.310936
43	0.00126	0.2646	0.0706241	0.0909886	0.113727
163	0.00126	0.2646	0.0776545	0.145306	0.484276
86	0.00126	0.2646	0.0713418	0.0967789	0.152435
100	0.00126	0.2646	0.0713811	0.101565	0.196206
113	0.00126	0.2646	0.074639	0.123331	0.340065
104	0.00126	0.2646	0.0722795	0.105182	0.212922
79	0.00126	0.2646	0.0706166	0.094741	0.140906
69	0.00126	0.2646	0.0705974	0.0974108	0.164713
89	0.00126	0.2646	0.070597	0.0978767	0.17414
134	0.00126	0.2646	0.0713325	0.104143	0.211059
27	0.00126	0.2646	0.0693055	0.08675	0.0972763
96	0.00126	0.2646	0.0733682	0.110899	0.234208
104	0.00126	0.2646	0.0713421	0.101564	0.196953
64	0.00126	0.2646	0.0705891	0.0965778	0.161692
42	0.00126	0.2646	0.0711709	0.093899	0.114516
75	0.00126	0.2646	0.0713448	0.0977813	0.159679
138	0.00126	0.2646	0.0733909	0.118762	0.316675
43	0.00126	0.2646	0.069661	0.0887398	0.101983
55	0.00126	0.2646	0.0703244	0.0944842	0.140747
133	0.00126	0.2646	0.0727825	0.112687	0.269973
65	0.00126	0.2646	0.0713641	0.10019	0.186156
122	0.00126	0.2646	0.0741289	0.117161	0.283764
62	0.00126	0.2646	0.070732	0.0945807	0.14226
104	0.00126	0.2646	0.0711114	0.0964621	0.153318
139	0.00126	0.2646	0.0760967	0.136884	0.440985
50	0.00126	0.2646	0.0705524	0.088808	0.0880991
168	0.00126	0.2646	0.0713034	0.10079	0.184483
57	0.00126	0.2646	0.0702337	0.0940425	0.144963
76	0.00126	0.2646	0.0721015	0.107614	0.237739
41	0.00126	0.2646	0.0720424	0.100537	0.169587
108	0.00126	0.2646	0.0724048	0.106306	0.22487
69	0.00126	0.2646	0.0747324	0.117796	0.283411
144	0.00126	0.2646	0.0740577	0.116406	0.291402
115	0.00126	0.2646	0.0737912	0.113412	0.26032
77	0.00126	0.2646	0.0719542	0.101779	0.187876
100	0.00126	0.2646	0.0723433	0.106411	0.221326
102	0.00126	0.2646	0.0717457	0.100392	0.179284
169	0.00126	0.2646	0.0759608	0.135881	0.436174
108	0.00126	0.2646	0.0741679	0.117315	0.293224
112	0.00126	0.2646	0.0728168	0.11314	0.275202
17	0.00126	0.2646	0.0697395	0.0864983	0.0841098
181	0.00126	0.2646	0.0745617	0.123687	0.343029
71	0.00126	0.2646	0.0725763	0.104228	0.200911
149	0.00126	0.2646	0.0741841	0.116998	0.282235
105	0.00126	0.2646	0.0725186	0.107912	0.235107
142	0.00126	0.2646	0.0724177	0.109117	0.241239
44	0.00126	0.2646	0.0693584	0.0867133	0.0911669
63	0.00126	0.2646	0.0703432	0.0926841	0.126892
136	0.00126	0.2646	0.0727389	0.109922	0.244505
103	0.00126	0.2646	0.0732565	0.117975	0.310068
81	0.00126	0.2646	0.0695474	0.0863973	0.0856327
144	0.00126	0.2646	0.0721379	0.103507	0.191591
58	0.00126	0.2646	0.0718183	0.0979421	0.149732
175	0.00126	0.2646	0.0739905	0.122125	0.339833
15	0.00126	0.2646	0.0703772	0.0912702	0.11624
153	0.00126	0.2646	0.073452	0.115401	0.284619
141	0.00126	0.2646	0.073736	0.118701	0.314474
130	0.00126	0.2646	0.0725009	0.105041	0.201994
113	0.00126	0.2646	0.0723798	0.107213	0.228278
39	0.00126	0.2646	0.0699873	0.0890914	0.0963709
104	0.00126	0.2646	0.0717457	0.106802	0.238528
86	0.00126	0.2646	0.0718952	0.10263	0.194327
147	0.00126	0.2646	0.0736136	0.115918	0.285398
54	0.00126	0.2646	0.0706603	0.0913888	0.111629
169	0.00126	0.2646	0.0743706	0.126648	0.375108
123	0.00126	0.2646	0.0737732	0.115514	0.275804
83	0.00126	0.2646	0.0704063	0.0912478	0.118036
246	0.00126	0.2646	0.07436	0.123767	0.343708
103	0.00126	0.2646	0.071372	0.100167	0.178328
68	0.00126	0.2646	0.0708329	0.0998671	0.18666
29	0.00126	0.2646	0.0705614	0.0938997	0.133728
125	0.00126	0.2646	0.0730122	0.116233	0.296149
43	0.00126	0.2646	0.0722913	0.0994743	0.153263
182	0.00126	0.2646	0.0738207	0.115966	0.284093
80	0.00126	0.2646	0.0717414	0.0994048	0.167873
168	0.00126	0.2646	0.0734117	0.114851	0.277834
79	0.00126	0.2646	0.0711079	0.0998502	0.187477
138	0.00126	0.2646	0.0721561	0.108326	0.238927
100	0.00126	0.2646	0.0702409	0.0946049	0.148772
62	0.00126	0.2646	0.0706202	0.0943583	0.134815
46	0.00126	0.2646	0.070769	0.0969693	0.163297
127	0.00126	0.2646	0.0729838	0.11436	0.28398
98	0.00126	0.2646	0.0714595	0.0997489	0.175095
88	0.00126	0.2646	0.0715479	0.0994718	0.168292
44	0.00126	0.2646	0.0724164	0.105353	0.208897
76	0.00126	0.2646	0.0720087	0.101431	0.177865
77	0.00126	0.2646	0.0709593	0.0935707	0.12328
164	0.00126	0.2646	0.0732436	0.114331	0.277766
194	0.00126	0.2646	0.0724233	0.111157	0.26686
158	0.00126	0.2646	0.0720505	0.110494	0.267068
102	0.00126	0.2646	0.0719828	0.106344	0.230305
79	0.00126	0.2646	0.0721992	0.100154	0.159854
146	0.00126	0.2646	0.0738649	0.118675	0.311838
147	0.00126	0.2646	0.0723403	0.104302	0.208597
238	0.00126	0.2646	0.0772811	0.141414	0.45925
160	0.00126	0.2646	0.0728006	0.105234	0.208798
125	0.00126	0.2646	0.0744378	0.123562	0.344977
87	0.00126	0.2646	0.0715076	0.0985708	0.157459
11	0.00126	0.2646	0.069579	0.0868162	0.0844714
12	0.00126	0.2646	0.0694822	0.0869256	0.0850034
77	0.00126	0.2646	0.0720548	0.103876	0.20841
170	0.00126	0.2646	0.0793483	0.154291	0.538801
118	0.00126	0.2646	0.0736626	0.113603	0.26968
55	0.00126	0.2646	0.0699935	0.0896897	0.110382
77	0.00126	0.2646	0.0719635	0.101454	0.172743
86	0.00126	0.2646	0.0710043	0.0958381	0.146856
141	0.00126	0.2646	0.071908	0.103323	0.196886
138	0.00126	0.2646	0.0728403	0.113733	0.275446
96	0.00126	0.2646	0.0704178	0.096649	0.163395
84	0.00126	0.2646	0.070904	0.0994228	0.18134
72	0.00126	0.2646	0.069913	0.087322	0.089192
121	0.00126	0.2646	0.0754533	0.125424	0.335474
72	0.00126	0.2646	0.0716843	0.100842	0.187114
95	0.00126	0.2646	0.0723241	0.107675	0.235367
121	0.00126	0.2646	0.0739907	0.116767	0.292918
142	0.00126	0.2646	0.0751567	0.123887	0.337519
173	0.00126	0.2646	0.0753878	0.123911	0.332313
121	0.00126	0.2646	0.0758005	0.132758	0.405835
86	0.00126	0.2646	0.0721885	0.10633	0.224873
79	0.00126	0.2646	0.0721254	0.105123	0.214419
119	0.00126	0.2646	0.0736616	0.11592	0.292216
108	0.00126	0.2646	0.0750642	0.120966	0.303223
63	0.00126	0.2646	0.0710749	0.0946327	0.138269
104	0.00126	0.2646	0.0730749	0.112912	0.272734
87	0.00126	0.2646	0.0733809	0.108233	0.215492
163	0.00126	0.2646	0.0747012	0.123663	0.344217
117	0.00126	0.2646	0.0716097	0.0976964	0.153783
74	0.00126	0.2646	0.0718388	0.100864	0.172365
113	0.00126	0.2646	0.0716835	0.101056	0.181889
110	0.00126	0.2646	0.0750697	0.124055	0.339065
106	0.00126	0.2646	0.0739705	0.115352	0.282937
132	0.00126	0.2646	0.0747124	0.11724	0.277639
81	0.00126	0.2646	0.0732274	0.107942	0.221899
179	0.00126	0.2646	0.0745836	0.122579	0.33071
20	0.00126	0.2646	0.0699458	0.0873077	0.0847727
77	0.00126	0.2646	0.07109	0.100287	0.188062
110	0.00126	0.2646	0.072645	0.10965	0.24426
103	0.00126	0.2646	0.0721584	0.102627	0.188428
117	0.00126	0.2646	0.073957	0.1166	0.289936
141	0.00126	0.2646	0.0726972	0.109402	0.239703
119	0.00126	0.2646	0.0719312	0.105441	0.223993
41	0.00126	0.2646	0.0729458	0.10621	0.207362
106	0.00126	0.2646	0.0737541	0.111794	0.248269
187	0.00126	0.2646	0.074913	0.123436	0.332229
95	0.00126	0.2646	0.071269	0.101089	0.195317
67	0.00126	0.2646	0.0700612	0.0921366	0.12664
45	0.00126	0.2646	0.0700302	0.0908682	0.112609
53	0.00126	0.2646	0.0707723	0.0956269	0.148323
123	0.00126	0.2646	0.0727491	0.110792	0.254727
82	0.00126	0.2646	0.0701727	0.0933046	0.131968
59	0.00126	0.2646	0.06974	0.0887591	0.108567
165	0.00126	0.2646	0.0768662	0.137159	0.427906
215	0.00126	0.2646	0.0785947	0.149666	0.517041
90	0.00126	0.2646	0.0724762	0.102575	0.182573
52	0.00126	0.2646	0.0696283	0.0863595	0.0841665
129	0.00126	0.2646	0.072743	0.109433	0.238602
96	0.00126	0.2646	0.0729143	0.110055	0.248822
163	0.00126	0.2646	0.0738245	0.11906	0.313929
75	0.00126	0.2646	0.0709143	0.0960341	0.147508
47	0.00126	0.2646	0.071087	0.0981113	0.163123
73	0.00126	0.2646	0.0696567	0.0868164	0.0846194
118	0.00126	0.2646	0.0730299	0.111878	0.259743
114	0.00126	0.2646	0.0740449	0.114097	0.250532
67	0.00126	0.2646	0.070159	0.0878153	0.0856033
50	0.00126	0.2646	0.0713295	0.101381	0.194201
128	0.00126	0.2646	0.0737177	0.117298	0.294932
122	0.00126	0.2646	0.0710363	0.0962502	0.153705
140	0.00126	0.2646	0.0734405	0.114955	0.279579
127	0.00126	0.2646	0.0738186	0.121642	0.341677
129	0.00126	0.2646	0.0737821	0.121127	0.334288
97	0.00126	0.2646	0.0726926	0.108673	0.236541
126	0.00126	0.2646	0.0725343	0.106833	0.224401
127	0.00126	0.2646	0.0747799	0.122302	0.330057
134	0.00126	0.2646	0.0760136	0.13597	0.434141
92	0.00126	0.2646	0.0699973	0.0869372	0.0846612
159	0.00126	0.2646	0.0723383	0.10646	0.215338
66	0.00126	0.2646	0.0704195	0.0944837	0.143766
51	0.00126	0.2646	0.0703413	0.094752	0.145604
54	0.00126	0.2646	0.0703417	0.0946124	0.147947
89	0.00126	0.2646	0.0717433	0.103855	0.203291
128	0.00126	0.2646	0.0708994	0.0966508	0.152244
55	0.00126	0.2646	0.0708416	0.0964692	0.149863
57	0.00126	0.2646	0.0703704	0.0942484	0.138301
49	0.00126	0.2646	0.0706594	0.0975493	0.166146
97	0.00126	0.2646	0.0705716	0.0943612	0.140073
104	0.00126	0.2646	0.0736374	0.119787	0.321391
11	0.00126	0.2646	0.069359	0.0860611	0.0866933
79	0.00126	0.2646	0.0706487	0.0967807	0.154537
28	0.00126	0.2646	0.069705	0.0878176	0.0912938
67	0.00126	0.2646	0.0723506	0.108991	0.244883
68	0.00126	0.2646	0.0694614	0.0861251	0.0843094
84	0.00126	0.2646	0.0723286	0.108218	0.235031
123	0.00126	0.2646	0.0722775	0.109687	0.253005
43	0.00126	0.2646	0.069569	0.089282	0.114591
110	0.00126	0.2646	0.0716845	0.103842	0.203209
76	0.00126	0.2646	0.0713483	0.100955	0.187553
112	0.00126	0.2646	0.0719268	0.105315	0.219757
150	0.00126	0.2646	0.074065	0.120623	0.325049
171	0.00126	0.2646	0.0747018	0.126587	0.371153
83	0.00126	0.2646	0.0715811	0.103712	0.211853
95	0.00126	0.2646	0.0727478	0.111335	0.264856
81	0.00126	0.2646	0.0745549	0.118679	0.29331
82	0.00126	0.2646	0.0725098	0.10658	0.219308
49	0.00126	0.2646	0.069639	0.0867877	0.0856979
164	0.00126	0.2646	0.0721272	0.108365	0.239878
61	0.00126	0.2646	0.0702784	0.0909626	0.109807
117	0.00126	0.2646	0.0707941	0.0966861	0.156434
48	0.00126	0.2646	0.07104	0.0971636	0.153738
171	0.00126	0.2646	0.0723138	0.10918	0.244391
158	0.00126	0.2646	0.0734784	0.115027	0.281264
81	0.00126	0.2646	0.0725869	0.105993	0.217614
124	0.00126	0.2646	0.0744461	0.116309	0.268015
48	0.00126	0.2646	0.0706978	0.0918896	0.115891
99	0.00126	0.2646	0.0720892	0.106625	0.232483
150	0.00126	0.2646	0.0742697	0.119383	0.307358
199	0.00126	0.2646	0.0742146	0.117464	0.29473
58	0.00126	0.2646	0.0742222	0.116294	0.280923
197	0.00126	0.2646	0.0734704	0.113463	0.268223
149	0.00126	0.2646	0.0732116	0.113734	0.277705
58	0.00126	0.2646	0.0720721	0.101935	0.184235
115	0.00126	0.2646	0.07421	0.115523	0.2756
207	0.00126	0.2646	0.0778616	0.143043	0.465047
98	0.00126	0.2646	0.0723745	0.104832	0.211855
110	0.00126	0.2646	0.0715024	0.0979999	0.156352
142	0.00126	0.2646	0.0739109	0.119678	0.319961
85	0.00126	0.2646	0.0720923	0.102994	0.19398
143	0.00126	0.2646	0.0728998	0.111473	0.260551
112	0.00126	0.2646	0.0725458	0.109228	0.2468
83	0.00126	0.2646	0.0714411	0.0977426	0.152966
180	0.00126	0.2646	0.0746808	0.124547	0.34585
34	0.00126	0.2646	0.0708012	0.0912092	0.107992
127	0.00126	0.2646	0.0738731	0.116326	0.288245
144	0.00126	0.2646	0.0732882	0.111188	0.251701
101	0.00126	0.2646	0.0734823	0.113898	0.269568
96	0.00126	0.2646	0.0717814	0.104217	0.21311
136	0.00126	0.2646	0.0715129	0.101835	0.197303
173	0.00126	0.2646	0.0754651	0.129487	0.373292
65	0.00126	0.2646	0.0713835	0.0975743	0.158995
71	0.00126	0.2646	0.0719183	0.101215	0.178173
117	0.00126	0.2646	0.0725832	0.10949	0.240548
52	0.00126	0.2646	0.0708075	0.0962694	0.155199
66	0.00126	0.2646	0.0716515	0.100508	0.175014
89	0.00126	0.2646	0.0706941	0.0913185	0.109435
133	0.00126	0.2646	0.073035	0.109572	0.234394
89	0.00126	0.2646	0.0723258	0.106028	0.217819
100	0.00126	0.2646	0.071843	0.100373	0.17601
144	0.00126	0.2646	0.0759428	0.132668	0.399151
110	0.00126	0.2646	0.0736262	0.116572	0.295815
37	0.00126	0.2646	0.0706203	0.0941001	0.140284
116	0.00126	0.2646	0.0724693	0.110218	0.250396
75	0.00126	0.2646	0.0709327	0.0977939	0.171396
149	0.00126	0.2646	0.0733856	0.114724	0.27902
54	0.00126	0.2646	0.0722391	0.100331	0.165475
171	0.00126	0.2646	0.0743622	0.11981	0.310977
132	0.00126	0.2646	0.073843	0.115873	0.288717
81	0.00126	0.2646	0.0750149	0.124436	0.344667
89	0.00126	0.2646	0.0735614	0.110858	0.239605
100	0.00126	0.2646	0.0719225	0.103078	0.196707
82	0.00126	0.2646	0.0708351	0.0987766	0.181464
179	0.00126	0.2646	0.0755925	0.130829	0.391281
129	0.00126	0.2646	0.0741355	0.118193	0.298878
61	0.00126	0.2646	0.0703155	0.0877189	0.0856192
151	0.00126	0.2646	0.0751717	0.129342	0.385753
91	0.00126	0.2646	0.0726494	0.108089	0.236311
102	0.00126	0.2646	0.0725878	0.107904	0.23016
94	0.00126	0.2646	0.0723126	0.102539	0.1855
71	0.00126	0.2646	0.0730008	0.109547	0.235395
70	0.00126	0.2646	0.0707653	0.0954778	0.148175
62	0.00126	0.2646	0.0708969	0.0964591	0.155563
96	0.00126	0.2646	0.0729194	0.103839	0.186148
248	0.00126	0.2646	0.0788058	0.152447	0.529063
69	0.00126	0.2646	0.071197	0.0934853	0.128055
141	0.00126	0.2646	0.0728698	0.109117	0.232038
158	0.00126	0.2646	0.0731056	0.111117	0.251119
148	0.00126	0.2646	0.073157	0.111901	0.260707
90	0.00126	0.2646	0.0735902	0.109221	0.223639
115	0.00126	0.2646	0.0754672	0.13136	0.404459
110	0.00126	0.2646	0.0716148	0.100009	0.17269
73	0.00126	0.2646	0.0706993	0.0972444	0.170937
130	0.00126	0.2646	0.0744189	0.117326	0.286431
150	0.00126	0.2646	0.0770172	0.140068	0.456467
77	0.00126	0.2646	0.0735599	0.114089	0.270459
70	0.00126	0.2646	0.0709489	0.0980179	0.168514
63	0.00126	0.2646	0.0708317	0.097403	0.164363
128	0.00126	0.2646	0.0733603	0.116672	0.300874
215	0.00126	0.2646	0.0747427	0.124709	0.349305
127	0.00126	0.2646	0.0717148	0.101867	0.192809
105	0.00126	0.2646	0.0727654	0.112367	0.270211
102	0.00126	0.2646	0.0716858	0.100545	0.18106
83	0.00126	0.2646	0.0712676	0.101308	0.193302
17	0.00126	0.2646	0.0699905	0.0891517	0.0991693
160	0.00126	0.2646	0.0730985	0.119519	0.321585
44	0.00126	0.2646	0.0704112	0.0924399	0.120156
85	0.00126	0.2646	0.0703477	0.094783	0.14254
112	0.00126	0.2646	0.0703973	0.0955869	0.15317
73	0.00126	0.2646	0.0709611	0.0987924	0.167788
51	0.00126	0.2646	0.0701207	0.0929297	0.138161
89	0.00126	0.2646	0.0730051	0.112917	0.264889
72	0.00126	0.2646	0.072139	0.104789	0.207514
60	0.00126	0.2646	0.0689309	0.0858988	0.0836587
58	0.00126	0.2646	0.0702425	0.0967041	0.167583
66	0.00126	0.2646	0.0712961	0.0968251	0.146201
135	0.00126	0.2646	0.0754217	0.131102	0.399047
191	0.00126	0.2646	0.0753875	0.131423	0.40498
114	0.00126	0.2646	0.0721142	0.104127	0.208213
135	0.00126	0.2646	0.074325	0.125272	0.363921
105	0.00126	0.2646	0.0712025	0.0966711	0.147275
164	0.00126	0.2646	0.0706992	0.0986661	0.176311
64	0.00126	0.2646	0.068869	0.0862775	0.0943786
117	0.00126	0.2646	0.0731808	0.117414	0.306637
169	0.00126	0.2646	0.0720169	0.105513	0.221546
100	0.00126	0.2646	0.0736652	0.116265	0.292993
125	0.00126	0.2646	0.0738598	0.117036	0.293063
93	0.00126	0.2646	0.0719633	0.101773	0.17998
33	0.00126	0.2646	0.0706015	0.0917792	0.11382
74	0.00126	0.2646	0.0724697	0.105018	0.203058
205	0.00126	0.2646	0.0748138	0.126477	0.367778
63	0.00126	0.2646	0.0702706	0.0908406	0.110595
10	0.00126	0.2646	0.0693058	0.0861276	0.0837881
106	0.00126	0.2646	0.0717771	0.101282	0.180657
93	0.00126	0.2646	0.0717198	0.104185	0.215619
69	0.00126	0.2646	0.0719487	0.0993277	0.155712
95	0.00126	0.2646	0.0727893	0.110305	0.248012
52	0.00126	0.2646	0.0705997	0.0936524	0.13308
90	0.00126	0.2646	0.0709542	0.100305	0.187684
67	0.00126	0.2646	0.0700878	0.0939297	0.144697
16	0.00126	0.2646	0.0700796	0.0885404	0.0857949
63	0.00126	0.2646	0.0704387	0.0930948	0.130529
110	0.00126	0.2646	0.0734542	0.120908	0.340453
117	0.00126	0.2646	0.0726741	0.106184	0.20507
140	0.00126	0.2646	0.0737209	0.116439	0.296305
162	0.00126	0.2646	0.0746111	0.11786	0.285319
70	0.00126	0.2646	0.0731206	0.106925	0.213643
161	0.00126	0.2646	0.0742564	0.120099	0.315056
136	0.00126	0.2646	0.0717054	0.102993	0.199891
104	0.00126	0.2646	0.0708967	0.096153	0.155279
174	0.00126	0.2646	0.0756369	0.12862	0.365084
183	0.00126	0.2646	0.0729816	0.107843	0.226521
202	0.00126	0.2646	0.0730974	0.113306	0.275755
67	0.00126	0.2646	0.071704	0.103818	0.211483
145	0.00126	0.2646	0.0737441	0.11785	0.304844
106	0.00126	0.2646	0.0739633	0.115317	0.276827
138	0.00126	0.2646	0.0744035	0.121555	0.333159
103	0.00126	0.2646	0.0732746	0.110092	0.236947
78	0.00126	0.2646	0.0722818	0.106532	0.226311
60	0.00126	0.2646	0.0721566	0.104726	0.210841
122	0.00126	0.2646	0.0735118	0.110189	0.230995
121	0.00126	0.2646	0.0733299	0.113594	0.269225
97	0.00126	0.2646	0.0708893	0.0964114	0.154177
62	0.00126	0.2646	0.0708095	0.0987987	0.175429
56	0.00126	0.2646	0.0701361	0.089929	0.104528
94	0.00126	0.2646	0.0729508	0.11369	0.275221
29	0.00126	0.2646	0.0704232	0.0885651	0.0858347
122	0.00126	0.2646	0.073726	0.120839	0.327625
117	0.00126	0.2646	0.0727894	0.108408	0.232226
115	0.00126	0.2646	0.0732852	0.111468	0.252955
197	0.00126	0.2646	0.072995	0.108728	0.230713
145	0.00126	0.2646	0.0715362	0.102493	0.199924
79	0.00126	0.2646	0.0702662	0.0942799	0.144039
136	0.00126	0.2646	0.073521	0.114951	0.275972
105	0.00126	0.2646	0.0726414	0.106369	0.212204
84	0.00126	0.2646	0.0709393	0.0987563	0.180016
104	0.00126	0.2646	0.0714015	0.102088	0.193666
22	0.00126	0.2646	0.0695043	0.0865844	0.0841934
95	0.00126	0.2646	0.0720271	0.106051	0.222826
53	0.00126	0.2646	0.0715557	0.0959137	0.137298
116	0.00126	0.2646	0.0749139	0.12588	0.355438
107	0.00126	0.2646	0.0710329	0.0971607	0.15781
115	0.00126	0.2646	0.0703634	0.0943749	0.147883
131	0.00126	0.2646	0.0710892	0.0936362	0.121694
143	0.00126	0.2646	0.0734268	0.11197	0.244431
60	0.00126	0.2646	0.0713957	0.0986863	0.169548
108	0.00126	0.2646	0.0725864	0.111848	0.266821
66	0.00126	0.2646	0.0696868	0.0889913	0.108058
43	0.00126	0.2646	0.0712536	0.0955573	0.136295
176	0.00126	0.2646	0.0756172	0.130926	0.394962
60	0.00126	0.2646	0.0729576	0.104915	0.198546
156	0.00126	0.2646	0.0748885	0.129478	0.395484
73	0.00126	0.2646	0.0707235	0.0927402	0.120813
155	0.00126	0.2646	0.0764933	0.135362	0.420264
54	0.00126	0.2646	0.0724482	0.099535	0.157918
120	0.00126	0.2646	0.0757009	0.127703	0.358494
103	0.00126	0.2646	0.0735052	0.112586	0.256629
116	0.00126	0.2646	0.0718638	0.106217	0.228931
53	0.00126	0.2646	0.0705395	0.094358	0.139969
66	0.00126	0.2646	0.0708311	0.0957849	0.14253
84	0.00126	0.2646	0.0700537	0.090436	0.112738
84	0.00126	0.2646	0.0711241	0.0934174	0.116696
183	0.00126	0.2646	0.0749918	0.122652	0.326975
106	0.00126	0.2646	0.0722989	0.105677	0.215393
128	0.00126	0.2646	0.0719301	0.107998	0.246334
115	0.00126	0.2646	0.0714474	0.101356	0.185303
100	0.00126	0.2646	0.0709875	0.100022	0.187881
146	0.00126	0.2646	0.0721184	0.112041	0.27837
13	0.00126	0.2646	0.0693544	0.088835	0.109987
73	0.00126	0.2646	0.0697615	0.0944772	0.156541
94	0.00126	0.2646	0.0694092	0.086106	0.0841766
96	0.00126	0.2646	0.0732022	0.11237	0.261044
157	0.00126	0.2646	0.0749921	0.126035	0.358036
137	0.00126	0.2646	0.0704342	0.0994353	0.187095
57	0.00126	0.2646	0.0692786	0.0907578	0.125316
44	0.00126	0.2646	0.0695039	0.0921865	0.137156
55	0.00126	0.2646	0.0692849	0.0865502	0.0859812
100	0.00126	0.2646	0.0710416	0.0959966	0.135849
79	0.00126	0.2646	0.0710044	0.0959518	0.143377
115	0.00126	0.2646	0.0723735	0.10386	0.190562
95	0.00126	0.2646	0.0743559	0.118591	0.299732
155	0.00126	0.2646	0.07364	0.113701	0.262734
51	0.00126	0.2646	0.0705265	0.0951115	0.148374
161	0.00126	0.2646	0.0718481	0.110513	0.265182
31	0.00126	0.2646	0.0691517	0.0869902	0.0972462
81	0.00126	0.2646	0.0717255	0.105816	0.222753
69	0.00126	0.2646	0.0711133	0.0962403	0.148689
137	0.00126	0.2646	0.0755966	0.132627	0.41073
131	0.00126	0.2646	0.0743344	0.120527	0.324936
118	0.00126	0.2646	0.0747094	0.122767	0.337869
131	0.00126	0.2646	0.0746928	0.115469	0.262079
169	0.00126	0.2646	0.0748177	0.125092	0.350388
55	0.00126	0.2646	0.0698174	0.0909061	0.126705
60	0.00126	0.2646	0.0700376	0.091697	0.119387
62	0.00126	0.2646	0.0698128	0.0916389	0.129734
114	0.00126	0.2646	0.0721237	0.105534	0.215438
146	0.00126	0.2646	0.0726793	0.109524	0.246447
121	0.00126	0.2646	0.0729902	0.112151	0.258618
58	0.00126	0.2646	0.0699308	0.0901424	0.10899
34	0.00126	0.2646	0.0696174	0.0893938	0.112266
101	0.00126	0.2646	0.0724417	0.104525	0.198985
135	0.00126	0.2646	0.0740057	0.119371	0.311864
71	0.00126	0.2646	0.0707458	0.0965693	0.157569
190	0.00126	0.2646	0.0779491	0.147775	0.503289
133	0.00126	0.2646	0.0737912	0.109664	0.227897
184	0.00126	0.2646	0.0762367	0.132007	0.393033
131	0.00126	0.2646	0.0733664	0.111308	0.251618
92	0.00126	0.2646	0.0711081	0.094344	0.129328
177	0.00126	0.2646	0.0730697	0.117098	0.306304
142	0.00126	0.2646	0.0707086	0.096181	0.158948
145	0.00126	0.2646	0.0736841	0.115984	0.281033
60	0.00126	0.2646	0.0711167	0.0955144	0.142788
99	0.00126	0.2646	0.0727138	0.107389	0.226595
64	0.00126	0.2646	0.070611	0.0918049	0.112538
148	0.00126	0.2646	0.0725796	0.109516	0.245525
48	0.00126	0.2646	0.0719871	0.100116	0.168195
85	0.00126	0.2646	0.073863	0.114953	0.268267
108	0.00126	0.2646	0.0725015	0.109281	0.24762
75	0.00126	0.2646	0.0706507	0.0958447	0.152414
107	0.00126	0.2646	0.0723017	0.111261	0.267511
75	0.00126	0.2646	0.0716854	0.10183	0.188359
121	0.00126	0.2646	0.0725092	0.110947	0.26239
143	0.00126	0.2646	0.0724887	0.110374	0.255574
31	0.00126	0.2646	0.070125	0.0887894	0.0959456
116	0.00126	0.2646	0.0724721	0.109213	0.243482
129	0.00126	0.2646	0.0725669	0.106252	0.216059
172	0.00126	0.2646	0.0743532	0.123185	0.345997
86	0.00126	0.2646	0.0721493	0.105024	0.209307
118	0.00126	0.2646	0.0713631	0.0996987	0.177056
131	0.00126	0.2646	0.072753	0.112924	0.272427
40	0.00126	0.2646	0.0705877	0.0950093	0.145826
49	0.00126	0.2646	0.0702182	0.0934652	0.138425
95	0.00126	0.2646	0.0729904	0.116122	0.298025
143	0.00126	0.2646	0.076003	0.130857	0.385584
156	0.00126	0.2646	0.0764667	0.134912	0.414149
113	0.00126	0.2646	0.0707268	0.0921071	0.120336
158	0.00126	0.2646	0.0720272	0.107136	0.232362
96	0.00126	0.2646	0.0716251	0.102194	0.202098
206	0.00126	0.2646	0.0751211	0.123884	0.328468
74	0.00126	0.2646	0.0731472	0.107367	0.216705
136	0.00126	0.2646	0.0737937	0.118919	0.312705
19	0.00126	0.2646	0.069662	0.0865124	0.0842245
124	0.00126	0.2646	0.0719465	0.103465	0.200036
84	0.00126	0.2646	0.0727345	0.104331	0.19821
160	0.00126	0.2646	0.0765279	0.135677	0.418461
56	0.00126	0.2646	0.0712443	0.0933237	0.118753
74	0.00126	0.2646	0.0708567	0.0938062	0.124417
69	0.00126	0.2646	0.0707517	0.091816	0.115964
187	0.00126	0.2646	0.0775968	0.141046	0.447793
145	0.00126	0.2646	0.075228	0.121053	0.309639
91	0.00126	0.2646	0.0730462	0.106489	0.208476
30	0.00126	0.2646	0.0715757	0.0983589	0.160721
143	0.00126	0.2646	0.0738373	0.11981	0.319111
84	0.00126	0.2646	0.0729134	0.109749	0.246092
82	0.00126	0.2646	0.0714799	0.0931476	0.116365
204	0.00126	0.2646	0.0789832	0.154133	0.552992
179	0.00126	0.2646	0.0759543	0.130067	0.38238
110	0.00126	0.2646	0.0720149	0.101285	0.186786
144	0.00126	0.2646	0.0752544	0.126358	0.352064
116	0.00126	0.2646	0.072878	0.106734	0.222096
154	0.00126	0.2646	0.0758854	0.12957	0.376963
117	0.00126	0.2646	0.0742206	0.116394	0.290164
125	0.00126	0.2646	0.0743964	0.115928	0.270298
58	0.00126	0.2646	0.0698459	0.0904362	0.116344
81	0.00126	0.2646	0.0708885	0.10011	0.184993
79	0.00126	0.2646	0.0711159	0.0986773	0.165722
72	0.00126	0.2646	0.0703557	0.0940611	0.136807
28	0.00126	0.2646	0.069554	0.0869511	0.0848335
107	0.00126	0.2646	0.0715864	0.103815	0.205732
45	0.00126	0.2646	0.0697298	0.0868619	0.0850652
108	0.00126	0.2646	0.0728121	0.105934	0.204047
130	0.00126	0.2646	0.0739895	0.115731	0.278049
49	0.00126	0.2646	0.0716294	0.0977997	0.14916
30	0.00126	0.2646	0.0694631	0.0867976	0.084614
113	0.00126	0.2646	0.0712088	0.106343	0.240052
95	0.00126	0.2646	0.0698345	0.0906987	0.113889
143	0.00126	0.2646	0.0707026	0.0990718	0.183877
117	0.00126	0.2646	0.0728185	0.111378	0.262609
183	0.00126	0.2646	0.076355	0.136707	0.435806
146	0.00126	0.2646	0.0758234	0.127864	0.372423
121	0.00126	0.2646	0.0789261	0.149107	0.505731
99	0.00126	0.2646	0.0745884	0.115092	0.264272
111	0.00126	0.2646	0.0722846	0.108643	0.246047
58	0.00126	0.2646	0.0692874	0.0879957	0.100121
85	0.00126	0.2646	0.0707297	0.0984294	0.174704
112	0.00126	0.2646	0.0732336	0.117467	0.30882
73	0.00126	0.2646	0.071252	0.100093	0.183067
95	0.00126	0.2646	0.0713199	0.0971415	0.150461
63	0.00126	0.2646	0.0737823	0.115546	0.278568
110	0.00126	0.2646	0.0735323	0.10944	0.233557
116	0.00126	0.2646	0.0769319	0.133556	0.389573
63	0.00126	0.2646	0.0725507	0.103199	0.181096
66	0.00126	0.2646	0.0697426	0.091712	0.130812
111	0.00126	0.2646	0.0736007	0.120798	0.32901
70	0.00126	0.2646	0.0701132	0.0897075	0.109803
152	0.00126	0.2646	0.0736854	0.11528	0.271212
60	0.00126	0.2646	0.0709763	0.09474	0.134518
66	0.00126	0.2646	0.0705635	0.0956411	0.153199
122	0.00126	0.2646	0.0713701	0.104201	0.215241
16	0.00126	0.2646	0.0697412	0.0865845	0.0841897
152	0.00126	0.2646	0.0750366	0.123492	0.326599
160	0.00126	0.2646	0.0733743	0.113067	0.263104
14	0.00126	0.2646	0.0694452	0.0856824	0.0834559
198	0.00126	0.2646	0.0758236	0.129271	0.370021
207	0.00126	0.2646	0.0755033	0.128243	0.376608
165	0.00126	0.2646	0.0735403	0.11056	0.239664
113	0.00126	0.2646	0.0732568	0.107742	0.215799
151	0.00126	0.2646	0.0745293	0.126986	0.379499
103	0.00126	0.2646	0.0709974	0.100854	0.193944
39	0.00126	0.2646	0.0697232	0.0900197	0.113583
108	0.00126	0.2646	0.0722126	0.106631	0.217807
103	0.00126	0.2646	0.0715033	0.101417	0.188983
96	0.00126	0.2646	0.0719067	0.103675	0.208576
120	0.00126	0.2646	0.0716191	0.10436	0.212968
70	0.00126	0.2646	0.0708581	0.0953731	0.139892
53	0.00126	0.2646	0.0712382	0.0987955	0.172064
115	0.00126	0.2646	0.0736634	0.11692	0.293367
43	0.00126	0.2646	0.0701672	0.0905215	0.103622
48	0.00126	0.2646	0.0683738	0.0847631	0.0893722
73	0.00126	0.2646	0.0685804	0.0848225	0.0833178
82	0.00126	0.2646	0.0716298	0.107896	0.243447
63	0.00126	0.2646	0.0701701	0.0939823	0.141152
44	0.00126	0.2646	0.0695788	0.0882253	0.0975461
121	0.00126	0.2646	0.0718179	0.104743	0.212523
34	0.00126	0.2646	0.0697772	0.0879814	0.0981089
115	0.00126	0.2646	0.0740828	0.123676	0.352117
87	0.00126	0.2646	0.0718802	0.0998145	0.162622
91	0.00126	0.2646	0.0707275	0.0985469	0.177435
85	0.00126	0.2646	0.0696685	0.0909257	0.118359
24	0.00126	0.2646	0.0691376	0.0886953	0.109852
23	0.00126	0.2646	0.0693572	0.0891512	0.110126
119	0.00126	0.2646	0.0713033	0.102944	0.20387
123	0.00126	0.2646	0.0720747	0.107748	0.238771
122	0.00126	0.2646	0.0746277	0.123693	0.33912
107	0.00126	0.2646	0.0712301	0.0936888	0.121399
154	0.00126	0.2646	0.0727186	0.111343	0.261583
48	0.00126	0.2646	0.070995	0.0950247	0.140491
102	0.00126	0.2646	0.0724775	0.105573	0.207867
146	0.00126	0.2646	0.0758216	0.131821	0.394803
156	0.00126	0.2646	0.0734659	0.116538	0.301007
102	0.00126	0.2646	0.0710854	0.0954752	0.139481
127	0.00126	0.2646	0.0736301	0.120568	0.33215
92	0.00126	0.2646	0.0710978	0.0956228	0.14733
86	0.00126	0.2646	0.0717635	0.0989948	0.163594
137	0.00126	0.2646	0.0738341	0.116472	0.289615
86	0.00126	0.2646	0.0724033	0.102165	0.185074
99	0.00126	0.2646	0.0748838	0.12096	0.31196
124	0.00126	0.2646	0.0757328	0.129442	0.378183
135	0.00126	0.2646	0.0758141	0.126357	0.341422
109	0.00126	0.2646	0.0730934	0.108485	0.22988
182	0.00126	0.2646	0.0734158	0.111839	0.254034
147	0.00126	0.2646	0.0725265	0.105663	0.21242
88	0.00126	0.2646	0.0723017	0.102653	0.181303
27	0.00126	0.2646	0.0707322	0.0914614	0.113748
131	0.00126	0.2646	0.0715276	0.100691	0.182948
74	0.00126	0.2646	0.0727134	0.10493	0.2003
109	0.00126	0.2646	0.0741595	0.115958	0.277179
101	0.00126	0.2646	0.0730336	0.108568	0.232071
115	0.00126	0.2646	0.074293	0.119129	0.301148
76	0.00126	0.2646	0.0721673	0.102768	0.199572
125	0.00126	0.2646	0.0770693	0.136749	0.419346
69	0.00126	0.2646	0.0736844	0.106457	0.203164
170	0.00126	0.2646	0.0766559	0.13674	0.429136
89	0.00126	0.2646	0.0718849	0.103451	0.203091
112	0.00126	0.2646	0.0720545	0.108057	0.242395
99	0.00126	0.2646	0.070989	0.096527	0.151255
128	0.00126	0.2646	0.0721262	0.104831	0.209434
102	0.00126	0.2646	0.0723382	0.108006	0.232746
91	0.00126	0.2646	0.0705257	0.0948732	0.144032
45	0.00126	0.2646	0.0700362	0.0925253	0.137327
107	0.00126	0.2646	0.0736319	0.112891	0.257014
79	0.00126	0.2646	0.0740192	0.11176	0.240906
112	0.00126	0.2646	0.0739367	0.116867	0.293033
193	0.00126	0.2646	0.0770243	0.146353	0.514416
23	0.00126	0.2646	0.0710964	0.0930545	0.116786
134	0.00126	0.2646	0.0735123	0.120214	0.329316
84	0.00126	0.2646	0.0719453	0.101339	0.176455
129	0.00126	0.2646	0.0729096	0.11308	0.27131
58	0.00126	0.2646	0.0703484	0.0927993	0.128338
24	0.00126	0.2646	0.069671	0.0868741	0.0867017
94	0.00126	0.2646	0.072816	0.104083	0.192658
206	0.00126	0.2646	0.0771183	0.136195	0.413252
106	0.00126	0.2646	0.0734637	0.107453	0.214355
25	0.00126	0.2646	0.0711647	0.0956036	0.139753
169	0.00126	0.2646	0.0745173	0.127993	0.387454
50	0.00126	0.2646	0.0714453	0.0957235	0.135127
124	0.00126	0.2646	0.0742335	0.120581	0.319845
102	0.00126	0.2646	0.0733506	0.112988	0.263175
67	0.00126	0.2646	0.0711128	0.096853	0.156881
126	0.00126	0.2646	0.0726005	0.106144	0.21221
103	0.00126	0.2646	0.0735767	0.107933	0.213889
162	0.00126	0.2646	0.0761712	0.129255	0.36094
165	0.00126	0.2646	0.072993	0.112685	0.275499
112	0.00126	0.2646	0.0708658	0.0963486	0.148634
56	0.00126	0.2646	0.0706085	0.0914014	0.109459
105	0.00126	0.2646	0.0747132	0.124082	0.346201
151	0.00126	0.2646	0.0750943	0.124844	0.346569
105	0.00126	0.2646	0.0718954	0.101606	0.180472
55	0.00126	0.2646	0.0694	0.0865073	0.0898764
139	0.00126	0.2646	0.0728354	0.113398	0.279612
88	0.00126	0.2646	0.0742464	0.118049	0.298769
123	0.00126	0.2646	0.0750178	0.126185	0.358421
51	0.00126	0.2646	0.0702224	0.0904189	0.110635
143	0.00126	0.2646	0.0715071	0.0981024	0.156497
80	0.00126	0.2646	0.0724959	0.108786	0.23634
43	0.00126	0.2646	0.069922	0.0896409	0.111419
117	0.00126	0.2646	0.0725229	0.109006	0.240756
26	0.00126	0.2646	0.0704192	0.0891358	0.0878644
133	0.00126	0.2646	0.070976	0.0993581	0.177893
112	0.00126	0.2646	0.072351	0.110559	0.260793
87	0.00126	0.2646	0.0727559	0.11309	0.277917
85	0.00126	0.2646	0.0712623	0.098231	0.164537
149	0.00126	0.2646	0.0724518	0.108093	0.231604
68	0.00126	0.2646	0.0707111	0.095561	0.147512
138	0.00126	0.2646	0.073233	0.118974	0.319789
65	0.00126	0.2646	0.0692416	0.0851558	0.0851316
111	0.00126	0.2646	0.0740173	0.118559	0.297591
121	0.00126	0.2646	0.0737955	0.121053	0.338185
61	0.00126	0.2646	0.0700258	0.0916506	0.125042
80	0.00126	0.2646	0.0711221	0.1027	0.206697
131	0.00126	0.2646	0.0721055	0.108728	0.243776
80	0.00126	0.2646	0.0712482	0.101292	0.192501
120	0.00126	0.2646	0.0712138	0.102504	0.206336
95	0.00126	0.2646	0.0722321	0.108082	0.238788
84	0.00126	0.2646	0.0708777	0.0982694	0.172031
47	0.00126	0.2646	0.0704108	0.0916646	0.118127
235	0.00126	0.2646	0.0750223	0.128445	0.378888
131	0.00126	0.2646	0.0714916	0.0987234	0.163205
182	0.00126	0.2646	0.0717948	0.10893	0.254931
56	0.00126	0.2646	0.0702794	0.0954238	0.156905
75	0.00126	0.2646	0.0719672	0.108137	0.236798
125	0.00126	0.2646	0.0720971	0.107093	0.230651
99	0.00126	0.2646	0.0720678	0.1048	0.209893
145	0.00126	0.2646	0.0739055	0.117115	0.289437
124	0.00126	0.2646	0.0727773	0.106979	0.218045
137	0.00126	0.2646	0.0714223	0.0966792	0.148918
106	0.00126	0.2646	0.0724883	0.100565	0.15623
196	0.00126	0.2646	0.0739807	0.11941	0.311855
73	0.00126	0.2646	0.0710681	0.0977838	0.161039
58	0.00126	0.2646	0.0696032	0.0870176	0.0845866
124	0.00126	0.2646	0.0727951	0.114638	0.281167
114	0.00126	0.2646	0.0731423	0.115129	0.288104
55	0.00126	0.2646	0.0705015	0.0898456	0.0993848
140	0.00126	0.2646	0.0745509	0.119434	0.30652
106	0.00126	0.2646	0.0740049	0.111279	0.233189
134	0.00126	0.2646	0.075616	0.122217	0.31518
228	0.00126	0.2646	0.0793934	0.154613	0.551282
151	0.00126	0.2646	0.0740447	0.114331	0.263885
86	0.00126	0.2646	0.0699053	0.0884734	0.0956961
78	0.00126	0.2646	0.070263	0.0974914	0.178849
61	0.00126	0.2646	0.070819	0.0957937	0.14692
101	0.00126	0.2646	0.0727007	0.108341	0.232378
116	0.00126	0.2646	0.0746119	0.123253	0.343165
118	0.00126	0.2646	0.0731735	0.112107	0.264498
88	0.00126	0.2646	0.0727039	0.107281	0.224479
95	0.00126	0.2646	0.0731753	0.11023	0.24354
67	0.00126	0.2646	0.0725481	0.101797	0.168313
36	0.00126	0.2646	0.0709268	0.0919589	0.106234
120	0.00126	0.2646	0.072299	0.111842	0.276037
61	0.00126	0.2646	0.069804	0.0869383	0.0844582
120	0.00126	0.2646	0.0741562	0.117059	0.284779
112	0.00126	0.2646	0.0750333	0.123363	0.337491
75	0.00126	0.2646	0.0733351	0.106506	0.201681
16	0.00126	0.2646	0.0698048	0.0876392	0.0870604
129	0.00126	0.2646	0.0721589	0.108318	0.244438
132	0.00126	0.2646	0.0726177	0.106984	0.222621
125	0.00126	0.2646	0.0743322	0.117675	0.290101
149	0.00126	0.2646	0.074453	0.124054	0.354094
111	0.00126	0.2646	0.0723475	0.106317	0.220023
140	0.00126	0.2646	0.0719401	0.107182	0.240159
123	0.00126	0.2646	0.0733536	0.112676	0.259707
129	0.00126	0.2646	0.0741848	0.118418	0.298093
33	0.00126	0.2646	0.0700335	0.0876521	0.0861205
124	0.00126	0.2646	0.070357	0.0938159	0.137087
44	0.00126	0.2646	0.070747	0.0950178	0.142295
156	0.00126	0.2646	0.0739189	0.119509	0.314084
154	0.00126	0.2646	0.0745793	0.122392	0.330013
37	0.00126	0.2646	0.0710322	0.0932548	0.118774
104	0.00126	0.2646	0.0711933	0.097319	0.150988
72	0.00126	0.2646	0.0708525	0.0963303	0.151074
63	0.00126	0.2646	0.0710559	0.0975031	0.162
119	0.00126	0.2646	0.0731143	0.109774	0.231639
77	0.00126	0.2646	0.0707356	0.0976802	0.174133
109	0.00126	0.2646	0.0715786	0.103126	0.205079
77	0.00126	0.2646	0.0715053	0.102148	0.190426
27	0.00126	0.2646	0.0698513	0.0893755	0.109994
112	0.00126	0.2646	0.0729207	0.107161	0.213634
145	0.00126	0.2646	0.0753555	0.125875	0.351112
150	0.00126	0.2646	0.0749281	0.12287	0.338667
200	0.00126	0.2646	0.0772924	0.141667	0.466517
85	0.00126	0.2646	0.0738745	0.114416	0.274325
115	0.00126	0.2646	0.0738977	0.118516	0.309549
68	0.00126	0.2646	0.070532	0.0904562	0.100881
114	0.00126	0.2646	0.0714777	0.0995319	0.170589
53	0.00126	0.2646	0.0710046	0.0982925	0.167932
88	0.00126	0.2646	0.0706241	0.0953125	0.150695
93	0.00126	0.2646	0.0727189	0.10475	0.195385
105	0.00126	0.2646	0.0733878	0.111931	0.25118
61	0.00126	0.2646	0.0709606	0.0958575	0.152494
135	0.00126	0.2646	0.0736188	0.115004	0.270982
75	0.00126	0.2646	0.071359	0.097452	0.152594
79	0.00126	0.2646	0.0705508	0.0922042	0.118718
68	0.00126	0.2646	0.0727676	0.113016	0.277211
