155	0.00126	0.2646	0.0529139	0.0700124	0.0725335
60	0.00126	0.2646	0.052759	0.0692169	0.0689981
101	0.00126	0.2646	0.0529527	0.069692	0.0700848
107	0.00126	0.2646	0.0552818	0.0901247	0.218895
91	0.00126	0.2646	0.0530913	0.0700967	0.0700912
145	0.00126	0.2646	0.0527161	0.0692877	0.0706412
18	0.00126	0.2646	0.0526697	0.0689709	0.0685291
25	0.00126	0.2646	0.0530602	0.0698543	0.0695654
167	0.00126	0.2646	0.0553172	0.0900198	0.221926
64	0.00126	0.2646	0.0530252	0.0696705	0.0694022
70	0.00126	0.2646	0.0526825	0.069002	0.068559
118	0.00126	0.2646	0.0529073	0.069768	0.0700548
82	0.00126	0.2646	0.0532674	0.0711833	0.0787708
137	0.00126	0.2646	0.0550771	0.0873608	0.199023
128	0.00126	0.2646	0.0532553	0.0705808	0.0707569
77	0.00126	0.2646	0.0527938	0.0693961	0.0701403
85	0.00126	0.2646	0.0528654	0.0696249	0.0693739
68	0.00126	0.2646	0.0530086	0.0698441	0.069539
50	0.00126	0.2646	0.0538153	0.0759935	0.112104
18	0.00126	0.2646	0.0528405	0.0694411	0.0703987
78	0.00126	0.2646	0.0527464	0.069304	0.0709136
84	0.00126	0.2646	0.0530589	0.0699475	0.0693841
100	0.00126	0.2646	0.0543382	0.0821272	0.160315
65	0.00126	0.2646	0.0531962	0.0704901	0.071245
32	0.00126	0.2646	0.0531543	0.0704418	0.0698065
76	0.00126	0.2646	0.0528998	0.0693619	0.0688771
200	0.00126	0.2646	0.0543353	0.0816396	0.157304
115	0.00126	0.2646	0.0542727	0.0811576	0.158993
49	0.00126	0.2646	0.0529908	0.0696919	0.069179
162	0.00126	0.2646	0.052944	0.0701898	0.0734833
164	0.00126	0.2646	0.0530248	0.0696992	0.0691827
157	0.00126	0.2646	0.0531444	0.0703587	0.069726
101	0.00126	0.2646	0.0529168	0.0696722	0.0691304
190	0.00126	0.2646	0.0528527	0.0696523	0.0717811
130	0.00126	0.2646	0.0531128	0.0705919	0.0701661
132	0.00126	0.2646	0.052769	0.0691947	0.0692807
120	0.00126	0.2646	0.0529243	0.0698219	0.070122
150	0.00126	0.2646	0.0529541	0.0704002	0.0759658
33	0.00126	0.2646	0.0528898	0.0694721	0.0698834
114	0.00126	0.2646	0.0542701	0.0816686	0.159068
127	0.00126	0.2646	0.0540324	0.0753349	0.105985
175	0.00126	0.2646	0.0560461	0.0946474	0.248478
176	0.00126	0.2646	0.0531627	0.0702802	0.0736424
90	0.00126	0.2646	0.0528843	0.0697175	0.0697116
96	0.00126	0.2646	0.0527345	0.0691475	0.0686898
112	0.00126	0.2646	0.0527358	0.0691262	0.0686723
81	0.00126	0.2646	0.0530287	0.0702074	0.0703305
88	0.00126	0.2646	0.0528542	0.0695509	0.069054
120	0.00126	0.2646	0.0527631	0.0691221	0.0689009
146	0.00126	0.2646	0.0532824	0.0706841	0.0702417
112	0.00126	0.2646	0.0552614	0.0879159	0.198605
121	0.00126	0.2646	0.0534095	0.0708326	0.0701497
88	0.00126	0.2646	0.0528284	0.0694291	0.0704536
109	0.00126	0.2646	0.0528332	0.069552	0.0693138
100	0.00126	0.2646	0.0526624	0.069096	0.0698592
24	0.00126	0.2646	0.0527289	0.0692796	0.0688
91	0.00126	0.2646	0.0528423	0.0694395	0.0699157
139	0.00126	0.2646	0.0538168	0.0782183	0.13876
70	0.00126	0.2646	0.0529781	0.0697245	0.0692029
130	0.00126	0.2646	0.053206	0.0702024	0.0699302
175	0.00126	0.2646	0.053093	0.0702819	0.0707298
19	0.00126	0.2646	0.0528403	0.0693011	0.068835
125	0.00126	0.2646	0.053232	0.0716815	0.0825762
94	0.00126	0.2646	0.054073	0.0787827	0.134436
57	0.00126	0.2646	0.0528241	0.069261	0.0687934
118	0.00126	0.2646	0.0526873	0.0694396	0.0729253
87	0.00126	0.2646	0.0526591	0.0690869	0.069512
118	0.00126	0.2646	0.052814	0.0698832	0.0732919
65	0.00126	0.2646	0.0528123	0.0694222	0.0697648
108	0.00126	0.2646	0.0536633	0.0823751	0.173982
74	0.00126	0.2646	0.052757	0.0691871	0.0687279
124	0.00126	0.2646	0.053034	0.0705096	0.0747936
122	0.00126	0.2646	0.0541237	0.081616	0.160223
70	0.00126	0.2646	0.0535367	0.0730259	0.0882949
70	0.00126	0.2646	0.0528194	0.0693074	0.068843
155	0.00126	0.2646	0.0527195	0.069272	0.0704266
111	0.00126	0.2646	0.0528123	0.0696034	0.0701637
32	0.00126	0.2646	0.0526648	0.0690006	0.0685583
99	0.00126	0.2646	0.0528683	0.0708252	0.0841506
52	0.00126	0.2646	0.0529958	0.0704809	0.0698234
206	0.00126	0.2646	0.053055	0.0700619	0.070462
138	0.00126	0.2646	0.0544677	0.0833966	0.175084
51	0.00126	0.2646	0.0529775	0.0698937	0.0696041
130	0.00126	0.2646	0.0529237	0.0700181	0.0741571
157	0.00126	0.2646	0.0532527	0.0723759	0.0909304
49	0.00126	0.2646	0.0530846	0.0704815	0.0753442
62	0.00126	0.2646	0.05348	0.0737449	0.0982728
78	0.00126	0.2646	0.0528226	0.0694441	0.069442
28	0.00126	0.2646	0.0526979	0.0691881	0.0692569
131	0.00126	0.2646	0.0527051	0.0691129	0.0689561
202	0.00126	0.2646	0.0543175	0.0815146	0.156998
133	0.00126	0.2646	0.0532541	0.0716454	0.0829786
73	0.00126	0.2646	0.0527289	0.0690776	0.0686271
156	0.00126	0.2646	0.053038	0.070269	0.0702187
212	0.00126	0.2646	0.0537734	0.07774	0.133095
148	0.00126	0.2646	0.0529399	0.0697562	0.0697543
61	0.00126	0.2646	0.0528538	0.0694339	0.0689542
127	0.00126	0.2646	0.0533954	0.0748008	0.11283
50	0.00126	0.2646	0.0530584	0.0701633	0.069577
120	0.00126	0.2646	0.0529255	0.0696309	0.0711346
142	0.00126	0.2646	0.0526742	0.0690086	0.0685648
72	0.00126	0.2646	0.0528104	0.0695597	0.0690524
86	0.00126	0.2646	0.0526555	0.0689597	0.0685186
167	0.00126	0.2646	0.0529219	0.0700307	0.069906
94	0.00126	0.2646	0.0527952	0.0695362	0.0701673
189	0.00126	0.2646	0.0526863	0.0691414	0.0686806
134	0.00126	0.2646	0.0526573	0.0690963	0.06955
100	0.00126	0.2646	0.052705	0.0690175	0.068573
35	0.00126	0.2646	0.0531726	0.0707233	0.0706255
195	0.00126	0.2646	0.0528191	0.070003	0.0768131
35	0.00126	0.2646	0.0528357	0.0693238	0.0693125
138	0.00126	0.2646	0.0542038	0.0811195	0.15881
112	0.00126	0.2646	0.0528995	0.0694192	0.0689392
79	0.00126	0.2646	0.0530443	0.0701711	0.0701564
142	0.00126	0.2646	0.0537507	0.0769705	0.12317
62	0.00126	0.2646	0.0532593	0.0733224	0.101171
56	0.00126	0.2646	0.0529313	0.0697816	0.0692183
81	0.00126	0.2646	0.0528734	0.0693965	0.0694965
167	0.00126	0.2646	0.0540901	0.079838	0.146169
52	0.00126	0.2646	0.0528728	0.0695603	0.0709098
67	0.00126	0.2646	0.0528746	0.0694364	0.0698059
203	0.00126	0.2646	0.0541926	0.0805381	0.148539
72	0.00126	0.2646	0.0530215	0.0699063	0.0696032
161	0.00126	0.2646	0.0528839	0.0695074	0.0692637
107	0.00126	0.2646	0.0542247	0.0821827	0.162697
15	0.00126	0.2646	0.0528658	0.0694781	0.0689797
161	0.00126	0.2646	0.0529103	0.0697349	0.0694966
65	0.00126	0.2646	0.0528523	0.069564	0.0690494
112	0.00126	0.2646	0.052841	0.069517	0.0690112
76	0.00126	0.2646	0.0528086	0.0694088	0.0689204
52	0.00126	0.2646	0.0528141	0.069353	0.0688813
161	0.00126	0.2646	0.0529987	0.0703231	0.0722517
170	0.00126	0.2646	0.0527208	0.0692496	0.0703044
92	0.00126	0.2646	0.0528593	0.0708219	0.0839567
50	0.00126	0.2646	0.0528823	0.0698337	0.070052
214	0.00126	0.2646	0.0527777	0.0693651	0.0703641
56	0.00126	0.2646	0.0531111	0.0706068	0.0724527
85	0.00126	0.2646	0.0527522	0.0692451	0.0695865
87	0.00126	0.2646	0.0526754	0.0689877	0.0685449
90	0.00126	0.2646	0.052878	0.0696988	0.0691584
50	0.00126	0.2646	0.0529612	0.0697845	0.0698253
63	0.00126	0.2646	0.0530921	0.0703292	0.0696995
119	0.00126	0.2646	0.05271	0.0692283	0.0703642
112	0.00126	0.2646	0.052711	0.0691231	0.0686696
132	0.00126	0.2646	0.0529422	0.0698056	0.0692377
66	0.00126	0.2646	0.0532456	0.0710079	0.0772192
145	0.00126	0.2646	0.0555669	0.090961	0.221777
62	0.00126	0.2646	0.0531386	0.0707815	0.079226
16	0.00126	0.2646	0.0528572	0.0695031	0.0689988
82	0.00126	0.2646	0.0530492	0.071644	0.0891861
198	0.00126	0.2646	0.0530236	0.0701299	0.0707378
31	0.00126	0.2646	0.0528842	0.0699337	0.0721234
142	0.00126	0.2646	0.0526789	0.0689934	0.0685493
14	0.00126	0.2646	0.0529026	0.0697932	0.0692497
102	0.00126	0.2646	0.0527428	0.0691582	0.0689921
32	0.00126	0.2646	0.0527417	0.0692305	0.0696849
80	0.00126	0.2646	0.0531243	0.0702731	0.0699604
132	0.00126	0.2646	0.0534949	0.0730648	0.0918322
141	0.00126	0.2646	0.0539226	0.078764	0.141375
75	0.00126	0.2646	0.0529304	0.0695691	0.0695812
109	0.00126	0.2646	0.0527941	0.0692178	0.0687583
174	0.00126	0.2646	0.0529009	0.070331	0.0793301
62	0.00126	0.2646	0.052982	0.0695853	0.0690869
124	0.00126	0.2646	0.0547941	0.0842582	0.173243
30	0.00126	0.2646	0.0531455	0.0701239	0.0695236
88	0.00126	0.2646	0.0527026	0.0690706	0.0688798
147	0.00126	0.2646	0.0527146	0.0691426	0.0689834
57	0.00126	0.2646	0.0527501	0.0692252	0.0687646
117	0.00126	0.2646	0.052832	0.0694816	0.0689796
157	0.00126	0.2646	0.0529967	0.0704565	0.0736597
126	0.00126	0.2646	0.0527992	0.0693153	0.0695818
38	0.00126	0.2646	0.0527389	0.0691506	0.0686946
52	0.00126	0.2646	0.0530767	0.0701138	0.0695185
59	0.00126	0.2646	0.0548004	0.0841952	0.167608
45	0.00126	0.2646	0.0529844	0.0697172	0.0707602
66	0.00126	0.2646	0.0526995	0.0690211	0.0685769
142	0.00126	0.2646	0.0529323	0.0701924	0.0726866
95	0.00126	0.2646	0.0526826	0.0689921	0.0685495
160	0.00126	0.2646	0.0528264	0.0693762	0.0688992
100	0.00126	0.2646	0.0539411	0.0796512	0.146334
81	0.00126	0.2646	0.0526819	0.0690057	0.0685613
77	0.00126	0.2646	0.0528454	0.0696533	0.0691181
179	0.00126	0.2646	0.0526914	0.0690482	0.0685986
81	0.00126	0.2646	0.0528954	0.0697387	0.0691869
81	0.00126	0.2646	0.0528803	0.0696123	0.0691038
140	0.00126	0.2646	0.0528935	0.0695666	0.0706306
150	0.00126	0.2646	0.0540583	0.0800788	0.147032
15	0.00126	0.2646	0.0528112	0.0692577	0.0687902
61	0.00126	0.2646	0.052809	0.0703577	0.0804291
146	0.00126	0.2646	0.0527832	0.0695144	0.0694933
15	0.00126	0.2646	0.0528165	0.0695167	0.0689984
69	0.00126	0.2646	0.0528397	0.0699167	0.0731678
110	0.00126	0.2646	0.0526202	0.0689962	0.0694024
106	0.00126	0.2646	0.0526582	0.0690245	0.0685767
32	0.00126	0.2646	0.0527814	0.0694104	0.0689112
27	0.00126	0.2646	0.0527648	0.0693201	0.0688381
126	0.00126	0.2646	0.052805	0.0694788	0.068971
85	0.00126	0.2646	0.0527224	0.0692164	0.0687457
106	0.00126	0.2646	0.0527622	0.069757	0.0743289
95	0.00126	0.2646	0.0527075	0.069381	0.0718075
146	0.00126	0.2646	0.0525999	0.0689235	0.068947
85	0.00126	0.2646	0.0527067	0.0692823	0.0690818
145	0.00126	0.2646	0.0526011	0.06893	0.0684916
93	0.00126	0.2646	0.052585	0.0690288	0.0685626
98	0.00126	0.2646	0.0526443	0.0689965	0.0685523
129	0.00126	0.2646	0.0527245	0.0692921	0.0690735
141	0.00126	0.2646	0.0528163	0.0695915	0.0690455
106	0.00126	0.2646	0.0526692	0.0689712	0.0685286
51	0.00126	0.2646	0.0529736	0.0705453	0.0759183
111	0.00126	0.2646	0.0526533	0.0690293	0.0688316
21	0.00126	0.2646	0.052696	0.0690347	0.0685881
77	0.00126	0.2646	0.0528694	0.0700734	0.0735195
111	0.00126	0.2646	0.0526162	0.0689007	0.0684646
63	0.00126	0.2646	0.0526011	0.0688979	0.0684611
110	0.00126	0.2646	0.0527388	0.0693119	0.0688264
78	0.00126	0.2646	0.0529003	0.0696504	0.0702903
213	0.00126	0.2646	0.0544765	0.0839306	0.175097
39	0.00126	0.2646	0.052887	0.0693735	0.0688843
78	0.00126	0.2646	0.0532363	0.0728512	0.0949786
123	0.00126	0.2646	0.0527955	0.0694166	0.0692434
91	0.00126	0.2646	0.0529979	0.0699191	0.0693741
158	0.00126	0.2646	0.0529271	0.0698896	0.069326
94	0.00126	0.2646	0.0526668	0.0690614	0.0686134
60	0.00126	0.2646	0.05262	0.0689918	0.0691524
92	0.00126	0.2646	0.0527806	0.0695493	0.0690217
83	0.00126	0.2646	0.0526918	0.0691065	0.069147
60	0.00126	0.2646	0.0528957	0.0698065	0.069242
126	0.00126	0.2646	0.0526808	0.0690032	0.0685588
112	0.00126	0.2646	0.0527858	0.0693033	0.0688328
98	0.00126	0.2646	0.0535228	0.076065	0.12278
213	0.00126	0.2646	0.0533982	0.074377	0.109176
112	0.00126	0.2646	0.053468	0.076186	0.12193
54	0.00126	0.2646	0.0526671	0.0690545	0.0686013
128	0.00126	0.2646	0.0526748	0.0690572	0.0686095
83	0.00126	0.2646	0.0529342	0.0698225	0.0692531
50	0.00126	0.2646	0.0529764	0.0700008	0.0694242
143	0.00126	0.2646	0.0532954	0.0724466	0.0899552
41	0.00126	0.2646	0.0527855	0.0693901	0.07052
63	0.00126	0.2646	0.0526717	0.0691048	0.0697673
91	0.00126	0.2646	0.0528577	0.069717	0.0709991
103	0.00126	0.2646	0.0532784	0.0738305	0.104853
152	0.00126	0.2646	0.0528693	0.0698895	0.0698969
86	0.00126	0.2646	0.0526518	0.0690163	0.0691021
198	0.00126	0.2646	0.0529593	0.0697357	0.0709008
114	0.00126	0.2646	0.0549652	0.0858462	0.182779
111	0.00126	0.2646	0.0543795	0.080972	0.149142
149	0.00126	0.2646	0.0550357	0.0844405	0.165091
48	0.00126	0.2646	0.0531538	0.0700807	0.0697966
97	0.00126	0.2646	0.0527549	0.0692173	0.0692132
68	0.00126	0.2646	0.0527936	0.0693697	0.0688994
126	0.00126	0.2646	0.052878	0.0696127	0.0693541
93	0.00126	0.2646	0.0535982	0.078049	0.135621
94	0.00126	0.2646	0.0527346	0.0691711	0.0687082
69	0.00126	0.2646	0.053033	0.0711954	0.0853932
199	0.00126	0.2646	0.0532184	0.0706057	0.0699161
129	0.00126	0.2646	0.0529271	0.0696884	0.0691534
80	0.00126	0.2646	0.0532057	0.0703187	0.0702229
187	0.00126	0.2646	0.0541999	0.080676	0.152609
109	0.00126	0.2646	0.0529813	0.0698505	0.0700818
145	0.00126	0.2646	0.0527041	0.0690383	0.0688445
49	0.00126	0.2646	0.053142	0.0704529	0.0698134
103	0.00126	0.2646	0.053033	0.0701816	0.0701641
146	0.00126	0.2646	0.0529088	0.0695334	0.070195
78	0.00126	0.2646	0.0535158	0.0712904	0.0710559
165	0.00126	0.2646	0.0548469	0.084686	0.177567
154	0.00126	0.2646	0.0531085	0.0704059	0.0756874
91	0.00126	0.2646	0.0530348	0.0702628	0.0724971
95	0.00126	0.2646	0.0529304	0.0699391	0.0716811
108	0.00126	0.2646	0.0527469	0.0693128	0.0705483
25	0.00126	0.2646	0.052757	0.0691206	0.0686686
179	0.00126	0.2646	0.0527782	0.0694404	0.0713772
43	0.00126	0.2646	0.0528921	0.0695902	0.0696759
163	0.00126	0.2646	0.0534711	0.0734349	0.0970457
86	0.00126	0.2646	0.0544377	0.0812359	0.153202
100	0.00126	0.2646	0.0532931	0.0705796	0.069936
113	0.00126	0.2646	0.0528889	0.0696346	0.0718143
104	0.00126	0.2646	0.0534544	0.0750361	0.113067
79	0.00126	0.2646	0.0529012	0.0698036	0.0711737
69	0.00126	0.2646	0.0527743	0.0694608	0.0706139
89	0.00126	0.2646	0.0527983	0.0694771	0.0692445
134	0.00126	0.2646	0.052611	0.0689077	0.0684713
27	0.00126	0.2646	0.0527585	0.0694346	0.0699534
96	0.00126	0.2646	0.0528012	0.0696582	0.072603
104	0.00126	0.2646	0.0530242	0.0701066	0.0716884
64	0.00126	0.2646	0.0538569	0.0775636	0.128418
42	0.00126	0.2646	0.0529602	0.0696555	0.0691465
75	0.00126	0.2646	0.0530731	0.0710963	0.0799282
138	0.00126	0.2646	0.0527259	0.0693138	0.0708434
43	0.00126	0.2646	0.0526591	0.0690687	0.0686216
55	0.00126	0.2646	0.0526171	0.0690058	0.0692972
133	0.00126	0.2646	0.0526622	0.0690169	0.0685703
65	0.00126	0.2646	0.053292	0.0747027	0.113042
122	0.00126	0.2646	0.052682	0.0690593	0.0686097
62	0.00126	0.2646	0.0526353	0.068931	0.0684918
104	0.00126	0.2646	0.052885	0.0697719	0.0708581
139	0.00126	0.2646	0.0534606	0.075786	0.120423
50	0.00126	0.2646	0.0527808	0.0692844	0.0688183
168	0.00126	0.2646	0.0526615	0.0692152	0.0709018
57	0.00126	0.2646	0.0526447	0.0690334	0.0685866
76	0.00126	0.2646	0.0525795	0.0688533	0.0684203
41	0.00126	0.2646	0.0526705	0.0690151	0.0685693
108	0.00126	0.2646	0.0527647	0.0693881	0.0688999
69	0.00126	0.2646	0.0528497	0.0708147	0.0836334
144	0.00126	0.2646	0.0527553	0.0801802	0.162757
115	0.00126	0.2646	0.0528752	0.0699899	0.0717861
77	0.00126	0.2646	0.0526532	0.0689927	0.0688641
100	0.00126	0.2646	0.0526982	0.0692649	0.0701685
102	0.00126	0.2646	0.0528122	0.0692663	0.0687908
169	0.00126	0.2646	0.0541541	0.08143	0.157696
108	0.00126	0.2646	0.0528231	0.0695763	0.0690451
112	0.00126	0.2646	0.052953	0.0699351	0.0693639
17	0.00126	0.2646	0.0526957	0.0690467	0.0685993
181	0.00126	0.2646	0.0526482	0.0690947	0.0686452
71	0.00126	0.2646	0.0526244	0.0691099	0.0686391
149	0.00126	0.2646	0.0527259	0.0692738	0.068801
105	0.00126	0.2646	0.0526413	0.0689739	0.0687874
142	0.00126	0.2646	0.0528076	0.0696186	0.0693408
44	0.00126	0.2646	0.0526718	0.0689922	0.0685484
63	0.00126	0.2646	0.0528491	0.0696762	0.0691382
136	0.00126	0.2646	0.0527265	0.0690925	0.0686413
103	0.00126	0.2646	0.0540325	0.0790789	0.13734
81	0.00126	0.2646	0.0528451	0.0693521	0.069149
144	0.00126	0.2646	0.0529659	0.0715361	0.0866146
58	0.00126	0.2646	0.0527726	0.0694833	0.0692664
175	0.00126	0.2646	0.0527074	0.0693504	0.0710963
15	0.00126	0.2646	0.0527204	0.069286	0.0688022
153	0.00126	0.2646	0.0527069	0.0692289	0.0702176
141	0.00126	0.2646	0.0527789	0.0694871	0.0697746
130	0.00126	0.2646	0.0527134	0.0690823	0.068923
113	0.00126	0.2646	0.0530132	0.0699449	0.069635
39	0.00126	0.2646	0.0528834	0.0697308	0.0692028
104	0.00126	0.2646	0.052725	0.0693457	0.0694028
86	0.00126	0.2646	0.0527641	0.0695489	0.0690276
147	0.00126	0.2646	0.0528447	0.0696197	0.0696797
54	0.00126	0.2646	0.0529434	0.0696931	0.0691774
169	0.00126	0.2646	0.0537188	0.07739	0.131182
123	0.00126	0.2646	0.0530752	0.0700419	0.0694775
83	0.00126	0.2646	0.0530812	0.0709615	0.0795149
246	0.00126	0.2646	0.0527797	0.0693276	0.0688565
103	0.00126	0.2646	0.0527526	0.0692284	0.0687696
68	0.00126	0.2646	0.0527846	0.0693472	0.0688745
29	0.00126	0.2646	0.0527007	0.0691622	0.0687027
125	0.00126	0.2646	0.0527348	0.0692666	0.0687975
43	0.00126	0.2646	0.0529504	0.0696643	0.0691632
182	0.00126	0.2646	0.0539855	0.0779984	0.129846
80	0.00126	0.2646	0.0533665	0.0713088	0.0768117
168	0.00126	0.2646	0.0544616	0.0818073	0.157148
79	0.00126	0.2646	0.0529956	0.0695909	0.0690931
138	0.00126	0.2646	0.0529893	0.0713927	0.0876905
100	0.00126	0.2646	0.0530462	0.0721582	0.0937121
62	0.00126	0.2646	0.0531751	0.070521	0.0698754
46	0.00126	0.2646	0.0532953	0.0727129	0.0911745
127	0.00126	0.2646	0.0527761	0.0693413	0.0704281
98	0.00126	0.2646	0.0528884	0.0698018	0.0717446
88	0.00126	0.2646	0.0530482	0.0700876	0.0695279
44	0.00126	0.2646	0.0529074	0.0698463	0.0730929
76	0.00126	0.2646	0.0531315	0.0705209	0.0719286
77	0.00126	0.2646	0.0529123	0.0696228	0.0690949
164	0.00126	0.2646	0.0527864	0.0693973	0.0700938
194	0.00126	0.2646	0.0527788	0.0692098	0.0687511
158	0.00126	0.2646	0.0564834	0.0983331	0.279316
102	0.00126	0.2646	0.0546116	0.080985	0.148586
79	0.00126	0.2646	0.053179	0.070106	0.0701289
146	0.00126	0.2646	0.0537784	0.0762265	0.119138
147	0.00126	0.2646	0.054291	0.079728	0.143888
238	0.00126	0.2646	0.0534059	0.0726581	0.0933597
160	0.00126	0.2646	0.0540838	0.0798452	0.147075
125	0.00126	0.2646	0.0530189	0.0698947	0.0703391
87	0.00126	0.2646	0.0529513	0.0697412	0.0692119
11	0.00126	0.2646	0.0532305	0.0700594	0.0695089
12	0.00126	0.2646	0.0532495	0.0706416	0.0699839
77	0.00126	0.2646	0.0538886	0.0766282	0.120456
170	0.00126	0.2646	0.0540877	0.079168	0.140461
118	0.00126	0.2646	0.0531759	0.0702945	0.0699404
55	0.00126	0.2646	0.0531106	0.0702032	0.0696105
77	0.00126	0.2646	0.052849	0.0694119	0.0695476
86	0.00126	0.2646	0.0530584	0.0700414	0.0694689
141	0.00126	0.2646	0.0537995	0.077624	0.130906
138	0.00126	0.2646	0.0534374	0.0743652	0.107657
96	0.00126	0.2646	0.0528252	0.0692095	0.0687494
84	0.00126	0.2646	0.0527305	0.069468	0.0722498
72	0.00126	0.2646	0.0529359	0.0699032	0.0693329
121	0.00126	0.2646	0.0528727	0.0695638	0.0690468
72	0.00126	0.2646	0.052889	0.0693602	0.0688786
95	0.00126	0.2646	0.0542061	0.0806385	0.150259
121	0.00126	0.2646	0.0529858	0.069844	0.0705068
142	0.00126	0.2646	0.0527981	0.0693417	0.0696837
173	0.00126	0.2646	0.0528758	0.069583	0.0693841
121	0.00126	0.2646	0.0530211	0.0709302	0.0793309
86	0.00126	0.2646	0.0526524	0.0689469	0.0685079
79	0.00126	0.2646	0.052677	0.0691964	0.069202
119	0.00126	0.2646	0.0527664	0.0693504	0.0688684
108	0.00126	0.2646	0.0528073	0.0695724	0.0695394
63	0.00126	0.2646	0.0526602	0.0690962	0.0686255
104	0.00126	0.2646	0.0528999	0.069916	0.0715276
87	0.00126	0.2646	0.0527961	0.0693713	0.0688862
163	0.00126	0.2646	0.0528737	0.0699668	0.0731862
117	0.00126	0.2646	0.052886	0.0696656	0.0691383
74	0.00126	0.2646	0.0529125	0.0700829	0.0728283
113	0.00126	0.2646	0.0526313	0.0689548	0.0685136
110	0.00126	0.2646	0.0530717	0.070269	0.0704449
106	0.00126	0.2646	0.0537617	0.0777506	0.134432
132	0.00126	0.2646	0.0530337	0.0703811	0.0738783
81	0.00126	0.2646	0.0529537	0.0697571	0.0703184
179	0.00126	0.2646	0.054529	0.0827336	0.161281
20	0.00126	0.2646	0.0529043	0.0693778	0.0688953
77	0.00126	0.2646	0.0529506	0.0705608	0.078675
110	0.00126	0.2646	0.0529083	0.06973	0.069199
103	0.00126	0.2646	0.0529743	0.0704574	0.075091
117	0.00126	0.2646	0.053513	0.0786876	0.140206
141	0.00126	0.2646	0.0542665	0.0800737	0.141621
119	0.00126	0.2646	0.0529804	0.0697511	0.0695334
41	0.00126	0.2646	0.0528025	0.0694991	0.0689893
106	0.00126	0.2646	0.0530136	0.0705134	0.0763976
187	0.00126	0.2646	0.0536485	0.075326	0.109791
95	0.00126	0.2646	0.0527431	0.0691254	0.0689539
67	0.00126	0.2646	0.0526895	0.069186	0.0695133
45	0.00126	0.2646	0.0527869	0.0695134	0.0690206
53	0.00126	0.2646	0.0527104	0.0690834	0.0686347
123	0.00126	0.2646	0.0529975	0.070032	0.0696991
82	0.00126	0.2646	0.0545256	0.0819243	0.1554
59	0.00126	0.2646	0.052967	0.069549	0.0690461
165	0.00126	0.2646	0.0538746	0.0790792	0.136725
215	0.00126	0.2646	0.0539875	0.0791215	0.137187
90	0.00126	0.2646	0.0529548	0.0702097	0.0749554
52	0.00126	0.2646	0.0526537	0.0689828	0.0687819
129	0.00126	0.2646	0.0527619	0.0692124	0.0690336
96	0.00126	0.2646	0.0536841	0.0763655	0.122693
163	0.00126	0.2646	0.0529634	0.0697167	0.0702809
75	0.00126	0.2646	0.053703	0.0759392	0.119704
47	0.00126	0.2646	0.0528573	0.0695865	0.0690608
73	0.00126	0.2646	0.0527629	0.0692215	0.0687508
118	0.00126	0.2646	0.0540612	0.0805756	0.148623
114	0.00126	0.2646	0.0541936	0.0799008	0.144213
67	0.00126	0.2646	0.0528988	0.0696158	0.0706648
50	0.00126	0.2646	0.0527934	0.0694444	0.0694064
128	0.00126	0.2646	0.0529329	0.0694489	0.0689567
122	0.00126	0.2646	0.0546827	0.08415	0.174543
140	0.00126	0.2646	0.053411	0.0735837	0.101777
127	0.00126	0.2646	0.0528868	0.0698345	0.0722862
129	0.00126	0.2646	0.0526582	0.0690204	0.0688758
97	0.00126	0.2646	0.0527825	0.0694679	0.0710631
126	0.00126	0.2646	0.0535259	0.0753073	0.112658
127	0.00126	0.2646	0.0537148	0.0762466	0.120114
134	0.00126	0.2646	0.0530479	0.070794	0.0789916
92	0.00126	0.2646	0.0527475	0.0691697	0.0690302
159	0.00126	0.2646	0.0529641	0.0700384	0.0720308
66	0.00126	0.2646	0.0530358	0.0700803	0.0694898
51	0.00126	0.2646	0.0528402	0.0694677	0.0689857
54	0.00126	0.2646	0.052737	0.069518	0.0720432
89	0.00126	0.2646	0.0527902	0.0692958	0.0694298
128	0.00126	0.2646	0.0529893	0.0701772	0.0710417
55	0.00126	0.2646	0.0527802	0.0693497	0.0691377
57	0.00126	0.2646	0.0527688	0.0693407	0.0688665
49	0.00126	0.2646	0.0527431	0.069269	0.0690912
97	0.00126	0.2646	0.0527051	0.0691897	0.0699489
104	0.00126	0.2646	0.0528976	0.069708	0.0691724
11	0.00126	0.2646	0.0527649	0.0691265	0.0686723
79	0.00126	0.2646	0.0530006	0.070559	0.0759253
28	0.00126	0.2646	0.0527744	0.0692938	0.0688236
67	0.00126	0.2646	0.0533749	0.071751	0.0796885
68	0.00126	0.2646	0.0530067	0.0699297	0.0703198
84	0.00126	0.2646	0.0527481	0.0691434	0.0686912
123	0.00126	0.2646	0.0528024	0.0693905	0.0689071
43	0.00126	0.2646	0.0531604	0.0722191	0.0908875
110	0.00126	0.2646	0.0528462	0.069579	0.0700998
76	0.00126	0.2646	0.0528977	0.0696352	0.0691122
112	0.00126	0.2646	0.0528373	0.069263	0.0687932
150	0.00126	0.2646	0.0538386	0.077961	0.133532
171	0.00126	0.2646	0.0535121	0.0746565	0.11046
83	0.00126	0.2646	0.0527936	0.0693898	0.0701623
95	0.00126	0.2646	0.0529622	0.0699746	0.0696939
81	0.00126	0.2646	0.0528558	0.0696236	0.0693769
82	0.00126	0.2646	0.0527104	0.0695194	0.0733023
49	0.00126	0.2646	0.0527574	0.0692432	0.0687816
164	0.00126	0.2646	0.0528754	0.0700102	0.0740366
61	0.00126	0.2646	0.0529448	0.0697887	0.0695395
117	0.00126	0.2646	0.0529343	0.0697228	0.0701331
48	0.00126	0.2646	0.0530241	0.0701258	0.069538
171	0.00126	0.2646	0.0527737	0.0693291	0.0694158
158	0.00126	0.2646	0.0528523	0.0694834	0.0689817
81	0.00126	0.2646	0.0541234	0.0810806	0.154336
124	0.00126	0.2646	0.0530602	0.0702235	0.0706603
48	0.00126	0.2646	0.052726	0.0691036	0.0689547
99	0.00126	0.2646	0.0529958	0.0699287	0.0693776
150	0.00126	0.2646	0.0535645	0.0760539	0.122078
199	0.00126	0.2646	0.0530325	0.0698748	0.069614
58	0.00126	0.2646	0.0532995	0.0707073	0.0703043
197	0.00126	0.2646	0.0538938	0.0786171	0.141739
149	0.00126	0.2646	0.05278	0.0692086	0.0687444
58	0.00126	0.2646	0.0532598	0.0738763	0.105614
115	0.00126	0.2646	0.0531808	0.0709472	0.0719352
207	0.00126	0.2646	0.0539183	0.0791244	0.141361
98	0.00126	0.2646	0.0528281	0.0693372	0.0696215
110	0.00126	0.2646	0.0529897	0.0701144	0.0718496
142	0.00126	0.2646	0.0529792	0.0698706	0.0710205
85	0.00126	0.2646	0.0541366	0.0797773	0.144834
143	0.00126	0.2646	0.0544601	0.0823926	0.164673
112	0.00126	0.2646	0.0530569	0.0699582	0.0694139
83	0.00126	0.2646	0.0528505	0.0700773	0.0735103
180	0.00126	0.2646	0.05288	0.0697622	0.0702277
34	0.00126	0.2646	0.0528337	0.0698301	0.0692734
127	0.00126	0.2646	0.0528434	0.0700977	0.0772514
144	0.00126	0.2646	0.0529289	0.069578	0.070504
101	0.00126	0.2646	0.0543478	0.0807393	0.145125
96	0.00126	0.2646	0.0528577	0.0693465	0.0693741
136	0.00126	0.2646	0.052728	0.0693379	0.0704391
173	0.00126	0.2646	0.0528203	0.0699574	0.0743904
65	0.00126	0.2646	0.0527396	0.0693158	0.0697606
71	0.00126	0.2646	0.0528144	0.0697233	0.0691813
117	0.00126	0.2646	0.0542246	0.0808833	0.152071
52	0.00126	0.2646	0.0528507	0.0693097	0.068834
66	0.00126	0.2646	0.0527836	0.0693322	0.0688566
89	0.00126	0.2646	0.0530323	0.0698707	0.0693265
133	0.00126	0.2646	0.0540633	0.078472	0.130995
89	0.00126	0.2646	0.0528098	0.0692123	0.0687495
100	0.00126	0.2646	0.0527972	0.0700923	0.0770776
144	0.00126	0.2646	0.0530944	0.0732274	0.10306
110	0.00126	0.2646	0.0526938	0.0690968	0.0688819
37	0.00126	0.2646	0.052863	0.0693868	0.0689061
116	0.00126	0.2646	0.0530492	0.0703192	0.0709321
75	0.00126	0.2646	0.0527597	0.0691601	0.0689439
149	0.00126	0.2646	0.0534047	0.0749355	0.110882
54	0.00126	0.2646	0.0529755	0.0698964	0.069356
171	0.00126	0.2646	0.0528304	0.0694891	0.0689889
132	0.00126	0.2646	0.0526618	0.0689986	0.0685556
81	0.00126	0.2646	0.0527923	0.0698484	0.0737201
89	0.00126	0.2646	0.0528886	0.0701146	0.0735074
100	0.00126	0.2646	0.0527317	0.069304	0.0701178
82	0.00126	0.2646	0.0528462	0.0698949	0.0738639
179	0.00126	0.2646	0.0526506	0.0690156	0.0685699
129	0.00126	0.2646	0.0526687	0.0690552	0.068918
61	0.00126	0.2646	0.0529647	0.0701498	0.0698758
151	0.00126	0.2646	0.0532781	0.0731322	0.0973976
91	0.00126	0.2646	0.0527227	0.0691313	0.0689551
102	0.00126	0.2646	0.0527985	0.0697421	0.070779
94	0.00126	0.2646	0.0527398	0.0692447	0.0698314
71	0.00126	0.2646	0.0530201	0.0703149	0.0717838
70	0.00126	0.2646	0.0527742	0.069281	0.0688135
62	0.00126	0.2646	0.0526418	0.0690014	0.0688711
96	0.00126	0.2646	0.0526897	0.0694291	0.0730335
248	0.00126	0.2646	0.0528679	0.0697921	0.0697874
69	0.00126	0.2646	0.0527831	0.0693871	0.0691782
141	0.00126	0.2646	0.0528187	0.0696857	0.0705958
158	0.00126	0.2646	0.0526633	0.0691308	0.06969
148	0.00126	0.2646	0.0526805	0.0690394	0.0685922
90	0.00126	0.2646	0.0529601	0.0699303	0.0703887
115	0.00126	0.2646	0.0535857	0.076032	0.122197
110	0.00126	0.2646	0.053032	0.0701028	0.0697988
73	0.00126	0.2646	0.0526736	0.0690834	0.0694563
130	0.00126	0.2646	0.0529184	0.0694769	0.0689934
150	0.00126	0.2646	0.0545601	0.0847428	0.184178
77	0.00126	0.2646	0.0528816	0.069439	0.0689589
70	0.00126	0.2646	0.0526338	0.0689269	0.0684898
63	0.00126	0.2646	0.0526462	0.0689632	0.068523
128	0.00126	0.2646	0.0528585	0.0694282	0.0689393
215	0.00126	0.2646	0.0542724	0.0819059	0.164304
127	0.00126	0.2646	0.0530685	0.0698735	0.069338
105	0.00126	0.2646	0.0537089	0.0772659	0.129055
102	0.00126	0.2646	0.0527963	0.0693377	0.0700782
83	0.00126	0.2646	0.0530061	0.0701575	0.0710172
17	0.00126	0.2646	0.0529618	0.0698637	0.0693227
160	0.00126	0.2646	0.0528997	0.0706497	0.0810758
44	0.00126	0.2646	0.052683	0.0690331	0.0685884
85	0.00126	0.2646	0.0528839	0.0697346	0.0692007
112	0.00126	0.2646	0.0531049	0.0722826	0.0942206
73	0.00126	0.2646	0.0531874	0.070679	0.0700143
51	0.00126	0.2646	0.0527909	0.0692129	0.0693006
89	0.00126	0.2646	0.0529268	0.0698302	0.0692781
72	0.00126	0.2646	0.0527973	0.0693066	0.0688357
60	0.00126	0.2646	0.0526688	0.0690673	0.0688927
58	0.00126	0.2646	0.0526912	0.069168	0.0693914
66	0.00126	0.2646	0.0527586	0.0695243	0.0703754
135	0.00126	0.2646	0.0526601	0.0692192	0.0702581
191	0.00126	0.2646	0.0527533	0.0694453	0.0707195
114	0.00126	0.2646	0.0529378	0.0697273	0.0702994
135	0.00126	0.2646	0.0543241	0.0820878	0.163846
105	0.00126	0.2646	0.0531273	0.0701216	0.0695642
164	0.00126	0.2646	0.0527542	0.0691392	0.0686845
64	0.00126	0.2646	0.0526384	0.0689342	0.0684954
117	0.00126	0.2646	0.0527157	0.069486	0.0718878
169	0.00126	0.2646	0.0529431	0.0705528	0.0737469
100	0.00126	0.2646	0.0534214	0.0753319	0.11766
125	0.00126	0.2646	0.052825	0.0698516	0.0747254
93	0.00126	0.2646	0.0531181	0.0726757	0.0973004
33	0.00126	0.2646	0.052844	0.0694574	0.0689725
74	0.00126	0.2646	0.0531536	0.0703108	0.071515
205	0.00126	0.2646	0.0546432	0.0825741	0.170829
63	0.00126	0.2646	0.0530466	0.0698801	0.0693446
10	0.00126	0.2646	0.0526732	0.0690202	0.0685743
106	0.00126	0.2646	0.0527647	0.0696168	0.0706453
93	0.00126	0.2646	0.0533341	0.079678	0.149474
69	0.00126	0.2646	0.0528884	0.0699305	0.0693726
95	0.00126	0.2646	0.0526997	0.0690331	0.0685883
52	0.00126	0.2646	0.0529451	0.070085	0.071364
90	0.00126	0.2646	0.0527066	0.0690408	0.0685955
67	0.00126	0.2646	0.0528718	0.0696042	0.0693521
16	0.00126	0.2646	0.0531392	0.070412	0.0698045
63	0.00126	0.2646	0.0529456	0.0699635	0.0713452
110	0.00126	0.2646	0.0528833	0.0706418	0.0810657
117	0.00126	0.2646	0.0527855	0.0692696	0.0690881
140	0.00126	0.2646	0.0528567	0.0696094	0.069074
162	0.00126	0.2646	0.0529284	0.069797	0.069251
70	0.00126	0.2646	0.0529162	0.069616	0.0690959
161	0.00126	0.2646	0.05332	0.0726241	0.0900573
136	0.00126	0.2646	0.0527589	0.0693129	0.0703457
104	0.00126	0.2646	0.0527648	0.0693649	0.0693971
174	0.00126	0.2646	0.0529425	0.0699824	0.0710033
183	0.00126	0.2646	0.0531611	0.0715417	0.0842453
202	0.00126	0.2646	0.0534463	0.0751506	0.114341
67	0.00126	0.2646	0.0529553	0.070714	0.0797009
145	0.00126	0.2646	0.052709	0.069169	0.0698777
106	0.00126	0.2646	0.0528626	0.0693483	0.0688699
138	0.00126	0.2646	0.0541062	0.0797371	0.144194
103	0.00126	0.2646	0.053927	0.0775018	0.128763
78	0.00126	0.2646	0.0527976	0.0692452	0.0690337
60	0.00126	0.2646	0.0527244	0.0692568	0.0687905
122	0.00126	0.2646	0.0527434	0.069323	0.0694273
121	0.00126	0.2646	0.0528835	0.0698037	0.0700205
97	0.00126	0.2646	0.0528361	0.0698107	0.0729885
62	0.00126	0.2646	0.0526675	0.0691229	0.068984
56	0.00126	0.2646	0.0526312	0.0689412	0.0685024
94	0.00126	0.2646	0.052839	0.0695648	0.069058
29	0.00126	0.2646	0.0530727	0.0702508	0.0696524
122	0.00126	0.2646	0.0528579	0.0694907	0.0690006
117	0.00126	0.2646	0.0529016	0.0699221	0.0707162
115	0.00126	0.2646	0.053279	0.0743343	0.110339
197	0.00126	0.2646	0.0527604	0.0693415	0.0699464
145	0.00126	0.2646	0.0529238	0.0712811	0.087554
79	0.00126	0.2646	0.0526555	0.0690373	0.068836
136	0.00126	0.2646	0.0527074	0.0697648	0.0720279
105	0.00126	0.2646	0.0527842	0.0699448	0.0762879
84	0.00126	0.2646	0.0533473	0.0746077	0.11177
104	0.00126	0.2646	0.0530409	0.0701425	0.0695452
22	0.00126	0.2646	0.0528451	0.0693633	0.0688805
95	0.00126	0.2646	0.0541813	0.0822675	0.166704
53	0.00126	0.2646	0.0528579	0.0695217	0.0690255
116	0.00126	0.2646	0.0526941	0.0690537	0.0686063
107	0.00126	0.2646	0.052814	0.0695768	0.0690582
115	0.00126	0.2646	0.0526169	0.0689021	0.0684657
131	0.00126	0.2646	0.0526366	0.0689829	0.0685405
143	0.00126	0.2646	0.0526771	0.0691708	0.0695986
60	0.00126	0.2646	0.0526889	0.069174	0.068706
108	0.00126	0.2646	0.0526626	0.069072	0.0690813
66	0.00126	0.2646	0.0526558	0.0689716	0.0685297
43	0.00126	0.2646	0.0529681	0.0703243	0.0721835
176	0.00126	0.2646	0.0527422	0.069184	0.0693125
60	0.00126	0.2646	0.052934	0.0698486	0.071194
156	0.00126	0.2646	0.0540004	0.0799922	0.149481
73	0.00126	0.2646	0.0527526	0.0691525	0.0686903
155	0.00126	0.2646	0.0528996	0.0698394	0.0698998
54	0.00126	0.2646	0.0528911	0.0697412	0.0692076
120	0.00126	0.2646	0.0527083	0.0691773	0.0687161
103	0.00126	0.2646	0.0526389	0.0689559	0.0685158
116	0.00126	0.2646	0.0528151	0.0695478	0.0692995
53	0.00126	0.2646	0.052916	0.0697177	0.069184
66	0.00126	0.2646	0.0529828	0.0700087	0.0694319
84	0.00126	0.2646	0.0528607	0.0697026	0.0710332
84	0.00126	0.2646	0.0529714	0.0699831	0.0694111
183	0.00126	0.2646	0.0527304	0.0692203	0.0701171
106	0.00126	0.2646	0.0545719	0.0847645	0.190414
128	0.00126	0.2646	0.0529521	0.0695281	0.0690441
115	0.00126	0.2646	0.053185	0.0732349	0.101181
100	0.00126	0.2646	0.0529603	0.0702711	0.0769159
146	0.00126	0.2646	0.0541175	0.0809378	0.153886
13	0.00126	0.2646	0.0530146	0.0697485	0.0692311
73	0.00126	0.2646	0.0536276	0.0767344	0.126569
94	0.00126	0.2646	0.0527993	0.0692284	0.0687626
96	0.00126	0.2646	0.0529855	0.0702566	0.0737451
157	0.00126	0.2646	0.0529672	0.0696855	0.070571
137	0.00126	0.2646	0.0529021	0.0698481	0.0693202
57	0.00126	0.2646	0.0526532	0.0690215	0.0691299
44	0.00126	0.2646	0.0526822	0.0691884	0.068725
55	0.00126	0.2646	0.0526398	0.0689599	0.0685196
100	0.00126	0.2646	0.0528542	0.0698018	0.0712124
79	0.00126	0.2646	0.0529246	0.0703464	0.0768891
115	0.00126	0.2646	0.0529933	0.0702435	0.0716054
95	0.00126	0.2646	0.052752	0.0691522	0.0690006
155	0.00126	0.2646	0.052928	0.0698911	0.0705217
51	0.00126	0.2646	0.0528673	0.06959	0.0693228
161	0.00126	0.2646	0.0528937	0.0711717	0.0875196
31	0.00126	0.2646	0.0526702	0.0692732	0.0705938
81	0.00126	0.2646	0.0526812	0.0692257	0.06902
69	0.00126	0.2646	0.0526105	0.0689129	0.0684765
137	0.00126	0.2646	0.0527069	0.0692835	0.0692857
131	0.00126	0.2646	0.0526958	0.0693096	0.0707343
118	0.00126	0.2646	0.0527421	0.069365	0.0702987
131	0.00126	0.2646	0.0528986	0.0696985	0.0691778
169	0.00126	0.2646	0.0529116	0.0699692	0.0717179
55	0.00126	0.2646	0.0527718	0.069426	0.0701735
60	0.00126	0.2646	0.0527307	0.0692247	0.0687666
62	0.00126	0.2646	0.0526988	0.0697205	0.0721694
114	0.00126	0.2646	0.0526595	0.0690626	0.068847
146	0.00126	0.2646	0.052636	0.0690016	0.0691617
121	0.00126	0.2646	0.0528696	0.0706435	0.0809638
58	0.00126	0.2646	0.0526675	0.0692735	0.0712163
34	0.00126	0.2646	0.0526789	0.0692095	0.0703999
101	0.00126	0.2646	0.0528782	0.0694293	0.0689437
135	0.00126	0.2646	0.0541688	0.0811454	0.155829
71	0.00126	0.2646	0.0532715	0.0728016	0.0950986
190	0.00126	0.2646	0.0528685	0.069368	0.0688863
133	0.00126	0.2646	0.0544989	0.0820555	0.155534
184	0.00126	0.2646	0.0548302	0.0849377	0.181508
131	0.00126	0.2646	0.0529568	0.0695119	0.0690178
92	0.00126	0.2646	0.0528635	0.0701269	0.076843
177	0.00126	0.2646	0.0529303	0.0697719	0.0692188
142	0.00126	0.2646	0.0535818	0.0753986	0.11416
145	0.00126	0.2646	0.0544518	0.0830137	0.171795
60	0.00126	0.2646	0.0530698	0.0700583	0.0700264
99	0.00126	0.2646	0.0527973	0.0695332	0.0708427
64	0.00126	0.2646	0.0527064	0.0691418	0.0686885
148	0.00126	0.2646	0.0528797	0.0696052	0.0690715
48	0.00126	0.2646	0.0531291	0.0703595	0.0697215
85	0.00126	0.2646	0.0531136	0.0703256	0.0700224
108	0.00126	0.2646	0.0528621	0.0695262	0.069034
75	0.00126	0.2646	0.0526934	0.069046	0.0685982
107	0.00126	0.2646	0.0527572	0.0693155	0.0691273
75	0.00126	0.2646	0.0529973	0.0699109	0.0693536
121	0.00126	0.2646	0.053976	0.0797285	0.146101
143	0.00126	0.2646	0.0528174	0.069513	0.0710995
31	0.00126	0.2646	0.0527011	0.0696947	0.071167
116	0.00126	0.2646	0.0526662	0.0690072	0.0688488
129	0.00126	0.2646	0.0529792	0.0698941	0.0696192
172	0.00126	0.2646	0.0544869	0.0825295	0.163924
86	0.00126	0.2646	0.0529804	0.0696229	0.0691236
118	0.00126	0.2646	0.0528583	0.0698695	0.0733143
131	0.00126	0.2646	0.0527493	0.0694194	0.0699205
40	0.00126	0.2646	0.0527281	0.0696212	0.0742639
49	0.00126	0.2646	0.0528317	0.0696386	0.0691165
95	0.00126	0.2646	0.052629	0.0689419	0.0688218
143	0.00126	0.2646	0.0535482	0.0828859	0.173206
156	0.00126	0.2646	0.0527636	0.0693417	0.0691333
113	0.00126	0.2646	0.0531138	0.0708932	0.0793936
158	0.00126	0.2646	0.054951	0.0861424	0.18396
96	0.00126	0.2646	0.0531806	0.0708337	0.0794302
206	0.00126	0.2646	0.0532971	0.0711046	0.0706519
74	0.00126	0.2646	0.052713	0.0690479	0.0686004
136	0.00126	0.2646	0.0526656	0.0691844	0.070215
19	0.00126	0.2646	0.0528541	0.0697353	0.0691947
124	0.00126	0.2646	0.0527208	0.0693132	0.0696325
84	0.00126	0.2646	0.0527353	0.0695653	0.0690407
160	0.00126	0.2646	0.0528261	0.0698729	0.0726189
56	0.00126	0.2646	0.0527078	0.0690936	0.0686442
74	0.00126	0.2646	0.0528851	0.0697474	0.0691828
69	0.00126	0.2646	0.0528598	0.0693346	0.0688573
187	0.00126	0.2646	0.0539869	0.0778838	0.125615
145	0.00126	0.2646	0.052814	0.0692681	0.0690949
91	0.00126	0.2646	0.0527671	0.0694667	0.0697948
30	0.00126	0.2646	0.052824	0.0695526	0.069034
143	0.00126	0.2646	0.0526645	0.0690078	0.0685618
84	0.00126	0.2646	0.0526827	0.0690841	0.0689063
82	0.00126	0.2646	0.0526577	0.0690396	0.0688916
204	0.00126	0.2646	0.0527121	0.0697048	0.0749973
179	0.00126	0.2646	0.0526909	0.0692101	0.0702148
110	0.00126	0.2646	0.0529094	0.0698323	0.0731077
144	0.00126	0.2646	0.0543515	0.0819696	0.162632
116	0.00126	0.2646	0.0530033	0.0700302	0.0735024
154	0.00126	0.2646	0.0535513	0.0766972	0.12811
117	0.00126	0.2646	0.0529792	0.0700162	0.0706991
125	0.00126	0.2646	0.0528093	0.0695349	0.069007
58	0.00126	0.2646	0.0528906	0.0697455	0.069224
81	0.00126	0.2646	0.0526535	0.0689351	0.0684975
79	0.00126	0.2646	0.0527952	0.069546	0.0695442
72	0.00126	0.2646	0.0528457	0.0696794	0.0704268
28	0.00126	0.2646	0.0528731	0.0695931	0.0690708
107	0.00126	0.2646	0.0529897	0.0700601	0.0697217
45	0.00126	0.2646	0.0528047	0.0693873	0.0688926
108	0.00126	0.2646	0.0529693	0.0699171	0.0711272
130	0.00126	0.2646	0.0543935	0.0819465	0.157288
49	0.00126	0.2646	0.0530633	0.0699389	0.0693806
30	0.00126	0.2646	0.0528127	0.0692676	0.0687959
113	0.00126	0.2646	0.0526141	0.0689502	0.0690205
95	0.00126	0.2646	0.0527948	0.0705312	0.0820009
143	0.00126	0.2646	0.0526746	0.0690262	0.0685817
117	0.00126	0.2646	0.0527599	0.0691806	0.0687217
183	0.00126	0.2646	0.0535221	0.0762116	0.121927
146	0.00126	0.2646	0.0527998	0.0693541	0.0691614
121	0.00126	0.2646	0.0528973	0.0695892	0.0707285
99	0.00126	0.2646	0.0546188	0.0831762	0.164945
111	0.00126	0.2646	0.0542034	0.0803752	0.1486
58	0.00126	0.2646	0.0526813	0.069241	0.0698899
85	0.00126	0.2646	0.052603	0.0689012	0.0684655
112	0.00126	0.2646	0.0526393	0.0690512	0.06892
73	0.00126	0.2646	0.0526995	0.0692082	0.0687351
95	0.00126	0.2646	0.0527413	0.0692806	0.0688044
63	0.00126	0.2646	0.0528279	0.0698951	0.0734652
110	0.00126	0.2646	0.0528895	0.0709863	0.0815738
116	0.00126	0.2646	0.0527549	0.0696993	0.0702971
63	0.00126	0.2646	0.052894	0.0699522	0.0715374
66	0.00126	0.2646	0.0528654	0.070021	0.0736134
111	0.00126	0.2646	0.0528261	0.0704753	0.0812655
70	0.00126	0.2646	0.0528535	0.069619	0.0690845
152	0.00126	0.2646	0.0528976	0.0699562	0.0711158
60	0.00126	0.2646	0.0526483	0.0689572	0.0685171
66	0.00126	0.2646	0.0526681	0.0691711	0.0694544
122	0.00126	0.2646	0.0526852	0.0692147	0.0692134
16	0.00126	0.2646	0.0527572	0.0693807	0.0689018
152	0.00126	0.2646	0.0528947	0.069985	0.0716558
160	0.00126	0.2646	0.0528448	0.069594	0.069065
14	0.00126	0.2646	0.0527219	0.0692005	0.0687402
198	0.00126	0.2646	0.0528314	0.0695091	0.0704083
207	0.00126	0.2646	0.0538679	0.0773824	0.125374
165	0.00126	0.2646	0.0537372	0.0750882	0.104728
113	0.00126	0.2646	0.0529538	0.0700104	0.0716467
151	0.00126	0.2646	0.0529102	0.0695738	0.0699046
103	0.00126	0.2646	0.0543789	0.0830708	0.168185
39	0.00126	0.2646	0.0529331	0.0696725	0.069456
108	0.00126	0.2646	0.0528878	0.0699989	0.0721979
103	0.00126	0.2646	0.0526966	0.0691158	0.0689638
96	0.00126	0.2646	0.0526209	0.0689069	0.0684709
120	0.00126	0.2646	0.0528593	0.0708138	0.0841068
70	0.00126	0.2646	0.0529584	0.0697092	0.0691895
53	0.00126	0.2646	0.0541696	0.0805551	0.147566
115	0.00126	0.2646	0.05306	0.0703736	0.0757349
43	0.00126	0.2646	0.052939	0.0697309	0.0692104
48	0.00126	0.2646	0.0529177	0.0698202	0.0692573
73	0.00126	0.2646	0.0526704	0.0690336	0.068587
82	0.00126	0.2646	0.0526641	0.0690024	0.0685577
63	0.00126	0.2646	0.0528703	0.0702327	0.0756139
44	0.00126	0.2646	0.0526508	0.068971	0.0685309
121	0.00126	0.2646	0.0527614	0.0694776	0.0689672
34	0.00126	0.2646	0.0527172	0.0691683	0.0687058
115	0.00126	0.2646	0.0535916	0.0779928	0.132031
87	0.00126	0.2646	0.0533277	0.0721128	0.0857976
91	0.00126	0.2646	0.0533718	0.0721586	0.0868775
85	0.00126	0.2646	0.0534646	0.0734754	0.0963949
24	0.00126	0.2646	0.0528752	0.0703192	0.0790381
23	0.00126	0.2646	0.0526765	0.0690367	0.0685899
119	0.00126	0.2646	0.052925	0.0703962	0.0747387
123	0.00126	0.2646	0.0526936	0.0691679	0.0692851
122	0.00126	0.2646	0.0539511	0.0795867	0.141646
107	0.00126	0.2646	0.0529406	0.0697186	0.0691838
154	0.00126	0.2646	0.0528539	0.0695686	0.0690575
48	0.00126	0.2646	0.0534675	0.0732692	0.0950584
102	0.00126	0.2646	0.0535972	0.0715687	0.0717261
146	0.00126	0.2646	0.0553365	0.0891015	0.210538
156	0.00126	0.2646	0.0529824	0.0696259	0.0696741
102	0.00126	0.2646	0.0528537	0.0695507	0.0709015
127	0.00126	0.2646	0.0545168	0.0847054	0.186251
92	0.00126	0.2646	0.053145	0.0707153	0.0776593
86	0.00126	0.2646	0.0532821	0.0720087	0.0868094
137	0.00126	0.2646	0.0540381	0.0792462	0.140881
86	0.00126	0.2646	0.0529048	0.0693664	0.0691451
99	0.00126	0.2646	0.0529704	0.0698788	0.0693155
124	0.00126	0.2646	0.0530249	0.0697123	0.0697988
135	0.00126	0.2646	0.0545475	0.082134	0.156019
109	0.00126	0.2646	0.0528716	0.0694086	0.0695002
182	0.00126	0.2646	0.0526918	0.0693187	0.0715101
147	0.00126	0.2646	0.0528877	0.0697632	0.0692179
88	0.00126	0.2646	0.0530926	0.0703641	0.0697127
27	0.00126	0.2646	0.0530192	0.0699603	0.069399
131	0.00126	0.2646	0.0528561	0.0695848	0.0695657
74	0.00126	0.2646	0.0527643	0.0692542	0.0687926
109	0.00126	0.2646	0.0528188	0.0694957	0.068991
101	0.00126	0.2646	0.0527642	0.069324	0.0706006
115	0.00126	0.2646	0.0531439	0.0705853	0.0699227
76	0.00126	0.2646	0.052689	0.0690069	0.0685612
125	0.00126	0.2646	0.0527094	0.0692859	0.068804
69	0.00126	0.2646	0.0528446	0.0696282	0.0711592
170	0.00126	0.2646	0.0541191	0.081477	0.157995
89	0.00126	0.2646	0.0526733	0.0690174	0.0685726
112	0.00126	0.2646	0.0526918	0.069022	0.0685785
99	0.00126	0.2646	0.053351	0.0735018	0.100537
128	0.00126	0.2646	0.053955	0.0790265	0.141456
102	0.00126	0.2646	0.0528202	0.069269	0.0688034
91	0.00126	0.2646	0.0528126	0.0700423	0.0767021
45	0.00126	0.2646	0.0526185	0.0689343	0.0684954
107	0.00126	0.2646	0.0526343	0.0690004	0.0688291
79	0.00126	0.2646	0.0529416	0.0706098	0.0781537
112	0.00126	0.2646	0.0528678	0.0699321	0.0714152
193	0.00126	0.2646	0.0526089	0.0689406	0.0684993
23	0.00126	0.2646	0.052586	0.0688525	0.0684201
134	0.00126	0.2646	0.0527712	0.0693902	0.0694531
84	0.00126	0.2646	0.0530393	0.0702104	0.0696201
129	0.00126	0.2646	0.052816	0.0693684	0.0688863
58	0.00126	0.2646	0.0528058	0.0694847	0.0692658
24	0.00126	0.2646	0.0527698	0.069755	0.0696671
94	0.00126	0.2646	0.0526691	0.0693865	0.0688672
206	0.00126	0.2646	0.0528462	0.0696767	0.0691323
106	0.00126	0.2646	0.0528793	0.0700413	0.0694313
25	0.00126	0.2646	0.0525967	0.0689005	0.0684636
169	0.00126	0.2646	0.0526326	0.0691263	0.0702129
50	0.00126	0.2646	0.0527336	0.0692121	0.0694975
124	0.00126	0.2646	0.0535836	0.0760202	0.1198
102	0.00126	0.2646	0.0536334	0.0758679	0.116721
67	0.00126	0.2646	0.0530801	0.0704167	0.0718313
126	0.00126	0.2646	0.0539355	0.0824958	0.163188
103	0.00126	0.2646	0.0535729	0.0811259	0.156526
162	0.00126	0.2646	0.0526403	0.0691644	0.0689498
165	0.00126	0.2646	0.0525996	0.0689502	0.0685086
112	0.00126	0.2646	0.0527919	0.0694864	0.0689768
56	0.00126	0.2646	0.0528176	0.069634	0.0708716
105	0.00126	0.2646	0.0527777	0.0694071	0.069615
151	0.00126	0.2646	0.0527804	0.069513	0.0702464
105	0.00126	0.2646	0.0528351	0.0696474	0.0706278
55	0.00126	0.2646	0.0531514	0.0724648	0.0895501
139	0.00126	0.2646	0.0527943	0.0697985	0.0702983
88	0.00126	0.2646	0.0527092	0.0695537	0.0690221
123	0.00126	0.2646	0.052606	0.0690004	0.0693167
51	0.00126	0.2646	0.0525975	0.0688668	0.0684325
143	0.00126	0.2646	0.0528743	0.0700074	0.0735872
80	0.00126	0.2646	0.0527987	0.0693925	0.068906
43	0.00126	0.2646	0.0528706	0.0695469	0.0690462
117	0.00126	0.2646	0.0540011	0.0801184	0.143813
26	0.00126	0.2646	0.0529974	0.0699594	0.0701252
133	0.00126	0.2646	0.0529657	0.0700189	0.0694194
112	0.00126	0.2646	0.0526928	0.0690845	0.0688988
87	0.00126	0.2646	0.0527287	0.0692405	0.0696215
85	0.00126	0.2646	0.0529506	0.0699709	0.0694025
149	0.00126	0.2646	0.0527281	0.0693231	0.0712769
68	0.00126	0.2646	0.0526393	0.0690075	0.0685647
138	0.00126	0.2646	0.0526864	0.0691018	0.0692445
65	0.00126	0.2646	0.0529119	0.0697045	0.0691693
111	0.00126	0.2646	0.0532436	0.0707372	0.0700765
121	0.00126	0.2646	0.0541088	0.0793638	0.139494
61	0.00126	0.2646	0.0528603	0.0693485	0.0688755
80	0.00126	0.2646	0.0527022	0.0694514	0.0727799
131	0.00126	0.2646	0.0526652	0.0690318	0.0688853
80	0.00126	0.2646	0.0527835	0.0694185	0.0692479
120	0.00126	0.2646	0.0526682	0.06905	0.0688574
95	0.00126	0.2646	0.0526482	0.0689834	0.0685413
84	0.00126	0.2646	0.0527167	0.0694108	0.0719731
47	0.00126	0.2646	0.0529435	0.0700596	0.0699897
235	0.00126	0.2646	0.0530868	0.0697844	0.0692723
131	0.00126	0.2646	0.0547438	0.0826717	0.15295
182	0.00126	0.2646	0.0530516	0.0697036	0.0691927
56	0.00126	0.2646	0.0528778	0.0696324	0.0690963
75	0.00126	0.2646	0.0528402	0.0697802	0.0712413
125	0.00126	0.2646	0.0527164	0.0691166	0.068664
99	0.00126	0.2646	0.0528537	0.0706422	0.0822291
145	0.00126	0.2646	0.0529096	0.069652	0.0694319
124	0.00126	0.2646	0.0528739	0.0696241	0.069862
137	0.00126	0.2646	0.0527799	0.0691807	0.0689942
106	0.00126	0.2646	0.0533672	0.0706809	0.0700301
196	0.00126	0.2646	0.0565195	0.101306	0.297704
73	0.00126	0.2646	0.053427	0.0708419	0.0701765
58	0.00126	0.2646	0.0527524	0.0691453	0.0689653
124	0.00126	0.2646	0.0526833	0.069106	0.0691153
114	0.00126	0.2646	0.052895	0.0697438	0.0692005
55	0.00126	0.2646	0.0531414	0.0705801	0.0709557
140	0.00126	0.2646	0.0534462	0.0708622	0.0712257
106	0.00126	0.2646	0.0541215	0.0775593	0.121656
134	0.00126	0.2646	0.0530765	0.0698083	0.0704441
228	0.00126	0.2646	0.0544047	0.0827566	0.166272
151	0.00126	0.2646	0.0533222	0.0710121	0.0713489
86	0.00126	0.2646	0.0530744	0.0701942	0.0701674
78	0.00126	0.2646	0.0527718	0.0697308	0.074789
61	0.00126	0.2646	0.0526473	0.0689675	0.068526
101	0.00126	0.2646	0.0528681	0.0693575	0.0688687
116	0.00126	0.2646	0.0546473	0.0841174	0.173631
118	0.00126	0.2646	0.0543909	0.0809556	0.149995
88	0.00126	0.2646	0.0531423	0.0703875	0.0739258
95	0.00126	0.2646	0.0528405	0.0694868	0.0698924
67	0.00126	0.2646	0.0529056	0.0697561	0.0694605
36	0.00126	0.2646	0.0527936	0.0692405	0.0687754
120	0.00126	0.2646	0.0535334	0.0762386	0.123391
61	0.00126	0.2646	0.0527361	0.0691384	0.0686816
120	0.00126	0.2646	0.0527646	0.0695474	0.0704845
112	0.00126	0.2646	0.0527413	0.0692488	0.0702218
75	0.00126	0.2646	0.0532811	0.0708943	0.071944
16	0.00126	0.2646	0.0528722	0.0696548	0.0691315
129	0.00126	0.2646	0.0527762	0.0691686	0.0687114
132	0.00126	0.2646	0.0534991	0.075081	0.112014
125	0.00126	0.2646	0.0532342	0.0708949	0.0725434
149	0.00126	0.2646	0.0527561	0.0692613	0.0703058
111	0.00126	0.2646	0.0527716	0.0695038	0.0699895
140	0.00126	0.2646	0.0526709	0.0691086	0.0686528
123	0.00126	0.2646	0.0526106	0.0689278	0.0684904
129	0.00126	0.2646	0.0526635	0.0691521	0.069626
33	0.00126	0.2646	0.0528892	0.070081	0.0694821
124	0.00126	0.2646	0.0528178	0.070486	0.0801584
44	0.00126	0.2646	0.0526789	0.0690423	0.0685939
156	0.00126	0.2646	0.0529992	0.0701806	0.0706946
154	0.00126	0.2646	0.0538305	0.0776303	0.12883
37	0.00126	0.2646	0.0529514	0.0697733	0.0707627
104	0.00126	0.2646	0.05293	0.0697098	0.0694404
72	0.00126	0.2646	0.0533032	0.0735227	0.100058
63	0.00126	0.2646	0.0526744	0.0690324	0.068585
119	0.00126	0.2646	0.0527179	0.0693727	0.069733
77	0.00126	0.2646	0.0539384	0.082739	0.168148
109	0.00126	0.2646	0.0528077	0.0695225	0.069006
77	0.00126	0.2646	0.052843	0.0696167	0.069083
27	0.00126	0.2646	0.052706	0.0690536	0.0686056
112	0.00126	0.2646	0.0530139	0.0699651	0.0694182
145	0.00126	0.2646	0.0537152	0.0754102	0.112138
150	0.00126	0.2646	0.0543307	0.0800722	0.141948
200	0.00126	0.2646	0.0544784	0.0821771	0.157954
85	0.00126	0.2646	0.0528872	0.0698187	0.0692588
115	0.00126	0.2646	0.0526039	0.0689028	0.0684655
68	0.00126	0.2646	0.0526904	0.0694385	0.0689095
114	0.00126	0.2646	0.0540126	0.0794301	0.141214
53	0.00126	0.2646	0.0528626	0.0693988	0.0689169
88	0.00126	0.2646	0.0526669	0.0691014	0.0697501
93	0.00126	0.2646	0.0528208	0.0696387	0.0696521
105	0.00126	0.2646	0.053038	0.0700415	0.0697247
61	0.00126	0.2646	0.0538539	0.0777837	0.129197
135	0.00126	0.2646	0.0530613	0.0704802	0.0741517
75	0.00126	0.2646	0.0529378	0.070993	0.0832274
79	0.00126	0.2646	0.052688	0.0690396	0.068593
68	0.00126	0.2646	0.0527805	0.0692052	0.0687376
