155	0.00126	0.2646	0.0760124	0.118558	0.280871
60	0.00126	0.2646	0.0740415	0.106751	0.212022
101	0.00126	0.2646	0.0731572	0.103156	0.200958
107	0.00126	0.2646	0.07565	0.114442	0.24584
91	0.00126	0.2646	0.074891	0.107478	0.201851
145	0.00126	0.2646	0.0767017	0.128545	0.366726
18	0.00126	0.2646	0.0718214	0.0894116	0.0866147
25	0.00126	0.2646	0.0724953	0.0938217	0.113273
167	0.00126	0.2646	0.0774655	0.136038	0.42964
64	0.00126	0.2646	0.0760344	0.117861	0.281042
70	0.00126	0.2646	0.0732535	0.106365	0.222746
118	0.00126	0.2646	0.0735991	0.106557	0.213918
82	0.00126	0.2646	0.072109	0.0928249	0.116466
137	0.00126	0.2646	0.0769478	0.127613	0.356612
128	0.00126	0.2646	0.0768898	0.125032	0.331595
77	0.00126	0.2646	0.0749122	0.112462	0.253171
85	0.00126	0.2646	0.0748106	0.115005	0.276833
68	0.00126	0.2646	0.0733505	0.103544	0.195485
50	0.00126	0.2646	0.0740449	0.108449	0.2227
18	0.00126	0.2646	0.0721183	0.0922681	0.105459
78	0.00126	0.2646	0.0735579	0.100441	0.161925
84	0.00126	0.2646	0.0737048	0.10207	0.169594
100	0.00126	0.2646	0.0739983	0.109301	0.242221
65	0.00126	0.2646	0.0740076	0.100727	0.143784
32	0.00126	0.2646	0.0725479	0.0936323	0.111046
76	0.00126	0.2646	0.0726765	0.0957591	0.133852
200	0.00126	0.2646	0.0769422	0.128553	0.35956
115	0.00126	0.2646	0.0752236	0.114544	0.261979
49	0.00126	0.2646	0.0732563	0.0990512	0.158365
162	0.00126	0.2646	0.0785499	0.14466	0.486275
164	0.00126	0.2646	0.0779234	0.129395	0.359146
157	0.00126	0.2646	0.0794878	0.136971	0.396292
101	0.00126	0.2646	0.0764941	0.114802	0.246695
190	0.00126	0.2646	0.0777587	0.131591	0.384164
130	0.00126	0.2646	0.0757969	0.118988	0.301018
132	0.00126	0.2646	0.0753843	0.116126	0.274803
120	0.00126	0.2646	0.075282	0.115812	0.278575
150	0.00126	0.2646	0.0770655	0.131615	0.386994
33	0.00126	0.2646	0.0721393	0.091929	0.109982
114	0.00126	0.2646	0.0752709	0.114218	0.257191
127	0.00126	0.2646	0.0777786	0.12512	0.323718
175	0.00126	0.2646	0.0807716	0.14837	0.486208
176	0.00126	0.2646	0.0797254	0.140509	0.432309
90	0.00126	0.2646	0.0760077	0.111384	0.217307
96	0.00126	0.2646	0.0748211	0.110036	0.224486
112	0.00126	0.2646	0.0728351	0.101551	0.187819
81	0.00126	0.2646	0.0720868	0.0951318	0.134094
88	0.00126	0.2646	0.0726878	0.0992039	0.160963
120	0.00126	0.2646	0.0728251	0.10062	0.182079
146	0.00126	0.2646	0.0766282	0.1228	0.307873
112	0.00126	0.2646	0.077093	0.116605	0.244728
121	0.00126	0.2646	0.0758154	0.115386	0.265173
88	0.00126	0.2646	0.0754084	0.112881	0.242818
109	0.00126	0.2646	0.0749492	0.113291	0.263322
100	0.00126	0.2646	0.075669	0.123158	0.339391
24	0.00126	0.2646	0.0716932	0.0889408	0.0865317
91	0.00126	0.2646	0.0743619	0.111316	0.249528
139	0.00126	0.2646	0.0758507	0.118958	0.291401
70	0.00126	0.2646	0.0741904	0.100562	0.153749
130	0.00126	0.2646	0.0797923	0.145769	0.477125
175	0.00126	0.2646	0.080197	0.148789	0.500206
19	0.00126	0.2646	0.0735135	0.0955552	0.114733
125	0.00126	0.2646	0.0742288	0.108124	0.223451
94	0.00126	0.2646	0.0748007	0.112692	0.249311
57	0.00126	0.2646	0.0725586	0.0942838	0.122295
118	0.00126	0.2646	0.0763075	0.12326	0.325036
87	0.00126	0.2646	0.0758528	0.118073	0.284837
118	0.00126	0.2646	0.0743409	0.107358	0.217098
65	0.00126	0.2646	0.0758059	0.11559	0.264468
108	0.00126	0.2646	0.0780812	0.130345	0.364596
74	0.00126	0.2646	0.0746854	0.104382	0.172029
124	0.00126	0.2646	0.0759829	0.122674	0.330739
122	0.00126	0.2646	0.0740561	0.106069	0.20761
70	0.00126	0.2646	0.0750759	0.114248	0.260916
70	0.00126	0.2646	0.0735522	0.101781	0.181468
155	0.00126	0.2646	0.0784084	0.141597	0.45979
111	0.00126	0.2646	0.0736684	0.103442	0.188029
32	0.00126	0.2646	0.0713614	0.0885701	0.0923681
99	0.00126	0.2646	0.0760256	0.124371	0.336318
52	0.00126	0.2646	0.0737391	0.100189	0.154157
206	0.00126	0.2646	0.0794523	0.140777	0.434019
138	0.00126	0.2646	0.0765786	0.123476	0.321496
51	0.00126	0.2646	0.0717392	0.0887479	0.0894202
130	0.00126	0.2646	0.0753325	0.115086	0.26522
157	0.00126	0.2646	0.0769908	0.125375	0.328644
49	0.00126	0.2646	0.0743461	0.105258	0.188627
62	0.00126	0.2646	0.0727606	0.0963951	0.134408
78	0.00126	0.2646	0.073518	0.10852	0.237651
28	0.00126	0.2646	0.0729626	0.0976896	0.148091
131	0.00126	0.2646	0.0777127	0.132105	0.387445
202	0.00126	0.2646	0.0797868	0.145948	0.473432
133	0.00126	0.2646	0.0774518	0.130145	0.372431
73	0.00126	0.2646	0.0734701	0.0993465	0.160075
156	0.00126	0.2646	0.0784497	0.13508	0.397711
212	0.00126	0.2646	0.0798933	0.149188	0.508296
148	0.00126	0.2646	0.0735487	0.100895	0.169403
61	0.00126	0.2646	0.072846	0.0997119	0.167201
127	0.00126	0.2646	0.0746629	0.11747	0.302044
50	0.00126	0.2646	0.072826	0.096635	0.136516
120	0.00126	0.2646	0.0753991	0.11234	0.238981
142	0.00126	0.2646	0.0766553	0.126721	0.356189
72	0.00126	0.2646	0.0729231	0.0992244	0.165239
86	0.00126	0.2646	0.0744535	0.10733	0.209112
167	0.00126	0.2646	0.0782707	0.136942	0.418922
94	0.00126	0.2646	0.0754527	0.111513	0.236623
189	0.00126	0.2646	0.0770303	0.124777	0.326344
134	0.00126	0.2646	0.0769109	0.128099	0.366474
100	0.00126	0.2646	0.0759359	0.122249	0.325781
35	0.00126	0.2646	0.0743076	0.102479	0.165972
195	0.00126	0.2646	0.0795642	0.147541	0.495907
35	0.00126	0.2646	0.0711812	0.0892922	0.0997499
138	0.00126	0.2646	0.0735243	0.105515	0.205718
112	0.00126	0.2646	0.0749406	0.115611	0.282978
79	0.00126	0.2646	0.0752096	0.107991	0.196941
142	0.00126	0.2646	0.0777213	0.130995	0.370072
62	0.00126	0.2646	0.0744614	0.108194	0.223239
56	0.00126	0.2646	0.073176	0.0981538	0.137483
81	0.00126	0.2646	0.0722512	0.0946907	0.126639
167	0.00126	0.2646	0.0759964	0.126658	0.362978
52	0.00126	0.2646	0.0726982	0.0960746	0.130127
67	0.00126	0.2646	0.0726016	0.0962704	0.148112
203	0.00126	0.2646	0.0777565	0.133785	0.391732
72	0.00126	0.2646	0.073632	0.0969758	0.12899
161	0.00126	0.2646	0.0785363	0.140177	0.450033
107	0.00126	0.2646	0.0774834	0.133444	0.404481
15	0.00126	0.2646	0.0722991	0.0898356	0.0869651
161	0.00126	0.2646	0.0770996	0.132012	0.394703
65	0.00126	0.2646	0.0749758	0.114363	0.269135
112	0.00126	0.2646	0.0746785	0.11195	0.245214
76	0.00126	0.2646	0.0746146	0.111044	0.236646
52	0.00126	0.2646	0.0728281	0.0936246	0.111821
161	0.00126	0.2646	0.0786036	0.136621	0.407684
170	0.00126	0.2646	0.0771124	0.126915	0.354904
92	0.00126	0.2646	0.0750962	0.108701	0.206591
50	0.00126	0.2646	0.0729067	0.0921772	0.0944205
214	0.00126	0.2646	0.0779065	0.139129	0.446998
56	0.00126	0.2646	0.073942	0.101185	0.15621
85	0.00126	0.2646	0.0737812	0.1074	0.221818
87	0.00126	0.2646	0.0730527	0.104201	0.208578
90	0.00126	0.2646	0.0737459	0.107348	0.221415
50	0.00126	0.2646	0.0732852	0.0990039	0.149277
63	0.00126	0.2646	0.0730401	0.09422	0.108569
119	0.00126	0.2646	0.074993	0.1103	0.223802
112	0.00126	0.2646	0.0751025	0.10984	0.222987
132	0.00126	0.2646	0.0761964	0.122231	0.320195
66	0.00126	0.2646	0.0739229	0.10312	0.179619
145	0.00126	0.2646	0.0751887	0.116905	0.286706
62	0.00126	0.2646	0.0730151	0.0994514	0.158614
16	0.00126	0.2646	0.0712771	0.0881605	0.0855817
82	0.00126	0.2646	0.0737181	0.106805	0.215708
198	0.00126	0.2646	0.0805289	0.151792	0.518095
31	0.00126	0.2646	0.0734579	0.0966762	0.132486
142	0.00126	0.2646	0.0744846	0.113312	0.266576
14	0.00126	0.2646	0.0720772	0.0899106	0.0870331
102	0.00126	0.2646	0.0747267	0.111712	0.238063
32	0.00126	0.2646	0.0724178	0.0924717	0.111918
80	0.00126	0.2646	0.0765148	0.121274	0.305374
132	0.00126	0.2646	0.0796419	0.143626	0.457787
141	0.00126	0.2646	0.0769934	0.123869	0.327629
75	0.00126	0.2646	0.0762122	0.111564	0.218862
109	0.00126	0.2646	0.0782153	0.127284	0.326711
174	0.00126	0.2646	0.0775719	0.132766	0.402394
62	0.00126	0.2646	0.0745107	0.108065	0.218211
124	0.00126	0.2646	0.0752527	0.120914	0.325764
30	0.00126	0.2646	0.0720634	0.090981	0.102227
88	0.00126	0.2646	0.0759418	0.118631	0.289465
147	0.00126	0.2646	0.0768202	0.122492	0.307818
57	0.00126	0.2646	0.0741201	0.101673	0.164011
117	0.00126	0.2646	0.076003	0.117225	0.274179
157	0.00126	0.2646	0.0775681	0.127764	0.352152
126	0.00126	0.2646	0.0758821	0.119349	0.296623
38	0.00126	0.2646	0.0724733	0.0931027	0.111724
52	0.00126	0.2646	0.0738823	0.105173	0.195482
59	0.00126	0.2646	0.0736487	0.106285	0.211364
45	0.00126	0.2646	0.0721647	0.0965774	0.154673
66	0.00126	0.2646	0.0741421	0.10287	0.163279
142	0.00126	0.2646	0.0761782	0.123456	0.327711
95	0.00126	0.2646	0.0724388	0.096807	0.155939
160	0.00126	0.2646	0.0761688	0.125829	0.350247
100	0.00126	0.2646	0.0753218	0.11333	0.250233
81	0.00126	0.2646	0.0736925	0.10222	0.173288
77	0.00126	0.2646	0.0734715	0.104884	0.208182
179	0.00126	0.2646	0.0751574	0.116934	0.28554
81	0.00126	0.2646	0.0733883	0.102245	0.181647
81	0.00126	0.2646	0.0740028	0.107078	0.218371
140	0.00126	0.2646	0.0770774	0.1328	0.407031
150	0.00126	0.2646	0.0751341	0.116517	0.281321
15	0.00126	0.2646	0.0711918	0.0882343	0.0859274
61	0.00126	0.2646	0.0714051	0.0899498	0.100793
146	0.00126	0.2646	0.075986	0.124367	0.336565
15	0.00126	0.2646	0.0724081	0.0917115	0.0933258
69	0.00126	0.2646	0.0734161	0.102622	0.184839
110	0.00126	0.2646	0.0760411	0.122153	0.320915
106	0.00126	0.2646	0.075346	0.114258	0.25588
32	0.00126	0.2646	0.0726913	0.0939556	0.113165
27	0.00126	0.2646	0.0727549	0.093402	0.103355
126	0.00126	0.2646	0.0753814	0.119745	0.308017
85	0.00126	0.2646	0.0735782	0.104476	0.196921
106	0.00126	0.2646	0.0742084	0.113266	0.274689
95	0.00126	0.2646	0.0742052	0.106652	0.200651
146	0.00126	0.2646	0.0745048	0.112356	0.255609
85	0.00126	0.2646	0.0724476	0.0950382	0.132182
145	0.00126	0.2646	0.0762546	0.121647	0.309624
93	0.00126	0.2646	0.075325	0.113039	0.249081
98	0.00126	0.2646	0.0759836	0.116425	0.270814
129	0.00126	0.2646	0.0784606	0.136387	0.409477
141	0.00126	0.2646	0.0750591	0.108896	0.214065
106	0.00126	0.2646	0.0758837	0.122461	0.32421
51	0.00126	0.2646	0.0731765	0.09881	0.155901
111	0.00126	0.2646	0.0753601	0.114066	0.249188
21	0.00126	0.2646	0.071445	0.088727	0.0894346
77	0.00126	0.2646	0.0735668	0.106915	0.220372
111	0.00126	0.2646	0.074691	0.110341	0.227629
63	0.00126	0.2646	0.0734045	0.101745	0.182532
110	0.00126	0.2646	0.0752282	0.112649	0.242752
78	0.00126	0.2646	0.0750227	0.111305	0.237201
213	0.00126	0.2646	0.0762923	0.124923	0.341771
39	0.00126	0.2646	0.0733314	0.104625	0.206318
78	0.00126	0.2646	0.0730576	0.0999732	0.163525
123	0.00126	0.2646	0.0750638	0.117413	0.289521
91	0.00126	0.2646	0.0753723	0.114531	0.263786
158	0.00126	0.2646	0.0782231	0.137262	0.420617
94	0.00126	0.2646	0.07447	0.109643	0.237672
60	0.00126	0.2646	0.0727883	0.0955914	0.12806
92	0.00126	0.2646	0.0740475	0.107445	0.210682
83	0.00126	0.2646	0.0718281	0.0938066	0.135198
60	0.00126	0.2646	0.0725588	0.093112	0.100999
126	0.00126	0.2646	0.0741175	0.109048	0.23107
112	0.00126	0.2646	0.0759001	0.12003	0.302867
98	0.00126	0.2646	0.0760205	0.120277	0.305914
213	0.00126	0.2646	0.0764363	0.127307	0.366326
112	0.00126	0.2646	0.076672	0.122854	0.308156
54	0.00126	0.2646	0.0727646	0.0930384	0.109226
128	0.00126	0.2646	0.0766191	0.125666	0.339924
83	0.00126	0.2646	0.0738186	0.103316	0.189142
50	0.00126	0.2646	0.0745427	0.107224	0.202142
143	0.00126	0.2646	0.07584	0.121094	0.31475
41	0.00126	0.2646	0.0719496	0.0917046	0.110219
63	0.00126	0.2646	0.0736616	0.104635	0.193415
91	0.00126	0.2646	0.0735195	0.102819	0.184336
103	0.00126	0.2646	0.0737097	0.104647	0.193439
152	0.00126	0.2646	0.0748932	0.115492	0.280009
86	0.00126	0.2646	0.0745346	0.106931	0.212484
198	0.00126	0.2646	0.0810416	0.15559	0.544918
114	0.00126	0.2646	0.0780886	0.125576	0.315501
111	0.00126	0.2646	0.0776257	0.129113	0.365925
149	0.00126	0.2646	0.0768701	0.123012	0.311691
48	0.00126	0.2646	0.074626	0.109654	0.230008
97	0.00126	0.2646	0.0735602	0.103804	0.191632
68	0.00126	0.2646	0.0736929	0.10647	0.215582
126	0.00126	0.2646	0.0770145	0.127679	0.355048
93	0.00126	0.2646	0.0738656	0.107457	0.223938
94	0.00126	0.2646	0.0729694	0.0974851	0.142892
69	0.00126	0.2646	0.0756201	0.11439	0.260007
199	0.00126	0.2646	0.0814726	0.157492	0.553036
129	0.00126	0.2646	0.0768226	0.117864	0.270767
80	0.00126	0.2646	0.0763572	0.114106	0.246303
187	0.00126	0.2646	0.0814625	0.155764	0.539334
109	0.00126	0.2646	0.0777109	0.126308	0.335843
145	0.00126	0.2646	0.0770274	0.124949	0.33478
49	0.00126	0.2646	0.0732676	0.0985575	0.141777
103	0.00126	0.2646	0.0747756	0.113552	0.262848
146	0.00126	0.2646	0.0754561	0.115748	0.269594
78	0.00126	0.2646	0.0733742	0.0974436	0.136467
165	0.00126	0.2646	0.0771017	0.123668	0.31608
154	0.00126	0.2646	0.0805729	0.147288	0.470704
91	0.00126	0.2646	0.0771509	0.121707	0.303972
95	0.00126	0.2646	0.076913	0.122937	0.311652
108	0.00126	0.2646	0.0742702	0.107462	0.214993
25	0.00126	0.2646	0.0721086	0.0922402	0.11107
179	0.00126	0.2646	0.0757588	0.124597	0.3464
43	0.00126	0.2646	0.0723687	0.091876	0.109387
163	0.00126	0.2646	0.0794575	0.144776	0.464174
86	0.00126	0.2646	0.0740049	0.105555	0.206661
100	0.00126	0.2646	0.0732348	0.102783	0.191716
113	0.00126	0.2646	0.0756221	0.118191	0.290814
104	0.00126	0.2646	0.0746399	0.110963	0.240585
79	0.00126	0.2646	0.0729843	0.0996168	0.160889
69	0.00126	0.2646	0.0724355	0.0973851	0.150472
89	0.00126	0.2646	0.0735283	0.106232	0.215884
134	0.00126	0.2646	0.0741112	0.112018	0.25493
27	0.00126	0.2646	0.0715416	0.0901475	0.105301
96	0.00126	0.2646	0.0760691	0.119847	0.28874
104	0.00126	0.2646	0.0728741	0.100309	0.175942
64	0.00126	0.2646	0.0729162	0.102671	0.193728
42	0.00126	0.2646	0.0727515	0.094508	0.110257
75	0.00126	0.2646	0.0733272	0.101145	0.173523
138	0.00126	0.2646	0.0758083	0.125279	0.352165
43	0.00126	0.2646	0.0714863	0.0899343	0.101447
55	0.00126	0.2646	0.0731155	0.10252	0.18365
133	0.00126	0.2646	0.0749271	0.117206	0.291038
65	0.00126	0.2646	0.0738438	0.10702	0.223846
122	0.00126	0.2646	0.0762003	0.120421	0.293587
62	0.00126	0.2646	0.0725333	0.0950326	0.132445
104	0.00126	0.2646	0.0742148	0.107932	0.22119
139	0.00126	0.2646	0.0779084	0.137272	0.429072
50	0.00126	0.2646	0.0727951	0.0931807	0.106084
168	0.00126	0.2646	0.0735721	0.104746	0.19607
57	0.00126	0.2646	0.0720321	0.095038	0.140132
76	0.00126	0.2646	0.0736114	0.105838	0.209893
41	0.00126	0.2646	0.0739508	0.103227	0.179246
108	0.00126	0.2646	0.0746206	0.111389	0.250419
69	0.00126	0.2646	0.0776075	0.12534	0.318892
144	0.00126	0.2646	0.0770218	0.125272	0.339333
115	0.00126	0.2646	0.076325	0.118662	0.281417
77	0.00126	0.2646	0.0739809	0.101985	0.169914
100	0.00126	0.2646	0.0756187	0.116386	0.272647
102	0.00126	0.2646	0.0742281	0.104038	0.186938
169	0.00126	0.2646	0.0785334	0.141115	0.455497
108	0.00126	0.2646	0.0769463	0.125283	0.334993
112	0.00126	0.2646	0.074134	0.109899	0.238887
17	0.00126	0.2646	0.071554	0.0884458	0.0887801
181	0.00126	0.2646	0.0777462	0.135805	0.415624
71	0.00126	0.2646	0.0742527	0.103134	0.17968
149	0.00126	0.2646	0.077377	0.126452	0.331089
105	0.00126	0.2646	0.0766697	0.125046	0.343597
142	0.00126	0.2646	0.0766934	0.125004	0.331124
44	0.00126	0.2646	0.072151	0.0926299	0.115696
63	0.00126	0.2646	0.0734115	0.102116	0.171699
136	0.00126	0.2646	0.0754638	0.116173	0.269968
103	0.00126	0.2646	0.0749955	0.117362	0.294345
81	0.00126	0.2646	0.0715249	0.0884931	0.0871373
144	0.00126	0.2646	0.0752512	0.115532	0.264445
58	0.00126	0.2646	0.0734215	0.0976162	0.138495
175	0.00126	0.2646	0.0769159	0.130424	0.379682
15	0.00126	0.2646	0.0725351	0.0928238	0.111991
153	0.00126	0.2646	0.0770906	0.127711	0.351323
141	0.00126	0.2646	0.0769815	0.127223	0.359314
130	0.00126	0.2646	0.0781357	0.131603	0.364167
113	0.00126	0.2646	0.0758591	0.117594	0.283228
39	0.00126	0.2646	0.0717093	0.0914539	0.106556
104	0.00126	0.2646	0.0732503	0.107619	0.235922
86	0.00126	0.2646	0.0732548	0.101455	0.174069
147	0.00126	0.2646	0.0746485	0.11157	0.24652
54	0.00126	0.2646	0.0734655	0.100287	0.162714
169	0.00126	0.2646	0.0763149	0.124822	0.346018
123	0.00126	0.2646	0.0776697	0.129504	0.354806
83	0.00126	0.2646	0.0733373	0.0962442	0.132592
246	0.00126	0.2646	0.0795603	0.147379	0.486385
103	0.00126	0.2646	0.0733637	0.10016	0.161839
68	0.00126	0.2646	0.0729395	0.105269	0.215795
29	0.00126	0.2646	0.0718987	0.0935528	0.124839
125	0.00126	0.2646	0.074947	0.116447	0.285308
43	0.00126	0.2646	0.0745031	0.104153	0.17738
182	0.00126	0.2646	0.0764597	0.121239	0.303602
80	0.00126	0.2646	0.0746933	0.107024	0.206709
168	0.00126	0.2646	0.0768906	0.125281	0.330587
79	0.00126	0.2646	0.0736443	0.103008	0.19095
138	0.00126	0.2646	0.0756298	0.119649	0.299022
100	0.00126	0.2646	0.0723407	0.0957715	0.138316
62	0.00126	0.2646	0.0724372	0.0952306	0.126782
46	0.00126	0.2646	0.0720367	0.0960078	0.148493
127	0.00126	0.2646	0.0750025	0.118214	0.300912
98	0.00126	0.2646	0.0737772	0.103354	0.186029
88	0.00126	0.2646	0.0750238	0.109353	0.211691
44	0.00126	0.2646	0.0743712	0.104987	0.187607
76	0.00126	0.2646	0.0740313	0.103826	0.184194
77	0.00126	0.2646	0.0739446	0.102347	0.170264
164	0.00126	0.2646	0.0759971	0.11979	0.297294
194	0.00126	0.2646	0.0760369	0.124949	0.347872
158	0.00126	0.2646	0.0741999	0.115303	0.290182
102	0.00126	0.2646	0.0732569	0.103987	0.202496
79	0.00126	0.2646	0.0746097	0.106066	0.18847
146	0.00126	0.2646	0.0762095	0.122059	0.320926
147	0.00126	0.2646	0.0767006	0.12269	0.321923
238	0.00126	0.2646	0.0806117	0.151662	0.512471
160	0.00126	0.2646	0.0748818	0.107251	0.20974
125	0.00126	0.2646	0.0771293	0.130556	0.380413
87	0.00126	0.2646	0.0741674	0.106104	0.197664
11	0.00126	0.2646	0.0717103	0.0894469	0.0867134
12	0.00126	0.2646	0.0714387	0.0889324	0.0866478
77	0.00126	0.2646	0.0746592	0.110829	0.243952
170	0.00126	0.2646	0.0822112	0.162626	0.586264
118	0.00126	0.2646	0.0758834	0.117034	0.278778
55	0.00126	0.2646	0.0719035	0.0912454	0.10712
77	0.00126	0.2646	0.0738763	0.104269	0.183399
86	0.00126	0.2646	0.0731361	0.0996291	0.161111
141	0.00126	0.2646	0.0740721	0.106476	0.205511
138	0.00126	0.2646	0.0748153	0.1143	0.267793
96	0.00126	0.2646	0.0732084	0.106394	0.221566
84	0.00126	0.2646	0.0725646	0.0989233	0.163714
72	0.00126	0.2646	0.0730766	0.100291	0.169419
121	0.00126	0.2646	0.0778226	0.128408	0.336308
72	0.00126	0.2646	0.0738577	0.105782	0.213345
95	0.00126	0.2646	0.0738945	0.108114	0.228484
121	0.00126	0.2646	0.0754976	0.116474	0.280066
142	0.00126	0.2646	0.077384	0.127414	0.346285
173	0.00126	0.2646	0.0775713	0.127227	0.342165
121	0.00126	0.2646	0.0775812	0.130798	0.373855
86	0.00126	0.2646	0.0742577	0.108922	0.227522
79	0.00126	0.2646	0.0748271	0.113692	0.264412
119	0.00126	0.2646	0.0761206	0.120327	0.305003
108	0.00126	0.2646	0.0784392	0.132524	0.367063
63	0.00126	0.2646	0.0733756	0.0988368	0.155193
104	0.00126	0.2646	0.0751375	0.115965	0.280632
87	0.00126	0.2646	0.0755625	0.112667	0.23898
163	0.00126	0.2646	0.0780811	0.134529	0.403242
117	0.00126	0.2646	0.075327	0.110414	0.22592
74	0.00126	0.2646	0.0756207	0.114853	0.255783
113	0.00126	0.2646	0.0746086	0.109187	0.225059
110	0.00126	0.2646	0.0770963	0.127071	0.345078
106	0.00126	0.2646	0.075113	0.111586	0.244933
132	0.00126	0.2646	0.0776526	0.126247	0.324364
81	0.00126	0.2646	0.0756921	0.113351	0.247967
179	0.00126	0.2646	0.0770119	0.1271	0.345393
20	0.00126	0.2646	0.0718643	0.0891325	0.086389
77	0.00126	0.2646	0.0734797	0.104406	0.201976
110	0.00126	0.2646	0.0753666	0.116138	0.273966
103	0.00126	0.2646	0.0741224	0.106462	0.199042
117	0.00126	0.2646	0.0756463	0.116602	0.276383
141	0.00126	0.2646	0.076458	0.125204	0.33927
119	0.00126	0.2646	0.0732578	0.103095	0.19732
41	0.00126	0.2646	0.0744719	0.105199	0.185219
106	0.00126	0.2646	0.0756265	0.113368	0.248361
187	0.00126	0.2646	0.0784518	0.136352	0.405639
95	0.00126	0.2646	0.0734425	0.103413	0.196251
67	0.00126	0.2646	0.0722345	0.0955026	0.135558
45	0.00126	0.2646	0.0720528	0.0926642	0.113262
53	0.00126	0.2646	0.0739711	0.108185	0.221252
123	0.00126	0.2646	0.0754713	0.116629	0.27991
82	0.00126	0.2646	0.0732421	0.10327	0.18895
59	0.00126	0.2646	0.0714274	0.089596	0.104851
165	0.00126	0.2646	0.0786002	0.13791	0.419322
215	0.00126	0.2646	0.0805303	0.152009	0.523049
90	0.00126	0.2646	0.0752742	0.110604	0.223411
52	0.00126	0.2646	0.0713927	0.0878229	0.0854557
129	0.00126	0.2646	0.0748924	0.114793	0.266295
96	0.00126	0.2646	0.0747019	0.108341	0.218457
163	0.00126	0.2646	0.0786208	0.138223	0.419915
75	0.00126	0.2646	0.0742775	0.105028	0.190782
47	0.00126	0.2646	0.0729372	0.0985237	0.149668
73	0.00126	0.2646	0.0717644	0.0916669	0.112771
118	0.00126	0.2646	0.0756367	0.119962	0.30598
114	0.00126	0.2646	0.0762827	0.118559	0.273662
67	0.00126	0.2646	0.0721463	0.0900112	0.0874268
50	0.00126	0.2646	0.0727872	0.0999875	0.173601
128	0.00126	0.2646	0.0756559	0.118009	0.282531
122	0.00126	0.2646	0.0743863	0.108712	0.228332
140	0.00126	0.2646	0.076587	0.121755	0.302162
127	0.00126	0.2646	0.0762703	0.126738	0.365386
129	0.00126	0.2646	0.0762267	0.127084	0.362903
97	0.00126	0.2646	0.0742382	0.106741	0.208208
126	0.00126	0.2646	0.0746189	0.110681	0.241093
127	0.00126	0.2646	0.0769936	0.125457	0.336988
134	0.00126	0.2646	0.0784409	0.140579	0.45216
92	0.00126	0.2646	0.0726918	0.0930907	0.111496
159	0.00126	0.2646	0.0760192	0.120416	0.30006
66	0.00126	0.2646	0.073426	0.102507	0.183325
51	0.00126	0.2646	0.0729336	0.0995592	0.161544
54	0.00126	0.2646	0.0726748	0.0987975	0.16361
89	0.00126	0.2646	0.0744685	0.111231	0.240434
128	0.00126	0.2646	0.0733487	0.103893	0.196843
55	0.00126	0.2646	0.0728791	0.0992427	0.158968
57	0.00126	0.2646	0.0731331	0.10165	0.17891
49	0.00126	0.2646	0.0736565	0.10602	0.211872
97	0.00126	0.2646	0.0742078	0.110022	0.23863
104	0.00126	0.2646	0.0755756	0.120121	0.306972
11	0.00126	0.2646	0.0715249	0.0886248	0.0889351
79	0.00126	0.2646	0.0733648	0.10386	0.189502
28	0.00126	0.2646	0.0723271	0.0934724	0.114526
67	0.00126	0.2646	0.0744931	0.112713	0.258546
68	0.00126	0.2646	0.0717588	0.0918196	0.114062
84	0.00126	0.2646	0.0741916	0.109442	0.232507
123	0.00126	0.2646	0.0747845	0.115608	0.279899
43	0.00126	0.2646	0.0718716	0.0916401	0.111
110	0.00126	0.2646	0.074515	0.112212	0.246655
76	0.00126	0.2646	0.0729375	0.100037	0.168601
112	0.00126	0.2646	0.0738983	0.107195	0.21976
150	0.00126	0.2646	0.0774734	0.134225	0.408773
171	0.00126	0.2646	0.077069	0.130361	0.382058
83	0.00126	0.2646	0.0735416	0.105955	0.215424
95	0.00126	0.2646	0.0750873	0.116648	0.289053
81	0.00126	0.2646	0.0760195	0.115583	0.254315
82	0.00126	0.2646	0.0752051	0.115707	0.272434
49	0.00126	0.2646	0.0717824	0.0909074	0.104453
164	0.00126	0.2646	0.0740779	0.11052	0.241014
61	0.00126	0.2646	0.072661	0.0971021	0.142839
117	0.00126	0.2646	0.0731552	0.102595	0.189222
48	0.00126	0.2646	0.0732277	0.0986151	0.142841
171	0.00126	0.2646	0.0748419	0.115629	0.276176
158	0.00126	0.2646	0.0750565	0.115193	0.272892
81	0.00126	0.2646	0.0747807	0.108844	0.219705
124	0.00126	0.2646	0.0778258	0.129229	0.346303
48	0.00126	0.2646	0.0725819	0.0930987	0.111532
99	0.00126	0.2646	0.0738699	0.10766	0.226338
150	0.00126	0.2646	0.0765336	0.123917	0.327474
199	0.00126	0.2646	0.0776702	0.130868	0.375475
58	0.00126	0.2646	0.0761958	0.11636	0.264297
197	0.00126	0.2646	0.0774821	0.130711	0.375478
149	0.00126	0.2646	0.0755029	0.117876	0.293222
58	0.00126	0.2646	0.0739965	0.104173	0.188619
115	0.00126	0.2646	0.0767899	0.122598	0.315904
207	0.00126	0.2646	0.0820701	0.160548	0.568246
98	0.00126	0.2646	0.074374	0.105508	0.202122
110	0.00126	0.2646	0.0736482	0.101979	0.172156
142	0.00126	0.2646	0.0759356	0.122547	0.328505
85	0.00126	0.2646	0.0750799	0.110543	0.227888
143	0.00126	0.2646	0.0766479	0.124648	0.336709
112	0.00126	0.2646	0.0763993	0.123775	0.32834
83	0.00126	0.2646	0.0739584	0.103811	0.183703
180	0.00126	0.2646	0.0772772	0.131243	0.379637
34	0.00126	0.2646	0.0725628	0.0922071	0.104923
127	0.00126	0.2646	0.0765513	0.124009	0.327897
144	0.00126	0.2646	0.0751881	0.112172	0.245988
101	0.00126	0.2646	0.0764698	0.122527	0.31292
96	0.00126	0.2646	0.0744334	0.110728	0.246329
136	0.00126	0.2646	0.0742728	0.10871	0.231882
173	0.00126	0.2646	0.0784771	0.136982	0.409247
65	0.00126	0.2646	0.0735332	0.100763	0.169604
71	0.00126	0.2646	0.0742101	0.105029	0.190607
117	0.00126	0.2646	0.0752282	0.115693	0.268767
52	0.00126	0.2646	0.0732727	0.103526	0.198709
66	0.00126	0.2646	0.0740105	0.106917	0.210984
89	0.00126	0.2646	0.0725835	0.0925856	0.106322
133	0.00126	0.2646	0.076423	0.120771	0.293714
89	0.00126	0.2646	0.0747785	0.111708	0.245956
100	0.00126	0.2646	0.0738391	0.103079	0.184308
144	0.00126	0.2646	0.07805	0.134139	0.395079
110	0.00126	0.2646	0.0757681	0.117767	0.28337
37	0.00126	0.2646	0.0726918	0.0955098	0.134445
116	0.00126	0.2646	0.0747573	0.112923	0.250603
75	0.00126	0.2646	0.0726424	0.099222	0.171954
149	0.00126	0.2646	0.0754756	0.119226	0.300187
54	0.00126	0.2646	0.0741508	0.102996	0.174606
171	0.00126	0.2646	0.0767522	0.124408	0.327192
132	0.00126	0.2646	0.0754729	0.116158	0.278244
81	0.00126	0.2646	0.0762279	0.122275	0.320835
89	0.00126	0.2646	0.0758974	0.114982	0.257219
100	0.00126	0.2646	0.0767121	0.124514	0.328498
82	0.00126	0.2646	0.0738425	0.106026	0.215314
179	0.00126	0.2646	0.078751	0.141547	0.452815
129	0.00126	0.2646	0.0753633	0.11435	0.258079
61	0.00126	0.2646	0.07234	0.0922702	0.106538
151	0.00126	0.2646	0.0765876	0.127409	0.359076
91	0.00126	0.2646	0.0745677	0.110169	0.238608
102	0.00126	0.2646	0.0748632	0.113507	0.259195
94	0.00126	0.2646	0.0740611	0.104073	0.187867
71	0.00126	0.2646	0.0755209	0.114856	0.256104
70	0.00126	0.2646	0.0734735	0.100804	0.166499
62	0.00126	0.2646	0.0732851	0.0995795	0.159687
96	0.00126	0.2646	0.0759151	0.111649	0.222445
248	0.00126	0.2646	0.081776	0.162528	0.5921
69	0.00126	0.2646	0.0730708	0.0943584	0.121253
141	0.00126	0.2646	0.0757108	0.118547	0.287798
158	0.00126	0.2646	0.0754718	0.116208	0.275728
148	0.00126	0.2646	0.0754398	0.116553	0.282264
90	0.00126	0.2646	0.0758559	0.112249	0.227653
115	0.00126	0.2646	0.0781813	0.13818	0.437933
110	0.00126	0.2646	0.0743997	0.107552	0.212321
73	0.00126	0.2646	0.0734671	0.104424	0.207635
130	0.00126	0.2646	0.0771392	0.125396	0.329595
150	0.00126	0.2646	0.0778367	0.132215	0.384453
77	0.00126	0.2646	0.0752071	0.113964	0.259267
70	0.00126	0.2646	0.0726673	0.0977541	0.153427
63	0.00126	0.2646	0.0726799	0.0978145	0.150548
128	0.00126	0.2646	0.0752241	0.117469	0.290502
215	0.00126	0.2646	0.0773092	0.1313	0.383841
127	0.00126	0.2646	0.0747562	0.111661	0.246864
105	0.00126	0.2646	0.0749069	0.115307	0.27837
102	0.00126	0.2646	0.0743344	0.107279	0.213767
83	0.00126	0.2646	0.0733049	0.103823	0.197883
17	0.00126	0.2646	0.071938	0.0908543	0.0981006
160	0.00126	0.2646	0.0756446	0.122755	0.33003
44	0.00126	0.2646	0.0727263	0.0961959	0.133038
85	0.00126	0.2646	0.073152	0.102911	0.186505
112	0.00126	0.2646	0.0727283	0.100299	0.172845
73	0.00126	0.2646	0.0734747	0.105444	0.202906
51	0.00126	0.2646	0.0721549	0.0954189	0.1415
89	0.00126	0.2646	0.0749249	0.114118	0.257983
72	0.00126	0.2646	0.0749241	0.113904	0.260563
60	0.00126	0.2646	0.0714172	0.0914564	0.108791
58	0.00126	0.2646	0.0729775	0.104112	0.20629
66	0.00126	0.2646	0.0739603	0.103682	0.184297
135	0.00126	0.2646	0.0784114	0.139771	0.443851
191	0.00126	0.2646	0.0779532	0.13678	0.425169
114	0.00126	0.2646	0.0741621	0.109465	0.236986
135	0.00126	0.2646	0.075722	0.123229	0.336133
105	0.00126	0.2646	0.0731993	0.100412	0.164837
164	0.00126	0.2646	0.0739675	0.111201	0.252547
64	0.00126	0.2646	0.0709173	0.0882551	0.0940209
117	0.00126	0.2646	0.0752124	0.120188	0.313647
169	0.00126	0.2646	0.0748916	0.115556	0.282138
100	0.00126	0.2646	0.0755883	0.117077	0.283432
125	0.00126	0.2646	0.0758038	0.117634	0.281863
93	0.00126	0.2646	0.0754852	0.116378	0.273532
33	0.00126	0.2646	0.072832	0.0960763	0.132218
74	0.00126	0.2646	0.0744472	0.10765	0.208203
205	0.00126	0.2646	0.0761495	0.125101	0.345239
63	0.00126	0.2646	0.0726595	0.0959005	0.128454
10	0.00126	0.2646	0.0711134	0.0877376	0.0852234
106	0.00126	0.2646	0.0736155	0.103621	0.18727
93	0.00126	0.2646	0.0731995	0.102755	0.191312
69	0.00126	0.2646	0.0744521	0.104443	0.17473
95	0.00126	0.2646	0.0754304	0.117368	0.286969
52	0.00126	0.2646	0.0735401	0.102517	0.180127
90	0.00126	0.2646	0.0726717	0.0997032	0.168933
67	0.00126	0.2646	0.0723566	0.0981172	0.159787
16	0.00126	0.2646	0.0720889	0.0906649	0.0876456
63	0.00126	0.2646	0.0727292	0.0977029	0.149178
110	0.00126	0.2646	0.075356	0.122515	0.340016
117	0.00126	0.2646	0.0755681	0.11268	0.237929
140	0.00126	0.2646	0.0759192	0.119904	0.30794
162	0.00126	0.2646	0.0770406	0.122895	0.30586
70	0.00126	0.2646	0.0750809	0.108235	0.209473
161	0.00126	0.2646	0.0772946	0.128932	0.359718
136	0.00126	0.2646	0.0744691	0.109942	0.233686
104	0.00126	0.2646	0.0734477	0.100874	0.172445
174	0.00126	0.2646	0.0791797	0.140852	0.434211
183	0.00126	0.2646	0.0753745	0.110767	0.230899
202	0.00126	0.2646	0.0771369	0.129394	0.373647
67	0.00126	0.2646	0.0734906	0.102933	0.188237
145	0.00126	0.2646	0.07527	0.117619	0.291206
106	0.00126	0.2646	0.075091	0.111702	0.240164
138	0.00126	0.2646	0.0767219	0.126452	0.356006
103	0.00126	0.2646	0.0767915	0.122405	0.306025
78	0.00126	0.2646	0.0743723	0.108762	0.227616
60	0.00126	0.2646	0.0741352	0.106832	0.213905
122	0.00126	0.2646	0.076545	0.11942	0.282813
121	0.00126	0.2646	0.0766475	0.12351	0.320991
97	0.00126	0.2646	0.0742138	0.107375	0.215673
62	0.00126	0.2646	0.0736352	0.107445	0.224723
56	0.00126	0.2646	0.0719472	0.0926134	0.116654
94	0.00126	0.2646	0.0745733	0.113781	0.264438
29	0.00126	0.2646	0.072838	0.0931604	0.103777
122	0.00126	0.2646	0.0768318	0.12781	0.358417
117	0.00126	0.2646	0.0753235	0.114664	0.264213
115	0.00126	0.2646	0.0749459	0.112041	0.246905
197	0.00126	0.2646	0.0752897	0.111976	0.237097
145	0.00126	0.2646	0.0752073	0.115	0.268762
79	0.00126	0.2646	0.0734515	0.102622	0.183002
136	0.00126	0.2646	0.0767741	0.124768	0.325031
105	0.00126	0.2646	0.0746103	0.107942	0.212448
84	0.00126	0.2646	0.0739199	0.109258	0.241862
104	0.00126	0.2646	0.0735616	0.104696	0.196851
22	0.00126	0.2646	0.0717919	0.0908611	0.103423
95	0.00126	0.2646	0.0749716	0.115712	0.277046
53	0.00126	0.2646	0.0733731	0.0964848	0.128793
116	0.00126	0.2646	0.0777157	0.134622	0.405975
107	0.00126	0.2646	0.0734725	0.100839	0.167169
115	0.00126	0.2646	0.0736246	0.105091	0.209468
131	0.00126	0.2646	0.0742246	0.102762	0.170145
143	0.00126	0.2646	0.0766642	0.120613	0.287065
60	0.00126	0.2646	0.07378	0.102561	0.182205
108	0.00126	0.2646	0.0751259	0.118509	0.30228
66	0.00126	0.2646	0.071681	0.0906648	0.105401
43	0.00126	0.2646	0.0733583	0.0970707	0.12869
176	0.00126	0.2646	0.078596	0.14093	0.452669
60	0.00126	0.2646	0.0746585	0.104224	0.178223
156	0.00126	0.2646	0.0767189	0.130972	0.394409
73	0.00126	0.2646	0.072891	0.0950046	0.121175
155	0.00126	0.2646	0.0789919	0.140704	0.443628
54	0.00126	0.2646	0.0754676	0.108399	0.206125
120	0.00126	0.2646	0.0784392	0.134362	0.38973
103	0.00126	0.2646	0.0754468	0.112985	0.245032
116	0.00126	0.2646	0.0751626	0.118596	0.302614
53	0.00126	0.2646	0.0726245	0.0977517	0.154535
66	0.00126	0.2646	0.0728223	0.0969096	0.133395
84	0.00126	0.2646	0.0728961	0.099881	0.166573
84	0.00126	0.2646	0.0726756	0.093777	0.111727
183	0.00126	0.2646	0.0769871	0.125988	0.339983
106	0.00126	0.2646	0.0740861	0.10484	0.191703
128	0.00126	0.2646	0.0753543	0.120749	0.32437
115	0.00126	0.2646	0.0744939	0.109026	0.221763
100	0.00126	0.2646	0.0737209	0.106473	0.218924
146	0.00126	0.2646	0.0752181	0.121972	0.331842
13	0.00126	0.2646	0.0712225	0.089985	0.10709
73	0.00126	0.2646	0.0730655	0.106488	0.228696
94	0.00126	0.2646	0.0723256	0.0954985	0.137356
96	0.00126	0.2646	0.0744735	0.109435	0.227607
157	0.00126	0.2646	0.0766803	0.127598	0.3599
137	0.00126	0.2646	0.0741575	0.114509	0.280338
57	0.00126	0.2646	0.0715764	0.0926542	0.119433
44	0.00126	0.2646	0.0720393	0.0967649	0.153283
55	0.00126	0.2646	0.072547	0.0971752	0.143765
100	0.00126	0.2646	0.073317	0.100529	0.155706
79	0.00126	0.2646	0.0725216	0.0957635	0.133029
115	0.00126	0.2646	0.0747637	0.10944	0.21839
95	0.00126	0.2646	0.0757366	0.115147	0.259239
155	0.00126	0.2646	0.0758816	0.118727	0.286834
51	0.00126	0.2646	0.0724059	0.0955945	0.137445
161	0.00126	0.2646	0.0748214	0.120428	0.320752
31	0.00126	0.2646	0.0711128	0.0889369	0.0964833
81	0.00126	0.2646	0.073211	0.104068	0.196872
69	0.00126	0.2646	0.0735332	0.10279	0.184535
137	0.00126	0.2646	0.0765485	0.125913	0.347575
131	0.00126	0.2646	0.0763237	0.123725	0.33785
118	0.00126	0.2646	0.0775	0.129924	0.373007
131	0.00126	0.2646	0.0780042	0.1281	0.340919
169	0.00126	0.2646	0.0774905	0.131777	0.383589
55	0.00126	0.2646	0.0716007	0.0914798	0.119581
60	0.00126	0.2646	0.071955	0.0930971	0.114438
62	0.00126	0.2646	0.071891	0.0969803	0.15902
114	0.00126	0.2646	0.0748529	0.112453	0.247833
146	0.00126	0.2646	0.0752127	0.115202	0.272293
121	0.00126	0.2646	0.075003	0.113509	0.254321
58	0.00126	0.2646	0.0727323	0.0981153	0.151322
34	0.00126	0.2646	0.072525	0.09828	0.162169
101	0.00126	0.2646	0.074229	0.103996	0.178648
135	0.00126	0.2646	0.0759531	0.121638	0.314816
71	0.00126	0.2646	0.072913	0.100318	0.171159
190	0.00126	0.2646	0.0800651	0.147579	0.48289
133	0.00126	0.2646	0.0765978	0.115424	0.251251
184	0.00126	0.2646	0.0803529	0.14673	0.473357
131	0.00126	0.2646	0.0762374	0.117532	0.278502
92	0.00126	0.2646	0.0741253	0.103484	0.179195
177	0.00126	0.2646	0.0755899	0.122141	0.325483
142	0.00126	0.2646	0.0730345	0.100457	0.176248
145	0.00126	0.2646	0.0766851	0.125658	0.335358
60	0.00126	0.2646	0.0729683	0.0961601	0.133175
99	0.00126	0.2646	0.0747411	0.109483	0.227598
64	0.00126	0.2646	0.0731155	0.0987125	0.152874
148	0.00126	0.2646	0.0749907	0.114848	0.27077
48	0.00126	0.2646	0.0743094	0.103752	0.17955
85	0.00126	0.2646	0.0766346	0.121856	0.301416
108	0.00126	0.2646	0.075069	0.115056	0.272254
75	0.00126	0.2646	0.0723165	0.09577	0.140342
107	0.00126	0.2646	0.0745604	0.116536	0.293295
75	0.00126	0.2646	0.0734769	0.101475	0.169846
121	0.00126	0.2646	0.0754267	0.121113	0.323304
143	0.00126	0.2646	0.0745485	0.11196	0.251039
31	0.00126	0.2646	0.0720145	0.0906801	0.0956122
116	0.00126	0.2646	0.0737004	0.106344	0.213097
129	0.00126	0.2646	0.0748635	0.109292	0.221174
172	0.00126	0.2646	0.0784413	0.139114	0.438219
86	0.00126	0.2646	0.0747636	0.110259	0.231526
118	0.00126	0.2646	0.0730941	0.0993633	0.160475
131	0.00126	0.2646	0.0752342	0.120302	0.315232
40	0.00126	0.2646	0.0727536	0.09896	0.16312
49	0.00126	0.2646	0.072352	0.0950735	0.130592
95	0.00126	0.2646	0.0755718	0.123331	0.337805
143	0.00126	0.2646	0.0784295	0.136555	0.412416
156	0.00126	0.2646	0.0779723	0.132161	0.378309
113	0.00126	0.2646	0.0736222	0.0997851	0.157992
158	0.00126	0.2646	0.0756802	0.121092	0.314955
96	0.00126	0.2646	0.0733404	0.100991	0.18022
206	0.00126	0.2646	0.0777616	0.13096	0.364724
74	0.00126	0.2646	0.0748531	0.106257	0.192811
136	0.00126	0.2646	0.0760696	0.122659	0.323506
19	0.00126	0.2646	0.0721215	0.0919279	0.110397
124	0.00126	0.2646	0.0743677	0.107386	0.209762
84	0.00126	0.2646	0.0748999	0.107037	0.203751
160	0.00126	0.2646	0.0793089	0.143855	0.464452
56	0.00126	0.2646	0.0733437	0.0950204	0.114455
74	0.00126	0.2646	0.0731037	0.097296	0.134169
69	0.00126	0.2646	0.0729163	0.0934237	0.112143
187	0.00126	0.2646	0.0817561	0.158218	0.553209
145	0.00126	0.2646	0.0785095	0.132219	0.373728
91	0.00126	0.2646	0.0744965	0.104699	0.185538
30	0.00126	0.2646	0.0736941	0.101482	0.169822
143	0.00126	0.2646	0.076538	0.126414	0.354038
84	0.00126	0.2646	0.0747677	0.110995	0.242052
82	0.00126	0.2646	0.0745244	0.101884	0.162185
204	0.00126	0.2646	0.0826086	0.167068	0.628136
179	0.00126	0.2646	0.0787587	0.136447	0.411484
110	0.00126	0.2646	0.0750963	0.111546	0.247101
144	0.00126	0.2646	0.0769715	0.125424	0.329402
116	0.00126	0.2646	0.0747345	0.108578	0.222866
154	0.00126	0.2646	0.0774784	0.130169	0.370164
117	0.00126	0.2646	0.0752558	0.112611	0.251632
125	0.00126	0.2646	0.0758805	0.116125	0.262998
58	0.00126	0.2646	0.072403	0.0981609	0.162287
81	0.00126	0.2646	0.0729846	0.100348	0.167355
79	0.00126	0.2646	0.0745892	0.109929	0.226862
72	0.00126	0.2646	0.072848	0.098387	0.150588
28	0.00126	0.2646	0.0716334	0.0895303	0.0869843
107	0.00126	0.2646	0.0727154	0.101391	0.182376
45	0.00126	0.2646	0.071697	0.0890291	0.0868216
108	0.00126	0.2646	0.0758559	0.11637	0.265199
130	0.00126	0.2646	0.0767968	0.12595	0.344585
49	0.00126	0.2646	0.0733303	0.0980216	0.138297
30	0.00126	0.2646	0.072111	0.0919074	0.103215
113	0.00126	0.2646	0.074527	0.116911	0.300569
95	0.00126	0.2646	0.0737271	0.103899	0.186128
143	0.00126	0.2646	0.0737332	0.107444	0.22703
117	0.00126	0.2646	0.0745819	0.112385	0.257708
183	0.00126	0.2646	0.0770816	0.131432	0.391918
146	0.00126	0.2646	0.0776887	0.130096	0.376772
121	0.00126	0.2646	0.0810706	0.151621	0.50877
99	0.00126	0.2646	0.076778	0.116483	0.25473
111	0.00126	0.2646	0.0754028	0.1202	0.31916
58	0.00126	0.2646	0.0713535	0.0900412	0.098953
85	0.00126	0.2646	0.0734033	0.105667	0.211614
112	0.00126	0.2646	0.0758935	0.124487	0.341313
73	0.00126	0.2646	0.0736318	0.10368	0.191616
95	0.00126	0.2646	0.0738224	0.104197	0.189853
63	0.00126	0.2646	0.0749512	0.111838	0.241508
110	0.00126	0.2646	0.0759399	0.114252	0.253022
116	0.00126	0.2646	0.0803279	0.143837	0.44237
63	0.00126	0.2646	0.0755911	0.110066	0.214178
66	0.00126	0.2646	0.0717029	0.0927366	0.12328
111	0.00126	0.2646	0.0760335	0.12657	0.357977
70	0.00126	0.2646	0.0728109	0.0956604	0.134273
152	0.00126	0.2646	0.0780381	0.13341	0.380131
60	0.00126	0.2646	0.073748	0.099863	0.151478
66	0.00126	0.2646	0.0733033	0.102358	0.1858
122	0.00126	0.2646	0.0745609	0.115427	0.281879
16	0.00126	0.2646	0.0718957	0.0890282	0.0863062
152	0.00126	0.2646	0.077127	0.126213	0.332903
160	0.00126	0.2646	0.0756886	0.11808	0.287162
14	0.00126	0.2646	0.0712889	0.0873527	0.084942
198	0.00126	0.2646	0.0797898	0.144667	0.462257
207	0.00126	0.2646	0.0794239	0.140233	0.438434
165	0.00126	0.2646	0.0780851	0.128499	0.348673
113	0.00126	0.2646	0.0766264	0.117755	0.266657
151	0.00126	0.2646	0.0760538	0.124835	0.350174
103	0.00126	0.2646	0.0733851	0.107421	0.229069
39	0.00126	0.2646	0.0714254	0.090831	0.109046
108	0.00126	0.2646	0.0744291	0.111304	0.237876
103	0.00126	0.2646	0.0731901	0.102452	0.186561
96	0.00126	0.2646	0.07376	0.105442	0.211858
120	0.00126	0.2646	0.0737869	0.107055	0.215704
70	0.00126	0.2646	0.0739224	0.103947	0.183533
53	0.00126	0.2646	0.0740124	0.103904	0.185434
115	0.00126	0.2646	0.0755752	0.116926	0.277256
43	0.00126	0.2646	0.0719762	0.0918503	0.102259
48	0.00126	0.2646	0.0705713	0.0892808	0.108662
73	0.00126	0.2646	0.0704134	0.0866161	0.0847785
82	0.00126	0.2646	0.0735344	0.109685	0.243574
63	0.00126	0.2646	0.0723953	0.098554	0.159338
44	0.00126	0.2646	0.0712237	0.0891915	0.0960456
121	0.00126	0.2646	0.0737751	0.106976	0.2161
34	0.00126	0.2646	0.0724915	0.0939345	0.12332
115	0.00126	0.2646	0.078121	0.138877	0.441661
87	0.00126	0.2646	0.0752998	0.109445	0.210422
91	0.00126	0.2646	0.0734298	0.10528	0.212817
85	0.00126	0.2646	0.0721828	0.0967964	0.147374
24	0.00126	0.2646	0.0712644	0.0915073	0.115639
23	0.00126	0.2646	0.071456	0.0908817	0.106969
119	0.00126	0.2646	0.0743823	0.113431	0.263534
123	0.00126	0.2646	0.0735238	0.105537	0.209622
122	0.00126	0.2646	0.0775635	0.130432	0.36844
107	0.00126	0.2646	0.075772	0.113708	0.248644
154	0.00126	0.2646	0.0767842	0.12557	0.339673
48	0.00126	0.2646	0.073433	0.0981679	0.144819
102	0.00126	0.2646	0.0741205	0.104157	0.185276
146	0.00126	0.2646	0.0775454	0.129827	0.364037
156	0.00126	0.2646	0.0764689	0.12517	0.347705
102	0.00126	0.2646	0.0750862	0.111109	0.235212
127	0.00126	0.2646	0.0767065	0.127857	0.363077
92	0.00126	0.2646	0.0739067	0.103334	0.189645
86	0.00126	0.2646	0.0734405	0.0987267	0.14973
137	0.00126	0.2646	0.0754213	0.113828	0.251367
86	0.00126	0.2646	0.0745757	0.10552	0.195182
99	0.00126	0.2646	0.0767167	0.120702	0.295506
124	0.00126	0.2646	0.0786291	0.136498	0.417208
135	0.00126	0.2646	0.0794687	0.138095	0.404801
109	0.00126	0.2646	0.0757544	0.113999	0.252123
182	0.00126	0.2646	0.0755641	0.113698	0.25209
147	0.00126	0.2646	0.0765653	0.122989	0.319963
88	0.00126	0.2646	0.0749452	0.109061	0.213495
27	0.00126	0.2646	0.0724553	0.0924125	0.109533
131	0.00126	0.2646	0.0743539	0.110199	0.240009
74	0.00126	0.2646	0.0746237	0.104606	0.179933
109	0.00126	0.2646	0.0769553	0.12459	0.326114
101	0.00126	0.2646	0.0753782	0.111107	0.231096
115	0.00126	0.2646	0.0771717	0.127376	0.346367
76	0.00126	0.2646	0.0745191	0.107722	0.222892
125	0.00126	0.2646	0.0787976	0.137563	0.414565
69	0.00126	0.2646	0.0759683	0.112351	0.234453
170	0.00126	0.2646	0.0781156	0.136615	0.420007
89	0.00126	0.2646	0.0737313	0.105542	0.206334
112	0.00126	0.2646	0.0738933	0.109189	0.238102
99	0.00126	0.2646	0.073579	0.101262	0.165857
128	0.00126	0.2646	0.0749733	0.113715	0.259718
102	0.00126	0.2646	0.0754844	0.119614	0.304504
91	0.00126	0.2646	0.0723803	0.0953513	0.13393
45	0.00126	0.2646	0.0725298	0.0975514	0.15601
107	0.00126	0.2646	0.0759934	0.117395	0.27503
79	0.00126	0.2646	0.0756508	0.110303	0.212599
112	0.00126	0.2646	0.0753872	0.11639	0.280555
193	0.00126	0.2646	0.0792645	0.149335	0.519661
23	0.00126	0.2646	0.0732993	0.0947563	0.112839
134	0.00126	0.2646	0.0776172	0.135078	0.415637
84	0.00126	0.2646	0.0747064	0.106093	0.188878
129	0.00126	0.2646	0.0749474	0.114745	0.267353
58	0.00126	0.2646	0.0726859	0.0994584	0.167798
24	0.00126	0.2646	0.0717979	0.0892327	0.0882943
94	0.00126	0.2646	0.0756981	0.111276	0.22665
206	0.00126	0.2646	0.0808499	0.150359	0.498284
106	0.00126	0.2646	0.075621	0.109658	0.21518
25	0.00126	0.2646	0.0738066	0.101723	0.168272
169	0.00126	0.2646	0.0766396	0.130227	0.389516
50	0.00126	0.2646	0.0740007	0.100578	0.153386
124	0.00126	0.2646	0.0771739	0.127995	0.355533
102	0.00126	0.2646	0.0762835	0.12365	0.329325
67	0.00126	0.2646	0.0726902	0.0963606	0.143822
126	0.00126	0.2646	0.0757505	0.116408	0.270388
103	0.00126	0.2646	0.0778142	0.125502	0.322707
162	0.00126	0.2646	0.079474	0.13753	0.398458
165	0.00126	0.2646	0.0759229	0.12123	0.323002
112	0.00126	0.2646	0.074346	0.108556	0.215847
56	0.00126	0.2646	0.0735893	0.0995613	0.151733
105	0.00126	0.2646	0.0770869	0.124448	0.323095
151	0.00126	0.2646	0.0788763	0.138843	0.426993
105	0.00126	0.2646	0.0740846	0.104919	0.19106
55	0.00126	0.2646	0.0713292	0.0884779	0.0904498
139	0.00126	0.2646	0.0751098	0.118123	0.298884
88	0.00126	0.2646	0.0759882	0.117551	0.278964
123	0.00126	0.2646	0.0770272	0.128511	0.361183
51	0.00126	0.2646	0.0720825	0.0916069	0.107064
143	0.00126	0.2646	0.0744607	0.106867	0.201321
80	0.00126	0.2646	0.0750658	0.114036	0.258351
43	0.00126	0.2646	0.072351	0.0922679	0.108737
117	0.00126	0.2646	0.076366	0.12385	0.32627
26	0.00126	0.2646	0.0725801	0.0934006	0.110238
133	0.00126	0.2646	0.0731192	0.103111	0.190349
112	0.00126	0.2646	0.0737389	0.10775	0.227291
87	0.00126	0.2646	0.0759392	0.125007	0.350228
85	0.00126	0.2646	0.0733067	0.101469	0.175223
149	0.00126	0.2646	0.0735824	0.105133	0.203333
68	0.00126	0.2646	0.0729249	0.099558	0.162445
138	0.00126	0.2646	0.0760102	0.126334	0.357708
65	0.00126	0.2646	0.0726489	0.0982109	0.164811
111	0.00126	0.2646	0.0767277	0.123281	0.30938
121	0.00126	0.2646	0.0759301	0.123361	0.33975
61	0.00126	0.2646	0.0729472	0.100415	0.171824
80	0.00126	0.2646	0.0735427	0.107733	0.231075
131	0.00126	0.2646	0.0749892	0.116676	0.283608
80	0.00126	0.2646	0.0733552	0.104361	0.200437
120	0.00126	0.2646	0.0728594	0.103911	0.208583
95	0.00126	0.2646	0.0747613	0.113758	0.263377
84	0.00126	0.2646	0.0728394	0.0985825	0.15675
47	0.00126	0.2646	0.0726478	0.0937305	0.113978
235	0.00126	0.2646	0.078332	0.139177	0.437098
131	0.00126	0.2646	0.0739825	0.102779	0.176704
182	0.00126	0.2646	0.0754312	0.122821	0.337993
56	0.00126	0.2646	0.0728875	0.100087	0.17151
75	0.00126	0.2646	0.0742163	0.109384	0.231053
125	0.00126	0.2646	0.0752369	0.117851	0.292457
99	0.00126	0.2646	0.0740799	0.107108	0.214394
145	0.00126	0.2646	0.0782872	0.133884	0.386591
124	0.00126	0.2646	0.0764221	0.117836	0.27557
137	0.00126	0.2646	0.0749362	0.107884	0.210242
106	0.00126	0.2646	0.0754792	0.108678	0.197567
196	0.00126	0.2646	0.0763916	0.12398	0.33156
73	0.00126	0.2646	0.0736115	0.102456	0.176556
58	0.00126	0.2646	0.072222	0.092993	0.114665
124	0.00126	0.2646	0.076175	0.123896	0.330597
114	0.00126	0.2646	0.0751128	0.115329	0.273214
55	0.00126	0.2646	0.0725932	0.091537	0.0983907
140	0.00126	0.2646	0.0773269	0.1249	0.324798
106	0.00126	0.2646	0.0767044	0.11652	0.257311
134	0.00126	0.2646	0.078492	0.129582	0.349806
228	0.00126	0.2646	0.0819409	0.161134	0.585015
151	0.00126	0.2646	0.076447	0.11893	0.283456
86	0.00126	0.2646	0.0726549	0.0950382	0.124231
78	0.00126	0.2646	0.0719764	0.0970076	0.161813
61	0.00126	0.2646	0.0729602	0.0993888	0.160747
101	0.00126	0.2646	0.0748146	0.110667	0.232408
116	0.00126	0.2646	0.0763764	0.122463	0.321752
118	0.00126	0.2646	0.0757904	0.119318	0.305361
88	0.00126	0.2646	0.0752531	0.112567	0.245868
95	0.00126	0.2646	0.0760337	0.118879	0.291147
67	0.00126	0.2646	0.0741397	0.101378	0.153753
36	0.00126	0.2646	0.073007	0.0959343	0.12562
120	0.00126	0.2646	0.0747393	0.11691	0.296734
61	0.00126	0.2646	0.0719225	0.0894923	0.0869051
120	0.00126	0.2646	0.0757774	0.116806	0.271595
112	0.00126	0.2646	0.0771081	0.126565	0.346483
75	0.00126	0.2646	0.0748542	0.105195	0.180489
16	0.00126	0.2646	0.0723981	0.0924479	0.101605
129	0.00126	0.2646	0.0744937	0.11391	0.270383
132	0.00126	0.2646	0.0757918	0.117758	0.282312
125	0.00126	0.2646	0.0756038	0.11405	0.251156
149	0.00126	0.2646	0.0764047	0.126447	0.359202
111	0.00126	0.2646	0.0746612	0.108821	0.221271
140	0.00126	0.2646	0.0768709	0.130053	0.38344
123	0.00126	0.2646	0.0761407	0.1181	0.283813
129	0.00126	0.2646	0.0771708	0.126657	0.340979
33	0.00126	0.2646	0.0725746	0.0933144	0.113689
124	0.00126	0.2646	0.0744203	0.109615	0.230253
44	0.00126	0.2646	0.0737817	0.102965	0.183504
156	0.00126	0.2646	0.0777665	0.132249	0.383606
154	0.00126	0.2646	0.078326	0.137471	0.424071
37	0.00126	0.2646	0.072854	0.0941333	0.113788
104	0.00126	0.2646	0.0736484	0.104058	0.188705
72	0.00126	0.2646	0.0733552	0.101109	0.166639
63	0.00126	0.2646	0.0730671	0.097719	0.148612
119	0.00126	0.2646	0.0772918	0.126498	0.328105
77	0.00126	0.2646	0.0729413	0.0980126	0.158375
109	0.00126	0.2646	0.0750786	0.11376	0.256963
77	0.00126	0.2646	0.0738276	0.105535	0.200216
27	0.00126	0.2646	0.0721964	0.0933673	0.122339
112	0.00126	0.2646	0.0750648	0.1102	0.218293
145	0.00126	0.2646	0.0762182	0.124041	0.330073
150	0.00126	0.2646	0.0756737	0.117315	0.289278
200	0.00126	0.2646	0.0794983	0.146335	0.485978
85	0.00126	0.2646	0.075911	0.11556	0.266619
115	0.00126	0.2646	0.0771139	0.127134	0.348413
68	0.00126	0.2646	0.0733573	0.0978175	0.140791
114	0.00126	0.2646	0.0748802	0.111492	0.236518
53	0.00126	0.2646	0.0735047	0.102463	0.181313
88	0.00126	0.2646	0.0739418	0.107051	0.222545
93	0.00126	0.2646	0.0762982	0.118523	0.277286
105	0.00126	0.2646	0.0745928	0.108945	0.219684
61	0.00126	0.2646	0.0727859	0.0985934	0.163573
135	0.00126	0.2646	0.0764368	0.124623	0.328487
75	0.00126	0.2646	0.073795	0.101818	0.166664
79	0.00126	0.2646	0.0736395	0.103149	0.183833
68	0.00126	0.2646	0.0744228	0.112629	0.264569
