155	0.00126	0.2646	0.10299	0.108049	0.11138	1295.66	nan	nan	
60	0.00126	0.2646	0.102905	0.107331	0.106143	1296.32	nan	nan	
101	0.00126	0.2646	0.102986	0.108014	0.111106	1295.68	nan	nan	
107	0.00126	0.2646	0.102956	0.10786	0.110235	1295.8	nan	nan	
91	0.00126	0.2646	0.102945	0.107851	0.110186	1295.8	nan	nan	
145	0.00126	0.2646	0.102851	0.107057	0.104643	1296.51	nan	nan	
18	0.00126	0.2646	0.103007	0.108415	0.114477	1295.27	nan	nan	
25	0.00126	0.2646	0.102877	0.107173	0.105134	1296.46	nan	nan	
167	0.00126	0.2646	0.102919	0.107675	0.109324	1295.91	nan	nan	
64	0.00126	0.2646	0.102962	0.107736	0.108446	1296.04	nan	nan	
70	0.00126	0.2646	0.102965	0.107654	0.108097	1296.08	nan	nan	
118	0.00126	0.2646	0.102997	0.108024	0.111069	1295.7	nan	nan	
82	0.00126	0.2646	0.10302	0.108132	0.111515	1295.64	nan	nan	
137	0.00126	0.2646	0.102923	0.107526	0.107696	1296.12	nan	nan	
128	0.00126	0.2646	0.102987	0.108074	0.111647	1295.63	nan	nan	
77	0.00126	0.2646	0.10294	0.107665	0.108581	1296.01	nan	nan	
85	0.00126	0.2646	0.102934	0.107685	0.108744	1296	nan	nan	
68	0.00126	0.2646	0.102922	0.107649	0.108746	1296	nan	nan	
50	0.00126	0.2646	0.102937	0.10761	0.108243	1296.06	nan	nan	
18	0.00126	0.2646	0.103175	0.109447	0.121451	1294.37	nan	nan	
78	0.00126	0.2646	0.102964	0.107918	0.110521	1295.77	nan	nan	
84	0.00126	0.2646	0.102937	0.107677	0.108742	1295.99	nan	nan	
100	0.00126	0.2646	0.102952	0.10772	0.108765	1295.98	nan	nan	
65	0.00126	0.2646	0.102972	0.107953	0.110839	1295.72	nan	nan	
32	0.00126	0.2646	0.10294	0.10758	0.107694	1296.12	nan	nan	
76	0.00126	0.2646	0.102977	0.107934	0.110444	1295.78	nan	nan	
200	0.00126	0.2646	0.102846	0.107175	0.105641	1296.39	nan	nan	
115	0.00126	0.2646	0.102847	0.107257	0.106158	1296.33	nan	nan	
49	0.00126	0.2646	0.102863	0.107319	0.106658	1296.26	nan	nan	
162	0.00126	0.2646	0.102883	0.107334	0.106284	1296.31	nan	nan	
164	0.00126	0.2646	0.10287	0.107322	0.106314	1296.3	nan	nan	
157	0.00126	0.2646	0.102898	0.107613	0.108602	1296.01	nan	nan	
101	0.00126	0.2646	0.102863	0.107282	0.106069	1296.33	nan	nan	
190	0.00126	0.2646	0.102861	0.107307	0.106366	1296.29	nan	nan	
130	0.00126	0.2646	0.102871	0.107335	0.106792	1296.23	nan	nan	
132	0.00126	0.2646	0.103013	0.108236	0.112218	1295.56	nan	nan	
120	0.00126	0.2646	0.102874	0.107325	0.106541	1296.28	nan	nan	
150	0.00126	0.2646	0.102931	0.107803	0.110009	1295.84	nan	nan	
33	0.00126	0.2646	0.10293	0.10774	0.109326	1295.93	nan	nan	
114	0.00126	0.2646	0.102879	0.107438	0.107509	1296.15	nan	nan	
127	0.00126	0.2646	0.102912	0.107546	0.107605	1296.14	nan	nan	
175	0.00126	0.2646	0.102877	0.107494	0.107858	1296.1	nan	nan	
176	0.00126	0.2646	0.102846	0.107295	0.106554	1296.26	nan	nan	
90	0.00126	0.2646	0.102865	0.107501	0.108269	1296.04	nan	nan	
96	0.00126	0.2646	0.102863	0.107376	0.107095	1296.2	nan	nan	
112	0.00126	0.2646	0.102953	0.107942	0.110748	1295.7	nan	nan	
81	0.00126	0.2646	0.102851	0.107147	0.10528	1296.44	nan	nan	
88	0.00126	0.2646	0.102944	0.107816	0.109946	1295.85	nan	nan	
120	0.00126	0.2646	0.103006	0.108134	0.111847	1295.62	nan	nan	
146	0.00126	0.2646	0.102961	0.107967	0.111225	1295.69	nan	nan	
112	0.00126	0.2646	0.103091	0.109269	0.121038	1294.41	nan	nan	
121	0.00126	0.2646	0.10285	0.107135	0.105158	1296.45	nan	nan	
88	0.00126	0.2646	0.102864	0.107397	0.107186	1296.18	nan	nan	
109	0.00126	0.2646	0.102835	0.10717	0.105537	1296.39	nan	nan	
100	0.00126	0.2646	0.102855	0.107297	0.106471	1296.28	nan	nan	
24	0.00126	0.2646	0.102894	0.107406	0.106869	1296.23	nan	nan	
91	0.00126	0.2646	0.102939	0.107812	0.10995	1295.84	nan	nan	
139	0.00126	0.2646	0.10289	0.107502	0.108079	1296.08	nan	nan	
70	0.00126	0.2646	0.102928	0.107719	0.109056	1295.96	nan	nan	
130	0.00126	0.2646	0.102868	0.10721	0.105461	1296.42	nan	nan	
175	0.00126	0.2646	0.102918	0.107587	0.107656	1296.12	nan	nan	
19	0.00126	0.2646	0.102904	0.107479	0.107368	1296.17	nan	nan	
125	0.00126	0.2646	0.102962	0.107979	0.111181	1295.68	nan	nan	
94	0.00126	0.2646	0.102893	0.107536	0.108549	1296	nan	nan	
57	0.00126	0.2646	0.102925	0.107626	0.108361	1296.04	nan	nan	
118	0.00126	0.2646	0.102988	0.108244	0.11304	1295.33	nan	nan	
87	0.00126	0.2646	0.102911	0.107535	0.10769	1296.13	nan	nan	
118	0.00126	0.2646	0.102882	0.107467	0.107586	1296.15	nan	nan	
65	0.00126	0.2646	0.102869	0.107341	0.106541	1296.28	nan	nan	
108	0.00126	0.2646	0.102881	0.107489	0.10789	1296.11	nan	nan	
74	0.00126	0.2646	0.102996	0.108039	0.111146	1295.69	nan	nan	
124	0.00126	0.2646	0.103044	0.108531	0.114863	1295.21	nan	nan	
122	0.00126	0.2646	0.102898	0.10743	0.107043	1296.2	nan	nan	
70	0.00126	0.2646	0.102878	0.10729	0.106258	1296.3	nan	nan	
70	0.00126	0.2646	0.10309	0.108867	0.117214	1294.9	nan	nan	
155	0.00126	0.2646	0.102977	0.107987	0.110853	1295.72	nan	nan	
111	0.00126	0.2646	0.102902	0.10757	0.108332	1296.06	nan	nan	
32	0.00126	0.2646	0.102911	0.107635	0.108742	1296.01	nan	nan	
99	0.00126	0.2646	0.10292	0.107669	0.10882	1295.99	nan	nan	
52	0.00126	0.2646	0.102899	0.107457	0.107263	1296.19	nan	nan	
206	0.00126	0.2646	0.102913	0.107577	0.108174	1296.06	nan	nan	
138	0.00126	0.2646	0.102965	0.107987	0.111122	1295.68	nan	nan	
51	0.00126	0.2646	0.102924	0.107622	0.108385	1296.03	nan	nan	
130	0.00126	0.2646	0.102901	0.107591	0.108602	1296.01	nan	nan	
157	0.00126	0.2646	0.1029	0.107318	0.105728	1296.37	nan	nan	
49	0.00126	0.2646	0.10296	0.108034	0.111683	1295.62	nan	nan	
62	0.00126	0.2646	0.10284	0.107162	0.105525	1296.41	nan	nan	
78	0.00126	0.2646	0.102838	0.107098	0.104953	1296.48	nan	nan	
28	0.00126	0.2646	0.102927	0.107785	0.109755	1295.87	nan	nan	
131	0.00126	0.2646	0.102884	0.107448	0.107412	1296.17	nan	nan	
202	0.00126	0.2646	0.102932	0.107799	0.110033	1295.82	nan	nan	
133	0.00126	0.2646	0.102943	0.10772	0.108592	1295.98	nan	nan	
73	0.00126	0.2646	0.102948	0.107745	0.109163	1295.93	nan	nan	
156	0.00126	0.2646	0.102928	0.107696	0.109107	1295.94	nan	nan	
212	0.00126	0.2646	0.102937	0.107857	0.110288	1295.79	nan	nan	
148	0.00126	0.2646	0.102861	0.107279	0.106302	1296.3	nan	nan	
61	0.00126	0.2646	0.102865	0.107226	0.105658	1296.4	nan	nan	
127	0.00126	0.2646	0.103044	0.108614	0.115883	1295.09	nan	nan	
50	0.00126	0.2646	0.102936	0.107651	0.10849	1296.03	nan	nan	
120	0.00126	0.2646	0.102895	0.107434	0.107075	1296.21	nan	nan	
142	0.00126	0.2646	0.102907	0.107485	0.10753	1296.15	nan	nan	
72	0.00126	0.2646	0.102965	0.107965	0.110792	1295.72	nan	nan	
86	0.00126	0.2646	0.102913	0.107588	0.108116	1296.07	nan	nan	
167	0.00126	0.2646	0.102849	0.107208	0.105718	1296.37	nan	nan	
94	0.00126	0.2646	0.10284	0.107237	0.106119	1296.32	nan	nan	
189	0.00126	0.2646	0.102828	0.107122	0.105316	1296.43	nan	nan	
134	0.00126	0.2646	0.102866	0.107373	0.106821	1296.25	nan	nan	
100	0.00126	0.2646	0.102876	0.107372	0.106846	1296.24	nan	nan	
35	0.00126	0.2646	0.102887	0.107355	0.106545	1296.28	nan	nan	
195	0.00126	0.2646	0.103026	0.108459	0.114364	1295.27	nan	nan	
35	0.00126	0.2646	0.102905	0.107445	0.107134	1296.2	nan	nan	
138	0.00126	0.2646	0.102883	0.107288	0.105932	1296.35	nan	nan	
112	0.00126	0.2646	0.102973	0.107968	0.110688	1295.74	nan	nan	
79	0.00126	0.2646	0.102926	0.107733	0.109546	1295.89	nan	nan	
142	0.00126	0.2646	0.102899	0.107488	0.107524	1296.15	nan	nan	
62	0.00126	0.2646	0.102967	0.108012	0.111542	1295.64	nan	nan	
56	0.00126	0.2646	0.102927	0.107627	0.108569	1296.02	nan	nan	
81	0.00126	0.2646	0.103019	0.1084	0.113969	1295.34	nan	nan	
167	0.00126	0.2646	0.102998	0.107964	0.110281	1295.82	nan	nan	
52	0.00126	0.2646	0.103075	0.108598	0.114883	1295.21	nan	nan	
67	0.00126	0.2646	0.102896	0.107518	0.107794	1296.12	nan	nan	
203	0.00126	0.2646	0.102894	0.107479	0.107517	1296.1	nan	nan	
72	0.00126	0.2646	0.102957	0.107899	0.110429	1295.77	nan	nan	
161	0.00126	0.2646	0.10289	0.107446	0.107401	1296.16	nan	nan	
107	0.00126	0.2646	0.102914	0.107769	0.110029	1295.82	nan	nan	
15	0.00126	0.2646	0.102863	0.107123	0.104809	1296.49	nan	nan	
161	0.00126	0.2646	0.102901	0.107555	0.108227	1296.07	nan	nan	
65	0.00126	0.2646	0.102933	0.107694	0.108692	1296.01	nan	nan	
112	0.00126	0.2646	0.102943	0.107795	0.109558	1295.88	nan	nan	
76	0.00126	0.2646	0.102872	0.107232	0.105617	1296.39	nan	nan	
52	0.00126	0.2646	0.102873	0.107374	0.106853	1296.23	nan	nan	
161	0.00126	0.2646	0.102927	0.10777	0.109668	1295.87	nan	nan	
170	0.00126	0.2646	0.102931	0.107802	0.109773	1295.86	nan	nan	
92	0.00126	0.2646	0.102885	0.107477	0.107634	1296.13	nan	nan	
50	0.00126	0.2646	0.102913	0.107682	0.109112	1295.94	nan	nan	
214	0.00126	0.2646	0.102891	0.107426	0.107201	1296.19	nan	nan	
56	0.00126	0.2646	0.102929	0.107741	0.109456	1295.91	nan	nan	
85	0.00126	0.2646	0.102932	0.107768	0.109623	1295.89	nan	nan	
87	0.00126	0.2646	0.102856	0.107205	0.10571	1296.38	nan	nan	
90	0.00126	0.2646	0.102891	0.107569	0.108527	1296.02	nan	nan	
50	0.00126	0.2646	0.102919	0.107721	0.109365	1295.91	nan	nan	
63	0.00126	0.2646	0.102878	0.107442	0.107447	1296.15	nan	nan	
119	0.00126	0.2646	0.102853	0.10731	0.106741	1296.24	nan	nan	
112	0.00126	0.2646	0.102916	0.107747	0.109501	1295.89	nan	nan	
132	0.00126	0.2646	0.102849	0.10726	0.106224	1296.31	nan	nan	
66	0.00126	0.2646	0.102874	0.107383	0.10705	1296.2	nan	nan	
145	0.00126	0.2646	0.102917	0.107783	0.110003	1295.84	nan	nan	
62	0.00126	0.2646	0.102833	0.107062	0.104753	1296.51	nan	nan	
16	0.00126	0.2646	0.102862	0.107304	0.106384	1296.3	nan	nan	
82	0.00126	0.2646	0.102858	0.107185	0.105445	1296.41	nan	nan	
198	0.00126	0.2646	0.102856	0.107132	0.104684	1296.51	nan	nan	
31	0.00126	0.2646	0.102899	0.10765	0.109029	1295.95	nan	nan	
142	0.00126	0.2646	0.102858	0.107293	0.106333	1296.3	nan	nan	
14	0.00126	0.2646	0.102915	0.107727	0.109565	1295.88	nan	nan	
102	0.00126	0.2646	0.102879	0.107446	0.10751	1296.15	nan	nan	
32	0.00126	0.2646	0.102895	0.107478	0.107442	1296.15	nan	nan	
80	0.00126	0.2646	0.102888	0.107485	0.107589	1296.14	nan	nan	
132	0.00126	0.2646	0.102865	0.107384	0.107096	1296.21	nan	nan	
141	0.00126	0.2646	0.102939	0.107901	0.110759	1295.74	nan	nan	
75	0.00126	0.2646	0.102896	0.107547	0.10815	1296.07	nan	nan	
109	0.00126	0.2646	0.102899	0.107552	0.10816	1296.07	nan	nan	
174	0.00126	0.2646	0.102884	0.107455	0.107479	1296.15	nan	nan	
62	0.00126	0.2646	0.102918	0.107705	0.109109	1295.94	nan	nan	
124	0.00126	0.2646	0.102861	0.107297	0.106445	1296.28	nan	nan	
30	0.00126	0.2646	0.10289	0.107407	0.106897	1296.22	nan	nan	
88	0.00126	0.2646	0.102939	0.107909	0.110916	1295.7	nan	nan	
147	0.00126	0.2646	0.102881	0.107427	0.107143	1296.21	nan	nan	
57	0.00126	0.2646	0.102905	0.107604	0.108556	1296.03	nan	nan	
117	0.00126	0.2646	0.102964	0.108095	0.111898	1295.6	nan	nan	
157	0.00126	0.2646	0.10292	0.107715	0.109229	1295.94	nan	nan	
126	0.00126	0.2646	0.102985	0.108044	0.111331	1295.67	nan	nan	
38	0.00126	0.2646	0.102968	0.107943	0.110447	1295.78	nan	nan	
52	0.00126	0.2646	0.102859	0.107187	0.105429	1296.41	nan	nan	
59	0.00126	0.2646	0.102909	0.10762	0.108763	1295.98	nan	nan	
45	0.00126	0.2646	0.103018	0.108311	0.113179	1295.42	nan	nan	
66	0.00126	0.2646	0.102929	0.107672	0.108636	1296.01	nan	nan	
142	0.00126	0.2646	0.102888	0.107483	0.107743	1296.13	nan	nan	
95	0.00126	0.2646	0.102947	0.10785	0.110258	1295.81	nan	nan	
160	0.00126	0.2646	0.102969	0.108065	0.111631	1295.63	nan	nan	
100	0.00126	0.2646	0.102938	0.107798	0.110059	1295.82	nan	nan	
81	0.00126	0.2646	0.102877	0.107352	0.106625	1296.26	nan	nan	
77	0.00126	0.2646	0.1029	0.107465	0.107305	1296.16	nan	nan	
179	0.00126	0.2646	0.102912	0.107713	0.10938	1295.91	nan	nan	
81	0.00126	0.2646	0.102837	0.107089	0.104999	1296.46	nan	nan	
81	0.00126	0.2646	0.102933	0.107879	0.110684	1295.73	nan	nan	
140	0.00126	0.2646	0.10288	0.1074	0.106928	1296.23	nan	nan	
150	0.00126	0.2646	0.102889	0.107647	0.10919	1295.95	nan	nan	
15	0.00126	0.2646	0.102858	0.107242	0.106032	1296.34	nan	nan	
61	0.00126	0.2646	0.102893	0.107512	0.10768	1296.13	nan	nan	
146	0.00126	0.2646	0.102881	0.107432	0.107175	1296.2	nan	nan	
15	0.00126	0.2646	0.102871	0.107246	0.105894	1296.36	nan	nan	
69	0.00126	0.2646	0.10299	0.108295	0.113629	1295.35	nan	nan	
110	0.00126	0.2646	0.10286	0.107222	0.105661	1296.38	nan	nan	
106	0.00126	0.2646	0.102828	0.10713	0.105496	1296.4	nan	nan	
32	0.00126	0.2646	0.102872	0.10733	0.106224	1296.31	nan	nan	
27	0.00126	0.2646	0.102894	0.107615	0.10875	1296	nan	nan	
126	0.00126	0.2646	0.102829	0.107073	0.105064	1296.47	nan	nan	
85	0.00126	0.2646	0.102957	0.107957	0.110815	1295.74	nan	nan	
106	0.00126	0.2646	0.102906	0.10749	0.107581	1296.13	nan	nan	
95	0.00126	0.2646	0.102963	0.107955	0.110812	1295.74	nan	nan	
146	0.00126	0.2646	0.102861	0.107386	0.107197	1296.19	nan	nan	
85	0.00126	0.2646	0.102884	0.107422	0.107083	1296.2	nan	nan	
145	0.00126	0.2646	0.102939	0.107804	0.109753	1295.86	nan	nan	
93	0.00126	0.2646	0.102936	0.107847	0.11031	1295.78	nan	nan	
98	0.00126	0.2646	0.102861	0.107278	0.106068	1296.33	nan	nan	
129	0.00126	0.2646	0.102848	0.107333	0.106907	1296.23	nan	nan	
141	0.00126	0.2646	0.102894	0.107678	0.109341	1295.93	nan	nan	
106	0.00126	0.2646	0.102866	0.107354	0.106786	1296.25	nan	nan	
51	0.00126	0.2646	0.102858	0.107209	0.105673	1296.39	nan	nan	
111	0.00126	0.2646	0.102881	0.10747	0.107417	1296.17	nan	nan	
21	0.00126	0.2646	0.102886	0.107433	0.107231	1296.19	nan	nan	
77	0.00126	0.2646	0.102944	0.107869	0.110291	1295.78	nan	nan	
111	0.00126	0.2646	0.102899	0.107507	0.107817	1296.09	nan	nan	
63	0.00126	0.2646	0.102851	0.107221	0.105818	1296.36	nan	nan	
110	0.00126	0.2646	0.102873	0.107494	0.108126	1296.06	nan	nan	
78	0.00126	0.2646	0.102863	0.107322	0.106436	1296.29	nan	nan	
213	0.00126	0.2646	0.102864	0.107248	0.105909	1296.36	nan	nan	
39	0.00126	0.2646	0.102965	0.107885	0.110023	1295.84	nan	nan	
78	0.00126	0.2646	0.103018	0.10823	0.112648	1295.51	nan	nan	
123	0.00126	0.2646	0.10289	0.107374	0.106698	1296.26	nan	nan	
91	0.00126	0.2646	0.10295	0.107861	0.110201	1295.81	nan	nan	
158	0.00126	0.2646	0.102933	0.107658	0.108353	1296.04	nan	nan	
94	0.00126	0.2646	0.102876	0.107325	0.106367	1296.28	nan	nan	
60	0.00126	0.2646	0.102843	0.107245	0.106362	1296.29	nan	nan	
92	0.00126	0.2646	0.102879	0.107396	0.107008	1296.21	nan	nan	
83	0.00126	0.2646	0.102996	0.108192	0.112889	1295.47	nan	nan	
60	0.00126	0.2646	0.102938	0.107715	0.109094	1295.96	nan	nan	
126	0.00126	0.2646	0.102988	0.108075	0.111664	1295.62	nan	nan	
112	0.00126	0.2646	0.103009	0.108149	0.111732	1295.64	nan	nan	
98	0.00126	0.2646	0.102924	0.107629	0.108548	1295.89	nan	nan	
213	0.00126	0.2646	0.102911	0.10757	0.10818	1296.06	nan	nan	
112	0.00126	0.2646	0.102926	0.107758	0.109697	1295.86	nan	nan	
54	0.00126	0.2646	0.10291	0.107655	0.10896	1295.96	nan	nan	
128	0.00126	0.2646	0.102878	0.107374	0.106715	1296.25	nan	nan	
83	0.00126	0.2646	0.102931	0.107756	0.109509	1295.86	nan	nan	
50	0.00126	0.2646	0.102951	0.107799	0.109417	1295.92	nan	nan	
143	0.00126	0.2646	0.102909	0.107566	0.108199	1296.07	nan	nan	
41	0.00126	0.2646	0.102943	0.107776	0.109562	1295.89	nan	nan	
63	0.00126	0.2646	0.102913	0.10758	0.108185	1296.07	nan	nan	
91	0.00126	0.2646	0.102938	0.107742	0.109276	1295.92	nan	nan	
103	0.00126	0.2646	0.102968	0.10796	0.110882	1295.72	nan	nan	
152	0.00126	0.2646	0.102864	0.107292	0.106348	1296.29	nan	nan	
86	0.00126	0.2646	0.102844	0.107206	0.105819	1296.36	nan	nan	
198	0.00126	0.2646	0.102926	0.107845	0.110334	1295.79	nan	nan	
114	0.00126	0.2646	0.102854	0.107169	0.105281	1296.43	nan	nan	
111	0.00126	0.2646	0.102877	0.107387	0.106825	1296.24	nan	nan	
149	0.00126	0.2646	0.10288	0.107448	0.107388	1296.17	nan	nan	
48	0.00126	0.2646	0.102885	0.107536	0.10831	1296.06	nan	nan	
97	0.00126	0.2646	0.102882	0.107395	0.106959	1296.23	nan	nan	
68	0.00126	0.2646	0.102994	0.108026	0.111019	1295.71	nan	nan	
126	0.00126	0.2646	0.10289	0.1075	0.107759	1296.12	nan	nan	
93	0.00126	0.2646	0.102899	0.107565	0.108314	1296.04	nan	nan	
94	0.00126	0.2646	0.102919	0.10774	0.10936	1295.91	nan	nan	
69	0.00126	0.2646	0.102874	0.107288	0.106069	1296.33	nan	nan	
199	0.00126	0.2646	0.10295	0.107882	0.110369	1295.78	nan	nan	
129	0.00126	0.2646	0.102996	0.108176	0.112554	1295.51	nan	nan	
80	0.00126	0.2646	0.102921	0.107707	0.109222	1295.94	nan	nan	
187	0.00126	0.2646	0.102846	0.107276	0.106514	1296.28	nan	nan	
109	0.00126	0.2646	0.102863	0.107285	0.106187	1296.32	nan	nan	
145	0.00126	0.2646	0.102975	0.108073	0.11168	1295.63	nan	nan	
49	0.00126	0.2646	0.10283	0.107218	0.106085	1296.33	nan	nan	
103	0.00126	0.2646	0.102843	0.107191	0.105766	1296.37	nan	nan	
146	0.00126	0.2646	0.102976	0.10807	0.111533	1295.64	nan	nan	
78	0.00126	0.2646	0.10288	0.107329	0.10635	1296.3	nan	nan	
165	0.00126	0.2646	0.102929	0.107771	0.109733	1295.86	nan	nan	
154	0.00126	0.2646	0.102891	0.107457	0.107466	1296.15	nan	nan	
91	0.00126	0.2646	0.102903	0.10764	0.108728	1296	nan	nan	
95	0.00126	0.2646	0.102815	0.106995	0.104509	1296.54	nan	nan	
108	0.00126	0.2646	0.10289	0.107631	0.10873	1296	nan	nan	
25	0.00126	0.2646	0.102808	0.106915	0.103859	1296.61	nan	nan	
179	0.00126	0.2646	0.102884	0.107575	0.10857	1296.01	nan	nan	
43	0.00126	0.2646	0.102831	0.107056	0.104765	1296.49	nan	nan	
163	0.00126	0.2646	0.102902	0.107588	0.108389	1296.03	nan	nan	
86	0.00126	0.2646	0.102958	0.107987	0.111465	1295.63	nan	nan	
100	0.00126	0.2646	0.102967	0.107904	0.110052	1295.83	nan	nan	
113	0.00126	0.2646	0.102862	0.107275	0.106151	1296.33	nan	nan	
104	0.00126	0.2646	0.102859	0.107316	0.106418	1296.3	nan	nan	
79	0.00126	0.2646	0.102892	0.107571	0.108342	1296.05	nan	nan	
69	0.00126	0.2646	0.102922	0.107695	0.108885	1295.98	nan	nan	
89	0.00126	0.2646	0.10285	0.107233	0.10618	1296.32	nan	nan	
134	0.00126	0.2646	0.102957	0.107998	0.111146	1295.7	nan	nan	
27	0.00126	0.2646	0.102896	0.107504	0.10789	1296.09	nan	nan	
96	0.00126	0.2646	0.102914	0.107608	0.108335	1296.04	nan	nan	
104	0.00126	0.2646	0.102932	0.107707	0.109191	1295.93	nan	nan	
64	0.00126	0.2646	0.102954	0.107825	0.109568	1295.89	nan	nan	
42	0.00126	0.2646	0.102867	0.107382	0.107134	1296.2	nan	nan	
75	0.00126	0.2646	0.102859	0.10741	0.10756	1296.15	nan	nan	
138	0.00126	0.2646	0.102873	0.107397	0.107032	1296.22	nan	nan	
43	0.00126	0.2646	0.10294	0.107744	0.109244	1295.93	nan	nan	
55	0.00126	0.2646	0.102898	0.107435	0.107102	1296.2	nan	nan	
133	0.00126	0.2646	0.102869	0.10737	0.106877	1296.23	nan	nan	
65	0.00126	0.2646	0.102859	0.107174	0.105088	1296.45	nan	nan	
122	0.00126	0.2646	0.102908	0.107646	0.108956	1295.96	nan	nan	
62	0.00126	0.2646	0.102914	0.107514	0.107672	1296.12	nan	nan	
104	0.00126	0.2646	0.103044	0.108613	0.115461	1295.14	nan	nan	
139	0.00126	0.2646	0.102906	0.107689	0.109382	1295.92	nan	nan	
50	0.00126	0.2646	0.102844	0.107238	0.106218	1296.32	nan	nan	
168	0.00126	0.2646	0.102903	0.107566	0.108106	1296.09	nan	nan	
57	0.00126	0.2646	0.102989	0.108111	0.111822	1295.59	nan	nan	
76	0.00126	0.2646	0.102891	0.107455	0.107442	1296.16	nan	nan	
41	0.00126	0.2646	0.102848	0.107257	0.106232	1296.31	nan	nan	
108	0.00126	0.2646	0.102898	0.107509	0.107577	1296.14	nan	nan	
69	0.00126	0.2646	0.102946	0.107805	0.109797	1295.85	nan	nan	
144	0.00126	0.2646	0.102919	0.107621	0.108401	1296.03	nan	nan	
115	0.00126	0.2646	0.102879	0.107447	0.107286	1296.18	nan	nan	
77	0.00126	0.2646	0.102831	0.107229	0.106275	1296.31	nan	nan	
100	0.00126	0.2646	0.102843	0.107271	0.106322	1296.31	nan	nan	
102	0.00126	0.2646	0.102872	0.107464	0.107584	1296.12	nan	nan	
169	0.00126	0.2646	0.102838	0.107216	0.106009	1296.35	nan	nan	
108	0.00126	0.2646	0.102861	0.107432	0.10757	1296.14	nan	nan	
112	0.00126	0.2646	0.102854	0.107347	0.107005	1296.21	nan	nan	
17	0.00126	0.2646	0.102917	0.107545	0.107606	1296.13	nan	nan	
181	0.00126	0.2646	0.102954	0.107847	0.109579	1295.75	nan	nan	
71	0.00126	0.2646	0.102921	0.107747	0.109535	1295.89	nan	nan	
149	0.00126	0.2646	0.102872	0.107475	0.107685	1296.1	nan	nan	
105	0.00126	0.2646	0.102838	0.107219	0.106178	1296.32	nan	nan	
142	0.00126	0.2646	0.102922	0.107798	0.110107	1295.83	nan	nan	
44	0.00126	0.2646	0.102935	0.107775	0.109601	1295.89	nan	nan	
63	0.00126	0.2646	0.102839	0.107171	0.105705	1296.38	nan	nan	
136	0.00126	0.2646	0.102812	0.107018	0.104713	1296.5	nan	nan	
103	0.00126	0.2646	0.102915	0.107499	0.107401	1296.17	nan	nan	
81	0.00126	0.2646	0.103106	0.108869	0.117096	1294.92	nan	nan	
144	0.00126	0.2646	0.102991	0.108095	0.112035	1295.57	nan	nan	
58	0.00126	0.2646	0.102874	0.107336	0.106431	1296.29	nan	nan	
175	0.00126	0.2646	0.102858	0.107258	0.106096	1296.33	nan	nan	
15	0.00126	0.2646	0.102877	0.107338	0.106432	1296.29	nan	nan	
153	0.00126	0.2646	0.102894	0.107488	0.107693	1296.13	nan	nan	
141	0.00126	0.2646	0.102984	0.108084	0.111583	1295.65	nan	nan	
130	0.00126	0.2646	0.102871	0.107306	0.106326	1296.31	nan	nan	
113	0.00126	0.2646	0.102907	0.107621	0.108612	1296.01	nan	nan	
39	0.00126	0.2646	0.102934	0.107682	0.108903	1295.98	nan	nan	
104	0.00126	0.2646	0.102998	0.108077	0.111377	1295.66	nan	nan	
86	0.00126	0.2646	0.102887	0.107236	0.105426	1296.41	nan	nan	
147	0.00126	0.2646	0.103006	0.108416	0.114494	1295.24	nan	nan	
54	0.00126	0.2646	0.102959	0.107796	0.109336	1295.92	nan	nan	
169	0.00126	0.2646	0.102978	0.108159	0.112778	1295.48	nan	nan	
123	0.00126	0.2646	0.102863	0.107286	0.106479	1296.28	nan	nan	
83	0.00126	0.2646	0.102887	0.107446	0.107132	1296.21	nan	nan	
246	0.00126	0.2646	0.102893	0.107538	0.107881	1296.12	nan	nan	
103	0.00126	0.2646	0.102933	0.107691	0.108776	1295.99	nan	nan	
68	0.00126	0.2646	0.102926	0.107553	0.10781	1296.12	nan	nan	
29	0.00126	0.2646	0.102922	0.107632	0.108402	1296.03	nan	nan	
125	0.00126	0.2646	0.102853	0.107263	0.106388	1296.28	nan	nan	
43	0.00126	0.2646	0.102893	0.107379	0.106394	1296.29	nan	nan	
182	0.00126	0.2646	0.102986	0.108125	0.112038	1295.58	nan	nan	
80	0.00126	0.2646	0.102889	0.107436	0.107262	1296.18	nan	nan	
168	0.00126	0.2646	0.102884	0.107542	0.108267	1296.06	nan	nan	
79	0.00126	0.2646	0.102854	0.107215	0.10572	1296.39	nan	nan	
138	0.00126	0.2646	0.102963	0.108074	0.11224	1295.55	nan	nan	
100	0.00126	0.2646	0.103045	0.108351	0.113224	1295.44	nan	nan	
62	0.00126	0.2646	0.102874	0.107324	0.106586	1296.27	nan	nan	
46	0.00126	0.2646	0.10299	0.108194	0.112667	1295.48	nan	nan	
127	0.00126	0.2646	0.102896	0.107403	0.106961	1296.21	nan	nan	
98	0.00126	0.2646	0.102976	0.108064	0.111649	1295.6	nan	nan	
88	0.00126	0.2646	0.102933	0.107643	0.108119	1296.08	nan	nan	
44	0.00126	0.2646	0.10291	0.107583	0.108191	1296.07	nan	nan	
76	0.00126	0.2646	0.102863	0.107256	0.105953	1296.35	nan	nan	
77	0.00126	0.2646	0.102893	0.107637	0.109141	1295.95	nan	nan	
164	0.00126	0.2646	0.102907	0.107605	0.10831	1296.05	nan	nan	
194	0.00126	0.2646	0.102935	0.107726	0.109023	1295.96	nan	nan	
158	0.00126	0.2646	0.10281	0.107063	0.105277	1296.43	nan	nan	
102	0.00126	0.2646	0.102919	0.107748	0.109625	1295.87	nan	nan	
79	0.00126	0.2646	0.102991	0.108042	0.111018	1295.71	nan	nan	
146	0.00126	0.2646	0.102967	0.107929	0.110437	1295.78	nan	nan	
147	0.00126	0.2646	0.102916	0.107631	0.108684	1295.99	nan	nan	
238	0.00126	0.2646	0.102933	0.107748	0.109419	1295.92	nan	nan	
160	0.00126	0.2646	0.102982	0.10814	0.112281	1295.55	nan	nan	
125	0.00126	0.2646	0.10285	0.107247	0.106162	1296.33	nan	nan	
87	0.00126	0.2646	0.102862	0.107397	0.107173	1296.2	nan	nan	
11	0.00126	0.2646	0.102847	0.107299	0.106692	1296.25	nan	nan	
12	0.00126	0.2646	0.102782	0.106656	0.101839	1296.87	0.666341	0.666336	
77	0.00126	0.2646	0.102894	0.107533	0.107926	1296.09	nan	nan	
170	0.00126	0.2646	0.102906	0.107514	0.107646	1296.13	nan	nan	
118	0.00126	0.2646	0.102925	0.1076	0.10795	1296.09	nan	nan	
55	0.00126	0.2646	0.10293	0.107706	0.109062	1295.95	nan	nan	
77	0.00126	0.2646	0.102931	0.107741	0.109335	1295.93	nan	nan	
86	0.00126	0.2646	0.102954	0.107887	0.11028	1295.81	nan	nan	
141	0.00126	0.2646	0.102898	0.10751	0.107789	1296.13	nan	nan	
138	0.00126	0.2646	0.102934	0.107759	0.109234	1295.93	nan	nan	
96	0.00126	0.2646	0.102895	0.107579	0.108378	1296.04	nan	nan	
84	0.00126	0.2646	0.102917	0.107521	0.107614	1296.14	nan	nan	
72	0.00126	0.2646	0.102955	0.107837	0.109918	1295.83	nan	nan	
121	0.00126	0.2646	0.102944	0.107779	0.109633	1295.88	nan	nan	
72	0.00126	0.2646	0.102969	0.107912	0.110388	1295.78	nan	nan	
95	0.00126	0.2646	0.102872	0.107303	0.106451	1296.25	nan	nan	
121	0.00126	0.2646	0.102827	0.10714	0.105459	1296.42	nan	nan	
142	0.00126	0.2646	0.102857	0.107358	0.106976	1296.23	nan	nan	
173	0.00126	0.2646	0.10293	0.107745	0.109322	1295.82	nan	nan	
121	0.00126	0.2646	0.103019	0.108287	0.113007	1295.46	nan	nan	
86	0.00126	0.2646	0.103042	0.108554	0.115308	1295.16	nan	nan	
79	0.00126	0.2646	0.102958	0.107871	0.110274	1295.8	nan	nan	
119	0.00126	0.2646	0.103035	0.108583	0.11535	1295.15	nan	nan	
108	0.00126	0.2646	0.102924	0.10755	0.107887	1296.1	nan	nan	
63	0.00126	0.2646	0.10301	0.108125	0.111777	1295.61	nan	nan	
104	0.00126	0.2646	0.103	0.108145	0.111943	1295.6	nan	nan	
87	0.00126	0.2646	0.102862	0.107359	0.106899	1296.24	nan	nan	
163	0.00126	0.2646	0.102858	0.10739	0.107265	1296.2	nan	nan	
117	0.00126	0.2646	0.102937	0.10782	0.109888	1295.86	nan	nan	
74	0.00126	0.2646	0.102974	0.10799	0.110679	1295.76	nan	nan	
113	0.00126	0.2646	0.102874	0.107196	0.10519	1296.45	nan	nan	
110	0.00126	0.2646	0.102847	0.107231	0.106041	1296.34	nan	nan	
106	0.00126	0.2646	0.102876	0.107529	0.108802	1295.96	nan	nan	
132	0.00126	0.2646	0.102878	0.107403	0.106867	1296.23	nan	nan	
81	0.00126	0.2646	0.102867	0.107366	0.106971	1296.21	nan	nan	
179	0.00126	0.2646	0.102895	0.107636	0.108919	1295.97	nan	nan	
20	0.00126	0.2646	0.102871	0.107459	0.107959	1296.09	nan	nan	
77	0.00126	0.2646	0.102849	0.107371	0.107319	1296.18	nan	nan	
110	0.00126	0.2646	0.102859	0.10746	0.107877	1296.11	nan	nan	
103	0.00126	0.2646	0.102846	0.107295	0.106671	1296.26	nan	nan	
117	0.00126	0.2646	0.102944	0.107941	0.110823	1295.74	nan	nan	
141	0.00126	0.2646	0.102854	0.107293	0.106443	1296.29	nan	nan	
119	0.00126	0.2646	0.102863	0.107239	0.105817	1296.36	nan	nan	
41	0.00126	0.2646	0.102957	0.108107	0.112525	1295.49	nan	nan	
106	0.00126	0.2646	0.102846	0.107172	0.105493	1296.4	nan	nan	
187	0.00126	0.2646	0.102899	0.107613	0.108335	1296.05	nan	nan	
95	0.00126	0.2646	0.102855	0.107319	0.106585	1296.28	nan	nan	
67	0.00126	0.2646	0.102881	0.107578	0.108671	1296.01	nan	nan	
45	0.00126	0.2646	0.102832	0.107153	0.105487	1296.41	nan	nan	
53	0.00126	0.2646	0.102823	0.107179	0.106075	1296.34	nan	nan	
123	0.00126	0.2646	0.102886	0.10754	0.108033	1296.09	nan	nan	
82	0.00126	0.2646	0.102941	0.107855	0.110509	1295.77	nan	nan	
59	0.00126	0.2646	0.102994	0.108062	0.111172	1295.68	nan	nan	
165	0.00126	0.2646	0.102873	0.107216	0.105313	1296.42	nan	nan	
215	0.00126	0.2646	0.102855	0.107278	0.106426	1296.28	nan	nan	
90	0.00126	0.2646	0.10297	0.108063	0.111693	1295.62	nan	nan	
52	0.00126	0.2646	0.102907	0.107637	0.10891	1295.98	nan	nan	
129	0.00126	0.2646	0.102866	0.107373	0.107032	1296.22	nan	nan	
96	0.00126	0.2646	0.102935	0.107917	0.110934	1295.71	nan	nan	
163	0.00126	0.2646	0.102851	0.107257	0.106335	1296.31	nan	nan	
75	0.00126	0.2646	0.102968	0.108099	0.112219	1295.54	nan	nan	
47	0.00126	0.2646	0.102879	0.107374	0.106673	1296.26	nan	nan	
73	0.00126	0.2646	0.102896	0.107406	0.106814	1296.23	nan	nan	
118	0.00126	0.2646	0.103005	0.108314	0.113737	1295.35	nan	nan	
114	0.00126	0.2646	0.102942	0.107726	0.10903	1295.95	nan	nan	
67	0.00126	0.2646	0.102956	0.107844	0.109849	1295.85	nan	nan	
50	0.00126	0.2646	0.102889	0.107454	0.107403	1296.17	nan	nan	
128	0.00126	0.2646	0.102864	0.107349	0.106958	1296.23	nan	nan	
122	0.00126	0.2646	0.10294	0.10804	0.111933	1295.59	nan	nan	
140	0.00126	0.2646	0.102839	0.107175	0.105755	1296.38	nan	nan	
127	0.00126	0.2646	0.102885	0.107467	0.107391	1296.15	nan	nan	
129	0.00126	0.2646	0.10298	0.108091	0.111871	1295.61	nan	nan	
97	0.00126	0.2646	0.102903	0.107509	0.107657	1296.13	nan	nan	
126	0.00126	0.2646	0.102892	0.107458	0.107445	1296.15	nan	nan	
127	0.00126	0.2646	0.102924	0.107712	0.109445	1295.88	nan	nan	
134	0.00126	0.2646	0.102924	0.107672	0.108691	1296	nan	nan	
92	0.00126	0.2646	0.102866	0.107342	0.106757	1296.25	nan	nan	
159	0.00126	0.2646	0.102907	0.107603	0.108351	1296.05	nan	nan	
66	0.00126	0.2646	0.102914	0.107661	0.109055	1295.95	nan	nan	
51	0.00126	0.2646	0.102877	0.107347	0.106501	1296.29	nan	nan	
54	0.00126	0.2646	0.102899	0.107438	0.107105	1296.2	nan	nan	
89	0.00126	0.2646	0.1029	0.107532	0.108204	1296.06	nan	nan	
128	0.00126	0.2646	0.102958	0.107923	0.110384	1295.78	nan	nan	
55	0.00126	0.2646	0.102895	0.107503	0.107835	1296.1	nan	nan	
57	0.00126	0.2646	0.102865	0.107228	0.105669	1296.38	nan	nan	
49	0.00126	0.2646	0.102967	0.108178	0.112765	1295.48	nan	nan	
97	0.00126	0.2646	0.102857	0.107249	0.105992	1296.35	nan	nan	
104	0.00126	0.2646	0.102876	0.107397	0.106887	1296.24	nan	nan	
11	0.00126	0.2646	0.10284	0.107039	0.104501	1296.54	0.666341	0.666336	
79	0.00126	0.2646	0.10296	0.108002	0.111456	1295.65	nan	nan	
28	0.00126	0.2646	0.102942	0.107782	0.109616	1295.88	nan	nan	
67	0.00126	0.2646	0.102866	0.107317	0.106578	1296.27	nan	nan	
68	0.00126	0.2646	0.102945	0.107734	0.109084	1295.94	nan	nan	
84	0.00126	0.2646	0.10296	0.107835	0.109577	1295.89	nan	nan	
123	0.00126	0.2646	0.102876	0.107296	0.106071	1296.33	nan	nan	
43	0.00126	0.2646	0.102862	0.107315	0.10665	1296.25	nan	nan	
110	0.00126	0.2646	0.102884	0.107447	0.107408	1296.17	nan	nan	
76	0.00126	0.2646	0.102959	0.10795	0.110711	1295.75	nan	nan	
112	0.00126	0.2646	0.102879	0.107502	0.108254	1296.06	nan	nan	
150	0.00126	0.2646	0.102837	0.107075	0.104613	1296.52	nan	nan	
171	0.00126	0.2646	0.102865	0.107375	0.107159	1296.19	nan	nan	
83	0.00126	0.2646	0.102956	0.107838	0.109743	1295.88	nan	nan	
95	0.00126	0.2646	0.103033	0.108363	0.113563	1295.37	nan	nan	
81	0.00126	0.2646	0.102951	0.107764	0.109258	1295.93	nan	nan	
82	0.00126	0.2646	0.102959	0.107942	0.110885	1295.71	nan	nan	
49	0.00126	0.2646	0.102873	0.107334	0.106567	1296.27	nan	nan	
164	0.00126	0.2646	0.102938	0.107874	0.110518	1295.78	nan	nan	
61	0.00126	0.2646	0.102956	0.108014	0.111579	1295.64	nan	nan	
117	0.00126	0.2646	0.102914	0.107656	0.108813	1296	nan	nan	
48	0.00126	0.2646	0.102944	0.107863	0.1104	1295.79	nan	nan	
171	0.00126	0.2646	0.10289	0.10736	0.10651	1296.28	nan	nan	
158	0.00126	0.2646	0.103023	0.10841	0.114059	1295.32	nan	nan	
81	0.00126	0.2646	0.102987	0.10809	0.111744	1295.6	nan	nan	
124	0.00126	0.2646	0.102872	0.10729	0.106281	1296.3	nan	nan	
48	0.00126	0.2646	0.102915	0.107612	0.10836	1296.03	nan	nan	
99	0.00126	0.2646	0.102819	0.107077	0.105246	1296.43	nan	nan	
150	0.00126	0.2646	0.10284	0.107342	0.10708	1296.21	nan	nan	
199	0.00126	0.2646	0.102828	0.107175	0.105765	1296.38	nan	nan	
58	0.00126	0.2646	0.102893	0.107575	0.108405	1296.05	nan	nan	
197	0.00126	0.2646	0.102923	0.10776	0.109747	1295.87	nan	nan	
149	0.00126	0.2646	0.102953	0.107769	0.109202	1295.94	nan	nan	
58	0.00126	0.2646	0.10298	0.107965	0.110611	1295.75	nan	nan	
115	0.00126	0.2646	0.102929	0.107699	0.108781	1295.99	nan	nan	
207	0.00126	0.2646	0.102849	0.107189	0.105775	1296.36	nan	nan	
98	0.00126	0.2646	0.102939	0.107747	0.10901	1295.95	nan	nan	
110	0.00126	0.2646	0.102868	0.107351	0.10677	1296.24	nan	nan	
142	0.00126	0.2646	0.10285	0.107371	0.107065	1296.2	nan	nan	
85	0.00126	0.2646	0.102834	0.107255	0.106289	1296.32	nan	nan	
143	0.00126	0.2646	0.102868	0.107452	0.107732	1296.12	nan	nan	
112	0.00126	0.2646	0.102875	0.107311	0.106217	1296.32	nan	nan	
83	0.00126	0.2646	0.102967	0.107957	0.11074	1295.75	nan	nan	
180	0.00126	0.2646	0.102818	0.107023	0.104562	1296.53	nan	nan	
34	0.00126	0.2646	0.102884	0.107464	0.107723	1296.11	nan	nan	
127	0.00126	0.2646	0.102972	0.108065	0.111929	1295.58	nan	nan	
144	0.00126	0.2646	0.102906	0.107507	0.107533	1296.14	nan	nan	
101	0.00126	0.2646	0.10286	0.107252	0.105997	1296.34	nan	nan	
96	0.00126	0.2646	0.10292	0.10777	0.109669	1295.88	nan	nan	
136	0.00126	0.2646	0.102843	0.107265	0.106309	1296.31	nan	nan	
173	0.00126	0.2646	0.102828	0.107148	0.105526	1296.41	nan	nan	
65	0.00126	0.2646	0.102855	0.107335	0.10664	1296.27	nan	nan	
71	0.00126	0.2646	0.102872	0.107482	0.107861	1296.11	nan	nan	
117	0.00126	0.2646	0.102931	0.10785	0.110634	1295.75	nan	nan	
52	0.00126	0.2646	0.102908	0.107575	0.108094	1296.08	nan	nan	
66	0.00126	0.2646	0.102919	0.107654	0.108659	1296	nan	nan	
89	0.00126	0.2646	0.102897	0.107537	0.108056	1296.06	nan	nan	
133	0.00126	0.2646	0.102957	0.108094	0.11216	1295.56	nan	nan	
89	0.00126	0.2646	0.102882	0.107501	0.107998	1296.09	nan	nan	
100	0.00126	0.2646	0.102873	0.107555	0.108419	1296.05	nan	nan	
144	0.00126	0.2646	0.102833	0.107234	0.10634	1296.3	nan	nan	
110	0.00126	0.2646	0.102842	0.107267	0.106383	1296.3	nan	nan	
37	0.00126	0.2646	0.10292	0.107726	0.10939	1295.92	nan	nan	
116	0.00126	0.2646	0.102899	0.107504	0.10769	1296.13	nan	nan	
75	0.00126	0.2646	0.102967	0.108016	0.111235	1295.68	nan	nan	
149	0.00126	0.2646	0.102875	0.107369	0.106832	1296.22	nan	nan	
54	0.00126	0.2646	0.102838	0.107193	0.10583	1296.36	nan	nan	
171	0.00126	0.2646	0.102858	0.107368	0.106836	1296.24	nan	nan	
132	0.00126	0.2646	0.102832	0.107221	0.106213	1296.32	nan	nan	
81	0.00126	0.2646	0.102833	0.10726	0.106522	1296.28	nan	nan	
89	0.00126	0.2646	0.102845	0.107337	0.106977	1296.22	nan	nan	
100	0.00126	0.2646	0.102853	0.107326	0.106872	1296.24	nan	nan	
82	0.00126	0.2646	0.102947	0.107885	0.110283	1295.8	nan	nan	
179	0.00126	0.2646	0.102855	0.107316	0.106664	1296.26	nan	nan	
129	0.00126	0.2646	0.102849	0.107141	0.105192	1296.44	nan	nan	
61	0.00126	0.2646	0.102982	0.108	0.110694	1295.74	nan	nan	
151	0.00126	0.2646	0.102911	0.107559	0.108097	1296.06	nan	nan	
91	0.00126	0.2646	0.102862	0.107308	0.106491	1296.28	nan	nan	
102	0.00126	0.2646	0.102884	0.107574	0.108558	1296.02	nan	nan	
94	0.00126	0.2646	0.102866	0.107371	0.106857	1296.24	nan	nan	
71	0.00126	0.2646	0.10286	0.107288	0.106107	1296.33	nan	nan	
70	0.00126	0.2646	0.102857	0.107292	0.106398	1296.3	nan	nan	
62	0.00126	0.2646	0.102916	0.107712	0.109418	1295.9	nan	nan	
96	0.00126	0.2646	0.102886	0.107519	0.108114	1296.07	nan	nan	
248	0.00126	0.2646	0.102863	0.107353	0.106986	1296.21	nan	nan	
69	0.00126	0.2646	0.102936	0.107651	0.108483	1296.02	nan	nan	
141	0.00126	0.2646	0.103082	0.108863	0.11728	1294.9	nan	nan	
158	0.00126	0.2646	0.102877	0.107253	0.105812	1296.37	nan	nan	
148	0.00126	0.2646	0.102913	0.107619	0.108601	1296.02	nan	nan	
90	0.00126	0.2646	0.103056	0.108612	0.115329	1295.17	nan	nan	
115	0.00126	0.2646	0.103022	0.108286	0.113122	1295.44	nan	nan	
110	0.00126	0.2646	0.102911	0.107594	0.108602	1296.01	nan	nan	
73	0.00126	0.2646	0.102879	0.107361	0.106751	1296.25	nan	nan	
130	0.00126	0.2646	0.102881	0.107441	0.107365	1296.17	nan	nan	
150	0.00126	0.2646	0.102873	0.107416	0.107216	1296.18	nan	nan	
77	0.00126	0.2646	0.102853	0.107181	0.105522	1296.39	nan	nan	
70	0.00126	0.2646	0.102904	0.107485	0.107417	1296.15	nan	nan	
63	0.00126	0.2646	0.102938	0.107782	0.109641	1295.88	nan	nan	
128	0.00126	0.2646	0.102912	0.107654	0.108994	1295.97	nan	nan	
215	0.00126	0.2646	0.103032	0.10846	0.11423	1295.26	nan	nan	
127	0.00126	0.2646	0.102959	0.107825	0.10982	1295.87	nan	nan	
105	0.00126	0.2646	0.102927	0.107631	0.1085	1296.02	nan	nan	
102	0.00126	0.2646	0.102937	0.107734	0.109112	1295.95	nan	nan	
83	0.00126	0.2646	0.102931	0.107743	0.109618	1295.88	nan	nan	
17	0.00126	0.2646	0.102944	0.107755	0.109487	1295.89	nan	nan	
160	0.00126	0.2646	0.103012	0.108215	0.112683	1295.49	nan	nan	
44	0.00126	0.2646	0.102972	0.10796	0.110687	1295.75	nan	nan	
85	0.00126	0.2646	0.102865	0.107275	0.106121	1296.33	nan	nan	
112	0.00126	0.2646	0.102867	0.107444	0.107895	1296.1	nan	nan	
73	0.00126	0.2646	0.102907	0.10763	0.108695	1296	nan	nan	
51	0.00126	0.2646	0.10286	0.107245	0.105843	1296.37	nan	nan	
89	0.00126	0.2646	0.102942	0.107949	0.111361	1295.66	nan	nan	
72	0.00126	0.2646	0.102985	0.108088	0.111625	1295.63	nan	nan	
60	0.00126	0.2646	0.102997	0.10817	0.11248	1295.51	nan	nan	
58	0.00126	0.2646	0.10298	0.107958	0.110571	1295.76	nan	nan	
66	0.00126	0.2646	0.102927	0.107657	0.108597	1296.01	nan	nan	
135	0.00126	0.2646	0.102887	0.107337	0.106244	1296.3	nan	nan	
191	0.00126	0.2646	0.102916	0.107775	0.109684	1295.88	nan	nan	
114	0.00126	0.2646	0.102834	0.107151	0.105402	1296.43	nan	nan	
135	0.00126	0.2646	0.102847	0.107308	0.106742	1296.25	nan	nan	
105	0.00126	0.2646	0.102836	0.107214	0.105957	1296.36	nan	nan	
164	0.00126	0.2646	0.102879	0.107359	0.106641	1296.27	nan	nan	
64	0.00126	0.2646	0.10302	0.108233	0.112528	1295.52	nan	nan	
117	0.00126	0.2646	0.10287	0.107317	0.106313	1296.3	nan	nan	
169	0.00126	0.2646	0.102867	0.10735	0.106788	1296.23	nan	nan	
100	0.00126	0.2646	0.102881	0.107534	0.108464	1296.02	nan	nan	
125	0.00126	0.2646	0.102947	0.107854	0.110013	1295.82	nan	nan	
93	0.00126	0.2646	0.102838	0.107168	0.105619	1296.39	nan	nan	
33	0.00126	0.2646	0.102829	0.10722	0.106208	1296.32	nan	nan	
74	0.00126	0.2646	0.102806	0.107041	0.104936	1296.48	nan	nan	
205	0.00126	0.2646	0.102845	0.107395	0.107645	1296.13	nan	nan	
63	0.00126	0.2646	0.102815	0.107005	0.104413	1296.55	nan	nan	
10	0.00126	0.2646	0.102851	0.107186	0.105631	1296.39	nan	nan	
106	0.00126	0.2646	0.102939	0.107912	0.110707	1295.73	nan	nan	
93	0.00126	0.2646	0.102846	0.107126	0.105094	1296.45	nan	nan	
69	0.00126	0.2646	0.102865	0.107247	0.105878	1296.36	nan	nan	
95	0.00126	0.2646	0.103065	0.10873	0.116225	1295.03	nan	nan	
52	0.00126	0.2646	0.102893	0.107457	0.107585	1296.14	nan	nan	
90	0.00126	0.2646	0.10289	0.10754	0.108217	1296.07	nan	nan	
67	0.00126	0.2646	0.102884	0.107581	0.108682	1296.01	nan	nan	
16	0.00126	0.2646	0.102856	0.107287	0.106475	1296.29	nan	nan	
63	0.00126	0.2646	0.102954	0.107993	0.111314	1295.68	nan	nan	
110	0.00126	0.2646	0.10288	0.107368	0.106789	1296.25	nan	nan	
117	0.00126	0.2646	0.102811	0.107125	0.105684	1296.38	nan	nan	
140	0.00126	0.2646	0.102918	0.107747	0.109528	1295.89	nan	nan	
162	0.00126	0.2646	0.102919	0.107686	0.109027	1295.96	nan	nan	
70	0.00126	0.2646	0.102951	0.107824	0.109742	1295.86	nan	nan	
161	0.00126	0.2646	0.102891	0.107414	0.10713	1296.19	nan	nan	
136	0.00126	0.2646	0.102959	0.108106	0.11216	1295.56	nan	nan	
104	0.00126	0.2646	0.102879	0.107309	0.106265	1296.32	nan	nan	
174	0.00126	0.2646	0.102998	0.108185	0.112325	1295.56	nan	nan	
183	0.00126	0.2646	0.10293	0.107725	0.109115	1295.95	nan	nan	
202	0.00126	0.2646	0.102813	0.10704	0.104838	1296.5	nan	nan	
67	0.00126	0.2646	0.102823	0.107133	0.105505	1296.41	nan	nan	
145	0.00126	0.2646	0.102901	0.107696	0.109426	1295.9	nan	nan	
106	0.00126	0.2646	0.102856	0.107224	0.105806	1296.36	nan	nan	
138	0.00126	0.2646	0.102977	0.108091	0.111686	1295.62	nan	nan	
103	0.00126	0.2646	0.102902	0.107639	0.108945	1295.96	nan	nan	
78	0.00126	0.2646	0.102846	0.107272	0.106326	1296.3	nan	nan	
60	0.00126	0.2646	0.102859	0.107328	0.106733	1296.25	nan	nan	
122	0.00126	0.2646	0.102939	0.107795	0.109618	1295.89	nan	nan	
121	0.00126	0.2646	0.102912	0.10766	0.108828	1295.99	nan	nan	
97	0.00126	0.2646	0.102857	0.10738	0.107231	1296.19	nan	nan	
62	0.00126	0.2646	0.102855	0.107352	0.107019	1296.21	nan	nan	
56	0.00126	0.2646	0.102877	0.107445	0.107331	1296.17	nan	nan	
94	0.00126	0.2646	0.102888	0.107505	0.107716	1296.09	nan	nan	
29	0.00126	0.2646	0.102868	0.107373	0.106827	1296.23	nan	nan	
122	0.00126	0.2646	0.102829	0.107189	0.105918	1296.35	nan	nan	
117	0.00126	0.2646	0.102802	0.107071	0.105277	1296.43	nan	nan	
115	0.00126	0.2646	0.102843	0.107375	0.107319	1296.18	nan	nan	
197	0.00126	0.2646	0.102847	0.107227	0.106009	1296.34	nan	nan	
145	0.00126	0.2646	0.102886	0.107494	0.107762	1296.12	nan	nan	
79	0.00126	0.2646	0.102841	0.107177	0.105614	1296.39	nan	nan	
136	0.00126	0.2646	0.102878	0.107334	0.106179	1296.33	nan	nan	
105	0.00126	0.2646	0.102919	0.107664	0.108944	1295.97	nan	nan	
84	0.00126	0.2646	0.103056	0.108587	0.115063	1295.18	nan	nan	
104	0.00126	0.2646	0.10294	0.107681	0.108719	1295.99	nan	nan	
22	0.00126	0.2646	0.102909	0.10768	0.109144	1295.94	nan	nan	
95	0.00126	0.2646	0.102836	0.107208	0.105987	1296.34	nan	nan	
53	0.00126	0.2646	0.102841	0.107209	0.105826	1296.37	nan	nan	
116	0.00126	0.2646	0.102891	0.107504	0.107736	1296.13	nan	nan	
107	0.00126	0.2646	0.102962	0.108005	0.11148	1295.65	nan	nan	
115	0.00126	0.2646	0.102907	0.107552	0.107886	1296.11	nan	nan	
131	0.00126	0.2646	0.102879	0.107406	0.107198	1296.19	nan	nan	
143	0.00126	0.2646	0.102892	0.107454	0.107494	1296.14	nan	nan	
60	0.00126	0.2646	0.102999	0.10826	0.113137	1295.41	nan	nan	
108	0.00126	0.2646	0.10291	0.107466	0.107035	1296.2	nan	nan	
66	0.00126	0.2646	0.1029	0.107585	0.108428	1296.03	nan	nan	
43	0.00126	0.2646	0.102864	0.107377	0.107165	1296.2	nan	nan	
176	0.00126	0.2646	0.102866	0.107262	0.10596	1296.35	nan	nan	
60	0.00126	0.2646	0.102978	0.107996	0.110796	1295.74	nan	nan	
156	0.00126	0.2646	0.102909	0.107449	0.107082	1296.21	nan	nan	
73	0.00126	0.2646	0.102949	0.107861	0.110089	1295.83	nan	nan	
155	0.00126	0.2646	0.102871	0.107382	0.106962	1296.22	nan	nan	
54	0.00126	0.2646	0.102881	0.10747	0.107508	1296.12	nan	nan	
120	0.00126	0.2646	0.102863	0.107243	0.106011	1296.32	nan	nan	
103	0.00126	0.2646	0.102891	0.107457	0.107426	1296.15	nan	nan	
116	0.00126	0.2646	0.102918	0.107732	0.109451	1295.9	nan	nan	
53	0.00126	0.2646	0.102836	0.107186	0.105881	1296.36	nan	nan	
66	0.00126	0.2646	0.102873	0.107347	0.106786	1296.24	nan	nan	
84	0.00126	0.2646	0.10297	0.10785	0.109581	1295.9	nan	nan	
84	0.00126	0.2646	0.102994	0.108086	0.111722	1295.63	nan	nan	
183	0.00126	0.2646	0.102945	0.107759	0.109075	1295.96	nan	nan	
106	0.00126	0.2646	0.102923	0.107834	0.110593	1295.75	nan	nan	
128	0.00126	0.2646	0.102932	0.107806	0.109932	1295.84	nan	nan	
115	0.00126	0.2646	0.102959	0.107889	0.110469	1295.76	nan	nan	
100	0.00126	0.2646	0.102971	0.107934	0.110379	1295.77	nan	nan	
146	0.00126	0.2646	0.102901	0.107665	0.10926	1295.92	nan	nan	
13	0.00126	0.2646	0.102808	0.106988	0.104594	1296.52	nan	nan	
73	0.00126	0.2646	0.102827	0.107048	0.104689	1296.51	nan	nan	
94	0.00126	0.2646	0.102926	0.10778	0.109841	1295.86	nan	nan	
96	0.00126	0.2646	0.102909	0.10756	0.108117	1296.07	nan	nan	
157	0.00126	0.2646	0.102915	0.107583	0.107981	1296.1	nan	nan	
137	0.00126	0.2646	0.102885	0.107372	0.106679	1296.26	nan	nan	
57	0.00126	0.2646	0.102881	0.107463	0.107399	1296.13	nan	nan	
44	0.00126	0.2646	0.102877	0.107391	0.107048	1296.2	nan	nan	
55	0.00126	0.2646	0.102933	0.107665	0.108736	1295.98	nan	nan	
100	0.00126	0.2646	0.102987	0.108119	0.111903	1295.59	nan	nan	
79	0.00126	0.2646	0.102897	0.107602	0.108899	1295.98	nan	nan	
115	0.00126	0.2646	0.102914	0.107777	0.109959	1295.85	nan	nan	
95	0.00126	0.2646	0.102882	0.107439	0.107297	1296.19	nan	nan	
155	0.00126	0.2646	0.102952	0.10794	0.110994	1295.72	nan	nan	
51	0.00126	0.2646	0.103007	0.108171	0.112095	1295.57	nan	nan	
161	0.00126	0.2646	0.102822	0.10713	0.105681	1296.38	nan	nan	
31	0.00126	0.2646	0.102834	0.107192	0.105845	1296.35	nan	nan	
81	0.00126	0.2646	0.102843	0.107232	0.106165	1296.31	nan	nan	
69	0.00126	0.2646	0.102939	0.107732	0.108919	1295.96	nan	nan	
137	0.00126	0.2646	0.102911	0.107598	0.108303	1296.05	nan	nan	
131	0.00126	0.2646	0.102892	0.107568	0.108392	1296.05	nan	nan	
118	0.00126	0.2646	0.102884	0.107543	0.108313	1296.06	nan	nan	
131	0.00126	0.2646	0.1029	0.107666	0.109053	1295.96	nan	nan	
169	0.00126	0.2646	0.102837	0.107113	0.105206	1296.44	nan	nan	
55	0.00126	0.2646	0.102881	0.107492	0.107832	1296.11	nan	nan	
60	0.00126	0.2646	0.102867	0.107371	0.10704	1296.21	nan	nan	
62	0.00126	0.2646	0.102973	0.108123	0.112363	1295.53	nan	nan	
114	0.00126	0.2646	0.102876	0.107296	0.10631	1296.3	nan	nan	
146	0.00126	0.2646	0.103054	0.108586	0.114963	1295.19	nan	nan	
121	0.00126	0.2646	0.102938	0.107671	0.10878	1295.99	nan	nan	
58	0.00126	0.2646	0.102941	0.107762	0.109314	1295.93	nan	nan	
34	0.00126	0.2646	0.102899	0.10753	0.10795	1296.11	nan	nan	
101	0.00126	0.2646	0.102871	0.107279	0.106097	1296.34	nan	nan	
135	0.00126	0.2646	0.102987	0.108329	0.113929	1295.33	nan	nan	
71	0.00126	0.2646	0.102892	0.107569	0.108594	1296.02	nan	nan	
190	0.00126	0.2646	0.102801	0.107047	0.105086	1296.46	nan	nan	
133	0.00126	0.2646	0.102827	0.107154	0.105529	1296.4	nan	nan	
184	0.00126	0.2646	0.102847	0.10731	0.106795	1296.23	nan	nan	
131	0.00126	0.2646	0.102887	0.107511	0.107883	1296.09	nan	nan	
92	0.00126	0.2646	0.102914	0.107643	0.1088	1295.98	nan	nan	
177	0.00126	0.2646	0.102959	0.107799	0.109312	1295.93	nan	nan	
142	0.00126	0.2646	0.103001	0.10805	0.111281	1295.68	nan	nan	
145	0.00126	0.2646	0.103039	0.108385	0.113758	1295.36	nan	nan	
60	0.00126	0.2646	0.102999	0.108088	0.111133	1295.71	nan	nan	
99	0.00126	0.2646	0.102841	0.107251	0.106498	1296.28	nan	nan	
64	0.00126	0.2646	0.102823	0.107148	0.105493	1296.41	nan	nan	
148	0.00126	0.2646	0.102823	0.107182	0.106025	1296.33	nan	nan	
48	0.00126	0.2646	0.102831	0.107169	0.105715	1296.37	nan	nan	
85	0.00126	0.2646	0.102917	0.107754	0.109723	1295.86	nan	nan	
108	0.00126	0.2646	0.102849	0.107214	0.105811	1296.36	nan	nan	
75	0.00126	0.2646	0.10286	0.107181	0.105226	1296.44	nan	nan	
107	0.00126	0.2646	0.102915	0.10757	0.108142	1296.08	nan	nan	
75	0.00126	0.2646	0.103037	0.108288	0.112599	1295.52	nan	nan	
121	0.00126	0.2646	0.102962	0.107932	0.110653	1295.76	nan	nan	
143	0.00126	0.2646	0.102886	0.107583	0.108739	1296	nan	nan	
31	0.00126	0.2646	0.102892	0.107486	0.107394	1296.17	nan	nan	
116	0.00126	0.2646	0.102824	0.107068	0.105017	1296.46	nan	nan	
129	0.00126	0.2646	0.102882	0.107443	0.107157	1296.19	nan	nan	
172	0.00126	0.2646	0.102874	0.107354	0.106542	1296.27	nan	nan	
86	0.00126	0.2646	0.10286	0.107323	0.106546	1296.27	nan	nan	
118	0.00126	0.2646	0.102844	0.107126	0.105059	1296.46	nan	nan	
131	0.00126	0.2646	0.102885	0.107441	0.107225	1296.19	nan	nan	
40	0.00126	0.2646	0.102941	0.107761	0.109459	1295.91	nan	nan	
49	0.00126	0.2646	0.102969	0.107955	0.110874	1295.73	nan	nan	
95	0.00126	0.2646	0.102897	0.107529	0.10793	1296.08	nan	nan	
143	0.00126	0.2646	0.10314	0.109286	0.120386	1294.52	nan	nan	
156	0.00126	0.2646	0.102909	0.107382	0.106541	1296.27	nan	nan	
113	0.00126	0.2646	0.102996	0.108015	0.110883	1295.71	nan	nan	
158	0.00126	0.2646	0.103015	0.108215	0.112501	1295.52	nan	nan	
96	0.00126	0.2646	0.102918	0.107677	0.109302	1295.91	nan	nan	
206	0.00126	0.2646	0.102936	0.107751	0.109129	1295.95	nan	nan	
74	0.00126	0.2646	0.102984	0.108215	0.112936	1295.46	nan	nan	
136	0.00126	0.2646	0.102938	0.107771	0.109502	1295.91	nan	nan	
19	0.00126	0.2646	0.102896	0.107321	0.106123	1296.34	nan	nan	
124	0.00126	0.2646	0.103003	0.108057	0.111131	1295.71	nan	nan	
84	0.00126	0.2646	0.102931	0.107588	0.107794	1296.12	nan	nan	
160	0.00126	0.2646	0.102993	0.108193	0.112547	1295.5	nan	nan	
56	0.00126	0.2646	0.102998	0.107992	0.110523	1295.76	nan	nan	
74	0.00126	0.2646	0.102914	0.107543	0.107878	1296.09	nan	nan	
69	0.00126	0.2646	0.102863	0.107276	0.106148	1296.32	nan	nan	
187	0.00126	0.2646	0.102924	0.107792	0.109966	1295.84	nan	nan	
145	0.00126	0.2646	0.102899	0.107501	0.107615	1296.14	nan	nan	
91	0.00126	0.2646	0.102944	0.107742	0.108995	1295.97	nan	nan	
30	0.00126	0.2646	0.102951	0.107911	0.111026	1295.7	nan	nan	
143	0.00126	0.2646	0.10294	0.107713	0.108911	1295.98	nan	nan	
84	0.00126	0.2646	0.102878	0.107347	0.106619	1296.27	nan	nan	
82	0.00126	0.2646	0.102948	0.107846	0.110087	1295.82	nan	nan	
204	0.00126	0.2646	0.10294	0.107749	0.109253	1295.91	nan	nan	
179	0.00126	0.2646	0.102925	0.107658	0.108849	1295.96	nan	nan	
110	0.00126	0.2646	0.102889	0.10754	0.108305	1296.04	nan	nan	
144	0.00126	0.2646	0.102863	0.107359	0.106944	1296.22	nan	nan	
116	0.00126	0.2646	0.102907	0.107584	0.108506	1296.02	nan	nan	
154	0.00126	0.2646	0.10302	0.108397	0.113935	1295.32	nan	nan	
117	0.00126	0.2646	0.102854	0.107059	0.104602	1296.52	nan	nan	
125	0.00126	0.2646	0.102976	0.108235	0.113392	1295.4	nan	nan	
58	0.00126	0.2646	0.102863	0.107378	0.106978	1296.22	nan	nan	
81	0.00126	0.2646	0.102877	0.107311	0.106231	1296.31	nan	nan	
79	0.00126	0.2646	0.102955	0.107829	0.109799	1295.85	nan	nan	
72	0.00126	0.2646	0.102976	0.107972	0.11062	1295.75	nan	nan	
28	0.00126	0.2646	0.102833	0.107066	0.105017	1296.46	nan	nan	
107	0.00126	0.2646	0.102862	0.107429	0.107719	1296.12	nan	nan	
45	0.00126	0.2646	0.102923	0.107745	0.109472	1295.91	nan	nan	
108	0.00126	0.2646	0.102891	0.107494	0.107541	1296.14	nan	nan	
130	0.00126	0.2646	0.102819	0.107026	0.10469	1296.51	nan	nan	
49	0.00126	0.2646	0.102829	0.107099	0.105035	1296.47	nan	nan	
30	0.00126	0.2646	0.102914	0.107687	0.109127	1295.95	nan	nan	
113	0.00126	0.2646	0.102896	0.107597	0.108606	1296.01	nan	nan	
95	0.00126	0.2646	0.102883	0.107451	0.107493	1296.15	nan	nan	
143	0.00126	0.2646	0.102949	0.107833	0.10974	1295.86	nan	nan	
117	0.00126	0.2646	0.102877	0.107443	0.107416	1296.11	nan	nan	
183	0.00126	0.2646	0.102846	0.107292	0.106445	1296.29	nan	nan	
146	0.00126	0.2646	0.102845	0.107256	0.106221	1296.32	nan	nan	
121	0.00126	0.2646	0.10288	0.107494	0.107746	1296.12	nan	nan	
99	0.00126	0.2646	0.102828	0.107102	0.105214	1296.45	nan	nan	
111	0.00126	0.2646	0.102902	0.107589	0.10828	1296.06	nan	nan	
58	0.00126	0.2646	0.102845	0.10727	0.106391	1296.29	nan	nan	
85	0.00126	0.2646	0.102858	0.107422	0.107456	1296.16	nan	nan	
112	0.00126	0.2646	0.102858	0.107342	0.10678	1296.24	nan	nan	
73	0.00126	0.2646	0.102933	0.107841	0.110133	1295.8	nan	nan	
95	0.00126	0.2646	0.102913	0.107647	0.108692	1296	nan	nan	
63	0.00126	0.2646	0.102832	0.107045	0.10458	1296.52	nan	nan	
110	0.00126	0.2646	0.102863	0.107348	0.106796	1296.25	nan	nan	
116	0.00126	0.2646	0.102937	0.107885	0.110478	1295.79	nan	nan	
63	0.00126	0.2646	0.10285	0.107243	0.106124	1296.34	nan	nan	
66	0.00126	0.2646	0.102914	0.107783	0.110051	1295.83	nan	nan	
111	0.00126	0.2646	0.102868	0.107519	0.108322	1296.05	nan	nan	
70	0.00126	0.2646	0.102874	0.107461	0.107725	1296.12	nan	nan	
152	0.00126	0.2646	0.102875	0.107507	0.108146	1296.06	nan	nan	
60	0.00126	0.2646	0.102901	0.107459	0.107044	1296.2	nan	nan	
66	0.00126	0.2646	0.102948	0.107782	0.109406	1295.91	nan	nan	
122	0.00126	0.2646	0.102989	0.108055	0.111265	1295.69	nan	nan	
16	0.00126	0.2646	0.10297	0.107935	0.110488	1295.79	nan	nan	
152	0.00126	0.2646	0.102875	0.107265	0.105867	1296.37	nan	nan	
160	0.00126	0.2646	0.102917	0.107693	0.108882	1295.99	nan	nan	
14	0.00126	0.2646	0.10284	0.10717	0.105649	1296.39	nan	nan	
198	0.00126	0.2646	0.102897	0.107536	0.107917	1296.1	nan	nan	
207	0.00126	0.2646	0.102957	0.108014	0.111616	1295.62	nan	nan	
165	0.00126	0.2646	0.102892	0.107553	0.108197	1296.06	nan	nan	
113	0.00126	0.2646	0.102841	0.107126	0.105286	1296.42	nan	nan	
151	0.00126	0.2646	0.102899	0.10743	0.1071	1296.2	nan	nan	
103	0.00126	0.2646	0.103031	0.108205	0.112078	1295.57	nan	nan	
39	0.00126	0.2646	0.102986	0.107938	0.11054	1295.77	nan	nan	
108	0.00126	0.2646	0.102937	0.107619	0.107993	1296.01	nan	nan	
103	0.00126	0.2646	0.103008	0.108422	0.11433	1295.29	nan	nan	
96	0.00126	0.2646	0.10286	0.107296	0.106513	1296.29	nan	nan	
120	0.00126	0.2646	0.102947	0.10802	0.11177	1295.6	nan	nan	
70	0.00126	0.2646	0.10293	0.10768	0.108813	1295.98	nan	nan	
53	0.00126	0.2646	0.102903	0.107512	0.107566	1296.14	nan	nan	
115	0.00126	0.2646	0.102893	0.107502	0.107803	1296.1	nan	nan	
43	0.00126	0.2646	0.102934	0.107582	0.107996	1296.09	nan	nan	
48	0.00126	0.2646	0.103168	0.109273	0.119648	1294.61	nan	nan	
73	0.00126	0.2646	0.102924	0.1074	0.106411	1296.3	nan	nan	
82	0.00126	0.2646	0.102932	0.107738	0.109203	1295.95	nan	nan	
63	0.00126	0.2646	0.10287	0.107284	0.105968	1296.35	nan	nan	
44	0.00126	0.2646	0.102872	0.107378	0.106996	1296.22	nan	nan	
121	0.00126	0.2646	0.102903	0.107533	0.107847	1296.1	nan	nan	
34	0.00126	0.2646	0.102914	0.107541	0.108099	1296.07	nan	nan	
115	0.00126	0.2646	0.10302	0.108443	0.114572	1295.23	nan	nan	
87	0.00126	0.2646	0.102954	0.107758	0.10942	1295.9	nan	nan	
91	0.00126	0.2646	0.103042	0.108374	0.11367	1295.33	nan	nan	
85	0.00126	0.2646	0.103122	0.108701	0.115082	1295.19	nan	nan	
24	0.00126	0.2646	0.102954	0.107899	0.11069	1295.75	nan	nan	
23	0.00126	0.2646	0.102824	0.106986	0.104382	1296.55	nan	nan	
119	0.00126	0.2646	0.102879	0.107529	0.108118	1296.08	nan	nan	
123	0.00126	0.2646	0.102853	0.107257	0.106115	1296.33	nan	nan	
122	0.00126	0.2646	0.102929	0.107558	0.107361	1296.17	nan	nan	
107	0.00126	0.2646	0.102916	0.10762	0.10854	1296.01	nan	nan	
154	0.00126	0.2646	0.102919	0.107495	0.107173	1296.18	nan	nan	
48	0.00126	0.2646	0.102936	0.107651	0.108476	1296.02	nan	nan	
102	0.00126	0.2646	0.102924	0.107544	0.107642	1296.14	nan	nan	
146	0.00126	0.2646	0.103062	0.108684	0.116111	1295.04	nan	nan	
156	0.00126	0.2646	0.102995	0.108066	0.111017	1295.65	nan	nan	
102	0.00126	0.2646	0.102852	0.107238	0.106266	1296.31	nan	nan	
127	0.00126	0.2646	0.102896	0.107578	0.108451	1296.04	nan	nan	
92	0.00126	0.2646	0.102959	0.107942	0.110778	1295.75	nan	nan	
86	0.00126	0.2646	0.102928	0.107705	0.109041	1295.96	nan	nan	
137	0.00126	0.2646	0.102963	0.107986	0.111024	1295.7	nan	nan	
86	0.00126	0.2646	0.102955	0.107772	0.109221	1295.86	nan	nan	
99	0.00126	0.2646	0.102892	0.107425	0.107165	1296.18	nan	nan	
124	0.00126	0.2646	0.102899	0.107592	0.108472	1296.02	nan	nan	
135	0.00126	0.2646	0.102877	0.107321	0.106134	1296.33	nan	nan	
109	0.00126	0.2646	0.1029	0.107577	0.108262	1296.06	nan	nan	
182	0.00126	0.2646	0.10285	0.107194	0.105741	1296.37	nan	nan	
147	0.00126	0.2646	0.102878	0.107437	0.107254	1296.19	nan	nan	
88	0.00126	0.2646	0.102868	0.107333	0.106759	1296.25	nan	nan	
27	0.00126	0.2646	0.10289	0.107525	0.108028	1296.08	nan	nan	
131	0.00126	0.2646	0.102911	0.107521	0.107635	1296.13	nan	nan	
74	0.00126	0.2646	0.103009	0.108126	0.111594	1295.63	nan	nan	
109	0.00126	0.2646	0.102986	0.108022	0.111307	1295.66	nan	nan	
101	0.00126	0.2646	0.102924	0.107706	0.109262	1295.92	nan	nan	
115	0.00126	0.2646	0.102888	0.107449	0.107358	1296.17	nan	nan	
76	0.00126	0.2646	0.102935	0.107744	0.109126	1295.95	nan	nan	
125	0.00126	0.2646	0.102907	0.1076	0.108449	1296.04	nan	nan	
69	0.00126	0.2646	0.102859	0.107304	0.106484	1296.29	nan	nan	
170	0.00126	0.2646	0.102852	0.107319	0.106633	1296.27	nan	nan	
89	0.00126	0.2646	0.102851	0.107214	0.105854	1296.36	nan	nan	
112	0.00126	0.2646	0.102981	0.108088	0.11184	1295.6	nan	nan	
99	0.00126	0.2646	0.102979	0.107923	0.110498	1295.76	nan	nan	
128	0.00126	0.2646	0.102957	0.107801	0.109734	1295.95	nan	nan	
102	0.00126	0.2646	0.102851	0.107243	0.106246	1296.31	nan	nan	
91	0.00126	0.2646	0.102886	0.107453	0.107455	1296.16	nan	nan	
45	0.00126	0.2646	0.102974	0.108093	0.111938	1295.58	nan	nan	
107	0.00126	0.2646	0.102901	0.107463	0.107212	1296.2	nan	nan	
79	0.00126	0.2646	0.102983	0.108207	0.113021	1295.47	nan	nan	
112	0.00126	0.2646	0.102848	0.107239	0.106104	1296.34	nan	nan	
193	0.00126	0.2646	0.102894	0.10757	0.108253	1296.06	nan	nan	
23	0.00126	0.2646	0.102878	0.107394	0.107098	1296.19	nan	nan	
134	0.00126	0.2646	0.102859	0.107179	0.105372	1296.41	nan	nan	
84	0.00126	0.2646	0.102959	0.107977	0.110945	1295.71	nan	nan	
129	0.00126	0.2646	0.102843	0.107088	0.104923	1296.47	nan	nan	
58	0.00126	0.2646	0.102929	0.107859	0.110493	1295.77	nan	nan	
24	0.00126	0.2646	0.102852	0.107194	0.105599	1296.4	nan	nan	
94	0.00126	0.2646	0.102931	0.10782	0.110168	1295.82	nan	nan	
206	0.00126	0.2646	0.102882	0.107406	0.106886	1296.24	nan	nan	
106	0.00126	0.2646	0.102925	0.107783	0.109908	1295.85	nan	nan	
25	0.00126	0.2646	0.102859	0.107392	0.107267	1296.18	nan	nan	
169	0.00126	0.2646	0.102849	0.107309	0.106811	1296.23	nan	nan	
50	0.00126	0.2646	0.102893	0.107633	0.109221	1295.92	nan	nan	
124	0.00126	0.2646	0.102899	0.107493	0.107518	1296.14	nan	nan	
102	0.00126	0.2646	0.102949	0.107841	0.110031	1295.82	nan	nan	
67	0.00126	0.2646	0.102926	0.107757	0.10966	1295.88	nan	nan	
126	0.00126	0.2646	0.102851	0.107251	0.106171	1296.33	nan	nan	
103	0.00126	0.2646	0.102945	0.107901	0.110296	1295.82	nan	nan	
162	0.00126	0.2646	0.10288	0.107514	0.108174	1296.07	nan	nan	
165	0.00126	0.2646	0.102852	0.107272	0.106224	1296.32	nan	nan	
112	0.00126	0.2646	0.102862	0.107432	0.107673	1296.12	nan	nan	
56	0.00126	0.2646	0.10285	0.107225	0.105739	1296.37	nan	nan	
105	0.00126	0.2646	0.102867	0.107323	0.106424	1296.28	nan	nan	
151	0.00126	0.2646	0.102925	0.107786	0.109866	1295.8	nan	nan	
105	0.00126	0.2646	0.102903	0.107479	0.107204	1296.19	nan	nan	
55	0.00126	0.2646	0.102926	0.107664	0.108776	1295.98	nan	nan	
139	0.00126	0.2646	0.102866	0.107245	0.105858	1296.37	nan	nan	
88	0.00126	0.2646	0.10287	0.10734	0.106575	1296.28	nan	nan	
123	0.00126	0.2646	0.102887	0.107456	0.107269	1296.19	nan	nan	
51	0.00126	0.2646	0.102839	0.107237	0.106226	1296.32	nan	nan	
143	0.00126	0.2646	0.103028	0.108288	0.112918	1295.48	nan	nan	
80	0.00126	0.2646	0.102967	0.10778	0.109071	1295.95	nan	nan	
43	0.00126	0.2646	0.102952	0.107702	0.108747	1295.98	nan	nan	
117	0.00126	0.2646	0.102923	0.10758	0.108146	1296.06	nan	nan	
26	0.00126	0.2646	0.103015	0.108143	0.111764	1295.61	nan	nan	
133	0.00126	0.2646	0.103017	0.108145	0.111921	1295.6	nan	nan	
112	0.00126	0.2646	0.102946	0.107612	0.107723	1296.13	nan	nan	
87	0.00126	0.2646	0.102954	0.107861	0.110258	1295.81	nan	nan	
85	0.00126	0.2646	0.102905	0.107487	0.107207	1296.2	nan	nan	
149	0.00126	0.2646	0.102891	0.107401	0.107028	1296.22	nan	nan	
68	0.00126	0.2646	0.102965	0.107746	0.108846	1295.98	nan	nan	
138	0.00126	0.2646	0.10302	0.108149	0.111765	1295.61	nan	nan	
65	0.00126	0.2646	0.102979	0.107857	0.109644	1295.87	nan	nan	
111	0.00126	0.2646	0.102914	0.107585	0.108379	1295.87	nan	nan	
121	0.00126	0.2646	0.102887	0.107136	0.104703	1296.5	nan	nan	
61	0.00126	0.2646	0.102996	0.107904	0.109618	1295.88	nan	nan	
80	0.00126	0.2646	0.102986	0.108037	0.111523	1295.64	nan	nan	
131	0.00126	0.2646	0.102905	0.107605	0.108651	1296	nan	nan	
80	0.00126	0.2646	0.102881	0.10744	0.107507	1296.16	nan	nan	
120	0.00126	0.2646	0.10292	0.107594	0.108144	1296.07	nan	nan	
95	0.00126	0.2646	0.102987	0.108054	0.111186	1295.69	nan	nan	
84	0.00126	0.2646	0.102954	0.107729	0.109063	1295.95	nan	nan	
47	0.00126	0.2646	0.10304	0.10842	0.114055	1295.3	nan	nan	
235	0.00126	0.2646	0.102976	0.107797	0.109233	1295.93	nan	nan	
131	0.00126	0.2646	0.103091	0.108602	0.115117	1295.19	nan	nan	
182	0.00126	0.2646	0.103022	0.108077	0.111047	1295.7	nan	nan	
56	0.00126	0.2646	0.102861	0.107198	0.105464	1296.41	nan	nan	
75	0.00126	0.2646	0.102816	0.107125	0.105655	1296.39	nan	nan	
125	0.00126	0.2646	0.102836	0.107268	0.106419	1296.29	nan	nan	
99	0.00126	0.2646	0.102847	0.107219	0.105983	1296.35	nan	nan	
145	0.00126	0.2646	0.102966	0.108111	0.11218	1295.55	nan	nan	
124	0.00126	0.2646	0.102877	0.107272	0.105927	1296.35	nan	nan	
137	0.00126	0.2646	0.102974	0.108	0.110883	1295.72	nan	nan	
106	0.00126	0.2646	0.102941	0.1078	0.109875	1295.84	nan	nan	
196	0.00126	0.2646	0.102863	0.10713	0.104884	1296.48	nan	nan	
73	0.00126	0.2646	0.102946	0.107776	0.109236	1295.92	nan	nan	
58	0.00126	0.2646	0.102906	0.107615	0.108655	1295.99	nan	nan	
124	0.00126	0.2646	0.102847	0.107229	0.106024	1296.35	nan	nan	
114	0.00126	0.2646	0.102869	0.107417	0.107135	1296.2	nan	nan	
55	0.00126	0.2646	0.102853	0.107237	0.106051	1296.34	nan	nan	
140	0.00126	0.2646	0.10293	0.107789	0.1097	1295.87	nan	nan	
106	0.00126	0.2646	0.102908	0.107687	0.109331	1295.91	nan	nan	
134	0.00126	0.2646	0.102905	0.107633	0.108792	1295.97	nan	nan	
228	0.00126	0.2646	0.102871	0.107386	0.106995	1296.21	nan	nan	
151	0.00126	0.2646	0.102886	0.107536	0.108126	1296.03	nan	nan	
86	0.00126	0.2646	0.102892	0.107502	0.107622	1296.13	nan	nan	
78	0.00126	0.2646	0.102847	0.107118	0.105124	1296.45	nan	nan	
61	0.00126	0.2646	0.102939	0.107843	0.110394	1295.79	nan	nan	
101	0.00126	0.2646	0.102972	0.108045	0.111367	1295.68	nan	nan	
116	0.00126	0.2646	0.10284	0.107104	0.105038	1296.47	nan	nan	
118	0.00126	0.2646	0.102888	0.107508	0.107596	1296.13	nan	nan	
88	0.00126	0.2646	0.102844	0.10716	0.105471	1296.4	nan	nan	
95	0.00126	0.2646	0.102929	0.107747	0.109427	1295.9	nan	nan	
67	0.00126	0.2646	0.102904	0.107528	0.10776	1296.11	nan	nan	
36	0.00126	0.2646	0.102926	0.107698	0.10902	1295.96	nan	nan	
120	0.00126	0.2646	0.102951	0.107847	0.110164	1295.81	nan	nan	
61	0.00126	0.2646	0.102991	0.108054	0.111232	1295.68	nan	nan	
120	0.00126	0.2646	0.102884	0.107406	0.10713	1296.2	nan	nan	
112	0.00126	0.2646	0.102875	0.107445	0.107422	1296.17	nan	nan	
75	0.00126	0.2646	0.102819	0.107094	0.105366	1296.43	nan	nan	
16	0.00126	0.2646	0.102891	0.107514	0.108008	1296.08	nan	nan	
129	0.00126	0.2646	0.102895	0.107485	0.1075	1296.15	nan	nan	
132	0.00126	0.2646	0.102949	0.10775	0.109108	1295.94	nan	nan	
125	0.00126	0.2646	0.102973	0.108012	0.111286	1295.67	nan	nan	
149	0.00126	0.2646	0.102892	0.10745	0.107549	1296.14	nan	nan	
111	0.00126	0.2646	0.102929	0.107615	0.108088	1296.08	nan	nan	
140	0.00126	0.2646	0.10304	0.108611	0.115451	1295.14	nan	nan	
123	0.00126	0.2646	0.102887	0.10746	0.10755	1296.16	nan	nan	
129	0.00126	0.2646	0.102852	0.107231	0.105846	1296.37	nan	nan	
33	0.00126	0.2646	0.102857	0.107352	0.106948	1296.23	nan	nan	
124	0.00126	0.2646	0.102931	0.107792	0.109956	1295.83	nan	nan	
44	0.00126	0.2646	0.102928	0.107639	0.108453	1296.03	nan	nan	
156	0.00126	0.2646	0.102952	0.107877	0.110285	1295.8	nan	nan	
154	0.00126	0.2646	0.102878	0.107312	0.106349	1296.25	nan	nan	
37	0.00126	0.2646	0.102904	0.107449	0.106919	1296.22	nan	nan	
104	0.00126	0.2646	0.102934	0.107742	0.109143	1295.95	nan	nan	
72	0.00126	0.2646	0.102885	0.107462	0.107505	1296.15	nan	nan	
63	0.00126	0.2646	0.102854	0.107255	0.106131	1296.33	nan	nan	
119	0.00126	0.2646	0.102921	0.107775	0.109895	1295.86	nan	nan	
77	0.00126	0.2646	0.10293	0.107747	0.109377	1295.93	nan	nan	
109	0.00126	0.2646	0.102914	0.107668	0.108901	1295.98	nan	nan	
77	0.00126	0.2646	0.102897	0.107418	0.106987	1296.21	nan	nan	
27	0.00126	0.2646	0.102969	0.10792	0.110429	1295.77	nan	nan	
112	0.00126	0.2646	0.102907	0.107455	0.107272	1296.17	nan	nan	
145	0.00126	0.2646	0.10304	0.108519	0.114921	1295.21	nan	nan	
150	0.00126	0.2646	0.102874	0.107235	0.105556	1296.4	nan	nan	
200	0.00126	0.2646	0.102869	0.107498	0.108188	1296.06	nan	nan	
85	0.00126	0.2646	0.102832	0.107147	0.105507	1296.41	nan	nan	
115	0.00126	0.2646	0.102829	0.10702	0.104383	1296.55	nan	nan	
68	0.00126	0.2646	0.102907	0.107674	0.109076	1295.96	nan	nan	
114	0.00126	0.2646	0.102905	0.107485	0.107376	1296.17	nan	nan	
53	0.00126	0.2646	0.102979	0.108099	0.112091	1295.56	nan	nan	
88	0.00126	0.2646	0.103011	0.108132	0.111774	1295.61	nan	nan	
93	0.00126	0.2646	0.102966	0.107846	0.109919	1295.84	nan	nan	
105	0.00126	0.2646	0.102989	0.108125	0.111789	1295.59	nan	nan	
61	0.00126	0.2646	0.102904	0.10747	0.107322	1296.18	nan	nan	
135	0.00126	0.2646	0.102937	0.107827	0.110157	1295.82	nan	nan	
75	0.00126	0.2646	0.102946	0.107761	0.109166	1295.95	nan	nan	
79	0.00126	0.2646	0.102964	0.107974	0.111165	1295.69	nan	nan	
68	0.00126	0.2646	0.102897	0.107529	0.108266	1296.05	nan	nan	
