155	0.00126	0.2646	0.0852745	0.145146	0.422067
60	0.00126	0.2646	0.0815821	0.119494	0.257328
101	0.00126	0.2646	0.0805056	0.114887	0.238717
107	0.00126	0.2646	0.083722	0.13366	0.345521
91	0.00126	0.2646	0.0823743	0.123354	0.277964
145	0.00126	0.2646	0.0823486	0.127743	0.311737
18	0.00126	0.2646	0.0775137	0.0967692	0.112557
25	0.00126	0.2646	0.0770059	0.0949108	0.101722
167	0.00126	0.2646	0.0813733	0.132843	0.383458
64	0.00126	0.2646	0.0789618	0.100474	0.123199
70	0.00126	0.2646	0.0793224	0.110291	0.206053
118	0.00126	0.2646	0.0809813	0.119241	0.259176
82	0.00126	0.2646	0.079913	0.112043	0.217093
137	0.00126	0.2646	0.0823272	0.126945	0.312125
128	0.00126	0.2646	0.0819969	0.126044	0.309518
77	0.00126	0.2646	0.0803248	0.115139	0.235334
85	0.00126	0.2646	0.0793129	0.112093	0.224295
68	0.00126	0.2646	0.0777192	0.102763	0.163503
50	0.00126	0.2646	0.0774054	0.101162	0.148426
18	0.00126	0.2646	0.0763684	0.0927964	0.097864
78	0.00126	0.2646	0.0807556	0.117375	0.247399
84	0.00126	0.2646	0.0798639	0.107322	0.167432
100	0.00126	0.2646	0.0810423	0.122642	0.30141
65	0.00126	0.2646	0.0808313	0.110759	0.173046
32	0.00126	0.2646	0.0783338	0.0960968	0.0927619
76	0.00126	0.2646	0.0813762	0.121602	0.281805
200	0.00126	0.2646	0.085386	0.151324	0.482191
115	0.00126	0.2646	0.0809788	0.120129	0.269447
49	0.00126	0.2646	0.0772917	0.0963526	0.116678
162	0.00126	0.2646	0.0808942	0.123957	0.304889
164	0.00126	0.2646	0.085056	0.140353	0.390687
157	0.00126	0.2646	0.0859515	0.145701	0.421083
101	0.00126	0.2646	0.0822979	0.117304	0.225866
190	0.00126	0.2646	0.0859907	0.151713	0.485602
130	0.00126	0.2646	0.0824566	0.125607	0.303749
132	0.00126	0.2646	0.0819514	0.122307	0.272051
120	0.00126	0.2646	0.0822299	0.125997	0.308017
150	0.00126	0.2646	0.0840879	0.1436	0.43106
33	0.00126	0.2646	0.0779452	0.0961286	0.104832
114	0.00126	0.2646	0.0826566	0.131679	0.350996
127	0.00126	0.2646	0.0862676	0.144582	0.413409
175	0.00126	0.2646	0.0889356	0.165557	0.562151
176	0.00126	0.2646	0.0862318	0.149041	0.458826
90	0.00126	0.2646	0.0818051	0.114217	0.200693
96	0.00126	0.2646	0.0827539	0.128841	0.316619
112	0.00126	0.2646	0.0798715	0.114215	0.240527
81	0.00126	0.2646	0.0792029	0.107928	0.187621
88	0.00126	0.2646	0.0805573	0.116782	0.244889
120	0.00126	0.2646	0.0808727	0.121214	0.292897
146	0.00126	0.2646	0.0836907	0.131613	0.329067
112	0.00126	0.2646	0.0845731	0.132732	0.321102
121	0.00126	0.2646	0.0837031	0.134761	0.367844
88	0.00126	0.2646	0.0822445	0.122852	0.271511
109	0.00126	0.2646	0.0820187	0.128651	0.340918
100	0.00126	0.2646	0.0822445	0.132218	0.360715
24	0.00126	0.2646	0.0777789	0.0981885	0.125291
91	0.00126	0.2646	0.0803671	0.115094	0.236173
139	0.00126	0.2646	0.0841182	0.141104	0.40615
70	0.00126	0.2646	0.0795452	0.103596	0.148686
130	0.00126	0.2646	0.0850072	0.144704	0.430371
175	0.00126	0.2646	0.0860433	0.154763	0.508471
19	0.00126	0.2646	0.0788553	0.0972028	0.093231
125	0.00126	0.2646	0.0816995	0.127313	0.32284
94	0.00126	0.2646	0.0782244	0.101338	0.141133
57	0.00126	0.2646	0.0779493	0.101035	0.145451
118	0.00126	0.2646	0.0810337	0.120405	0.270749
87	0.00126	0.2646	0.0836728	0.135206	0.359675
118	0.00126	0.2646	0.0826689	0.129006	0.325735
65	0.00126	0.2646	0.0804356	0.111818	0.206862
108	0.00126	0.2646	0.0838027	0.136525	0.376795
74	0.00126	0.2646	0.0803505	0.109269	0.173812
124	0.00126	0.2646	0.0830018	0.136984	0.39737
122	0.00126	0.2646	0.0819164	0.125761	0.306625
70	0.00126	0.2646	0.0803074	0.116248	0.246713
70	0.00126	0.2646	0.0791929	0.107285	0.18904
155	0.00126	0.2646	0.0854736	0.154877	0.517297
111	0.00126	0.2646	0.0823767	0.128478	0.324782
32	0.00126	0.2646	0.0777009	0.0973462	0.117555
99	0.00126	0.2646	0.0794474	0.113346	0.230976
52	0.00126	0.2646	0.078864	0.104723	0.162667
206	0.00126	0.2646	0.0868885	0.15597	0.502072
138	0.00126	0.2646	0.0838122	0.136861	0.378404
51	0.00126	0.2646	0.0790463	0.101137	0.135019
130	0.00126	0.2646	0.0843879	0.140725	0.400799
157	0.00126	0.2646	0.0838205	0.136407	0.374776
49	0.00126	0.2646	0.0807077	0.109827	0.171078
62	0.00126	0.2646	0.0797651	0.109665	0.189222
78	0.00126	0.2646	0.0782676	0.106888	0.195842
28	0.00126	0.2646	0.0778029	0.100559	0.14717
131	0.00126	0.2646	0.0830109	0.133926	0.365629
202	0.00126	0.2646	0.0876962	0.160114	0.525422
133	0.00126	0.2646	0.0836996	0.135647	0.373913
73	0.00126	0.2646	0.0799863	0.106719	0.170826
156	0.00126	0.2646	0.0859844	0.149492	0.455552
212	0.00126	0.2646	0.0853002	0.146536	0.446175
148	0.00126	0.2646	0.0811717	0.120335	0.275624
61	0.00126	0.2646	0.0787837	0.105431	0.174401
127	0.00126	0.2646	0.0806242	0.125566	0.327414
50	0.00126	0.2646	0.077911	0.0985213	0.12235
120	0.00126	0.2646	0.0826183	0.1294	0.331846
142	0.00126	0.2646	0.0833527	0.133546	0.355908
72	0.00126	0.2646	0.0806714	0.113737	0.221722
86	0.00126	0.2646	0.0825884	0.12738	0.309623
167	0.00126	0.2646	0.0830048	0.130144	0.334282
94	0.00126	0.2646	0.084332	0.140445	0.409029
189	0.00126	0.2646	0.0855092	0.14989	0.471858
134	0.00126	0.2646	0.0824284	0.129658	0.337476
100	0.00126	0.2646	0.0805549	0.121642	0.294033
35	0.00126	0.2646	0.078434	0.0991365	0.11622
195	0.00126	0.2646	0.0848655	0.151294	0.497547
35	0.00126	0.2646	0.077529	0.0966546	0.116357
138	0.00126	0.2646	0.0831515	0.135762	0.372767
112	0.00126	0.2646	0.0810441	0.119654	0.269259
79	0.00126	0.2646	0.0799671	0.107739	0.17064
142	0.00126	0.2646	0.0823962	0.128514	0.318459
62	0.00126	0.2646	0.0798603	0.110918	0.206676
56	0.00126	0.2646	0.0789805	0.102955	0.137355
81	0.00126	0.2646	0.0791664	0.110516	0.215211
167	0.00126	0.2646	0.0824954	0.13889	0.419166
52	0.00126	0.2646	0.0782551	0.102109	0.146433
67	0.00126	0.2646	0.0795692	0.109989	0.209394
203	0.00126	0.2646	0.0865526	0.159296	0.530409
72	0.00126	0.2646	0.0796851	0.1031	0.142159
161	0.00126	0.2646	0.0857149	0.154467	0.51312
107	0.00126	0.2646	0.0836924	0.138572	0.400485
15	0.00126	0.2646	0.0793092	0.0993395	0.106406
161	0.00126	0.2646	0.0851637	0.150249	0.479459
65	0.00126	0.2646	0.0805655	0.114353	0.226081
112	0.00126	0.2646	0.0811294	0.124168	0.303017
76	0.00126	0.2646	0.0796403	0.113296	0.230761
52	0.00126	0.2646	0.0794007	0.104245	0.152307
161	0.00126	0.2646	0.0849143	0.142902	0.405819
170	0.00126	0.2646	0.0818088	0.123486	0.300661
92	0.00126	0.2646	0.0826253	0.123997	0.270145
50	0.00126	0.2646	0.0809024	0.110059	0.183514
214	0.00126	0.2646	0.0879721	0.172526	0.644827
56	0.00126	0.2646	0.081357	0.113639	0.201215
85	0.00126	0.2646	0.0793608	0.109074	0.197499
87	0.00126	0.2646	0.0797813	0.117325	0.26814
90	0.00126	0.2646	0.0798027	0.113971	0.232397
50	0.00126	0.2646	0.079365	0.103012	0.137494
63	0.00126	0.2646	0.0810309	0.114319	0.210154
119	0.00126	0.2646	0.0802374	0.108459	0.173313
112	0.00126	0.2646	0.0825121	0.12776	0.318775
132	0.00126	0.2646	0.0833493	0.13399	0.359765
66	0.00126	0.2646	0.0799693	0.107042	0.166493
145	0.00126	0.2646	0.0824928	0.131135	0.346298
62	0.00126	0.2646	0.0792789	0.108444	0.191797
16	0.00126	0.2646	0.0773653	0.0959803	0.107654
82	0.00126	0.2646	0.079642	0.112577	0.222938
198	0.00126	0.2646	0.0866697	0.157389	0.519284
31	0.00126	0.2646	0.0794921	0.102482	0.137517
142	0.00126	0.2646	0.0819159	0.129774	0.345243
14	0.00126	0.2646	0.0780695	0.0967537	0.10391
102	0.00126	0.2646	0.0814424	0.12482	0.300382
32	0.00126	0.2646	0.078216	0.0993528	0.13101
80	0.00126	0.2646	0.0815194	0.120193	0.261811
132	0.00126	0.2646	0.0850756	0.144865	0.424626
141	0.00126	0.2646	0.0816178	0.121982	0.286313
75	0.00126	0.2646	0.0825212	0.123755	0.279415
109	0.00126	0.2646	0.0843722	0.136969	0.363847
174	0.00126	0.2646	0.0816595	0.127341	0.337531
62	0.00126	0.2646	0.0801102	0.112439	0.209318
124	0.00126	0.2646	0.0795031	0.117255	0.273379
30	0.00126	0.2646	0.0770819	0.0935046	0.0902968
88	0.00126	0.2646	0.0802407	0.114629	0.232181
147	0.00126	0.2646	0.0835606	0.137768	0.388896
57	0.00126	0.2646	0.0805286	0.111631	0.200318
117	0.00126	0.2646	0.0819497	0.126141	0.310839
157	0.00126	0.2646	0.0826517	0.128806	0.327819
126	0.00126	0.2646	0.0820085	0.125683	0.299143
38	0.00126	0.2646	0.0784196	0.10196	0.148306
52	0.00126	0.2646	0.0797584	0.110717	0.195323
59	0.00126	0.2646	0.0776793	0.100559	0.143176
45	0.00126	0.2646	0.076567	0.0948311	0.115317
66	0.00126	0.2646	0.0798069	0.110442	0.18951
142	0.00126	0.2646	0.0810576	0.120794	0.269604
95	0.00126	0.2646	0.0789526	0.109312	0.212205
160	0.00126	0.2646	0.0813987	0.128528	0.339279
100	0.00126	0.2646	0.0800978	0.113355	0.223926
81	0.00126	0.2646	0.0801914	0.112998	0.214566
77	0.00126	0.2646	0.0789329	0.106073	0.182531
179	0.00126	0.2646	0.0838538	0.141274	0.414237
81	0.00126	0.2646	0.0804703	0.11775	0.257941
81	0.00126	0.2646	0.0776713	0.098497	0.133543
140	0.00126	0.2646	0.0838118	0.146676	0.472154
150	0.00126	0.2646	0.0816594	0.127219	0.322228
15	0.00126	0.2646	0.0771476	0.0959573	0.112568
61	0.00126	0.2646	0.0781087	0.105618	0.184605
146	0.00126	0.2646	0.0806542	0.121612	0.288293
15	0.00126	0.2646	0.078507	0.098447	0.107454
69	0.00126	0.2646	0.0787842	0.102967	0.152926
110	0.00126	0.2646	0.0839444	0.139909	0.39884
106	0.00126	0.2646	0.0805811	0.11479	0.225827
32	0.00126	0.2646	0.0778901	0.098021	0.118068
27	0.00126	0.2646	0.0783679	0.0974382	0.0946667
126	0.00126	0.2646	0.0812408	0.126827	0.326721
85	0.00126	0.2646	0.0783312	0.101536	0.139679
106	0.00126	0.2646	0.080173	0.122241	0.308666
95	0.00126	0.2646	0.0802817	0.11426	0.220667
146	0.00126	0.2646	0.084404	0.144607	0.442311
85	0.00126	0.2646	0.0823011	0.125123	0.299364
145	0.00126	0.2646	0.0838041	0.135816	0.367671
93	0.00126	0.2646	0.0811572	0.118149	0.250091
98	0.00126	0.2646	0.080213	0.111488	0.206619
129	0.00126	0.2646	0.08308	0.131313	0.33388
141	0.00126	0.2646	0.0825963	0.127025	0.307372
106	0.00126	0.2646	0.082095	0.128659	0.328168
51	0.00126	0.2646	0.0789154	0.105954	0.180229
111	0.00126	0.2646	0.0813629	0.119124	0.249672
21	0.00126	0.2646	0.0778676	0.0963571	0.102301
77	0.00126	0.2646	0.0802614	0.114674	0.230392
111	0.00126	0.2646	0.0810562	0.119139	0.25567
63	0.00126	0.2646	0.0794347	0.110617	0.215297
110	0.00126	0.2646	0.0803348	0.114902	0.232015
78	0.00126	0.2646	0.0809711	0.116356	0.236272
213	0.00126	0.2646	0.0847828	0.14814	0.465328
39	0.00126	0.2646	0.0786375	0.102803	0.15172
78	0.00126	0.2646	0.0780636	0.100283	0.135078
123	0.00126	0.2646	0.0812675	0.126987	0.325543
91	0.00126	0.2646	0.0798469	0.110482	0.202137
158	0.00126	0.2646	0.0836886	0.138048	0.383868
94	0.00126	0.2646	0.0792767	0.106489	0.178811
60	0.00126	0.2646	0.0795173	0.107618	0.177233
92	0.00126	0.2646	0.0811295	0.121459	0.277526
83	0.00126	0.2646	0.0803467	0.118168	0.273969
60	0.00126	0.2646	0.0811821	0.113817	0.201865
126	0.00126	0.2646	0.0829562	0.136064	0.386931
112	0.00126	0.2646	0.0805447	0.116523	0.245738
98	0.00126	0.2646	0.0800507	0.113651	0.225102
213	0.00126	0.2646	0.0841193	0.144577	0.448641
112	0.00126	0.2646	0.0835142	0.133517	0.34525
54	0.00126	0.2646	0.0785922	0.0987344	0.11981
128	0.00126	0.2646	0.0833517	0.136391	0.375486
83	0.00126	0.2646	0.0799001	0.109482	0.195213
50	0.00126	0.2646	0.0795358	0.10386	0.138719
143	0.00126	0.2646	0.0826698	0.130644	0.338524
41	0.00126	0.2646	0.0787703	0.103391	0.157117
63	0.00126	0.2646	0.0799731	0.113127	0.218771
91	0.00126	0.2646	0.0800707	0.112543	0.217618
103	0.00126	0.2646	0.0818863	0.124525	0.296715
152	0.00126	0.2646	0.0847097	0.146894	0.458138
86	0.00126	0.2646	0.0825534	0.12724	0.320227
198	0.00126	0.2646	0.0859829	0.151373	0.477928
114	0.00126	0.2646	0.0841535	0.132289	0.327484
111	0.00126	0.2646	0.0823132	0.12453	0.298158
149	0.00126	0.2646	0.0842752	0.139132	0.387815
48	0.00126	0.2646	0.0796619	0.10724	0.176118
97	0.00126	0.2646	0.0801522	0.116222	0.249229
68	0.00126	0.2646	0.0798044	0.11159	0.21364
126	0.00126	0.2646	0.082749	0.129864	0.329184
93	0.00126	0.2646	0.0801008	0.113807	0.231748
94	0.00126	0.2646	0.0810095	0.117032	0.235077
69	0.00126	0.2646	0.0810044	0.115803	0.236944
199	0.00126	0.2646	0.086132	0.148574	0.44657
129	0.00126	0.2646	0.0848348	0.141535	0.41025
80	0.00126	0.2646	0.0824214	0.119273	0.244893
187	0.00126	0.2646	0.0879576	0.167403	0.590188
109	0.00126	0.2646	0.0818448	0.118241	0.242307
145	0.00126	0.2646	0.0827722	0.129848	0.331631
49	0.00126	0.2646	0.0798809	0.108974	0.173739
103	0.00126	0.2646	0.0790769	0.106849	0.18475
146	0.00126	0.2646	0.0837637	0.138204	0.386795
78	0.00126	0.2646	0.0814346	0.116775	0.235997
165	0.00126	0.2646	0.0857903	0.147557	0.443738
154	0.00126	0.2646	0.0860059	0.1476	0.437299
91	0.00126	0.2646	0.0812267	0.113029	0.203872
95	0.00126	0.2646	0.0821546	0.124339	0.286156
108	0.00126	0.2646	0.0807451	0.119795	0.273662
25	0.00126	0.2646	0.0775258	0.0950222	0.0996385
179	0.00126	0.2646	0.085738	0.158674	0.545459
43	0.00126	0.2646	0.0785031	0.0998838	0.139185
163	0.00126	0.2646	0.0863357	0.156951	0.513116
86	0.00126	0.2646	0.0815597	0.121682	0.280895
100	0.00126	0.2646	0.0815132	0.126025	0.319636
113	0.00126	0.2646	0.0814714	0.124188	0.302921
104	0.00126	0.2646	0.079902	0.112826	0.22443
79	0.00126	0.2646	0.0794014	0.108512	0.186386
69	0.00126	0.2646	0.0784043	0.102882	0.15267
89	0.00126	0.2646	0.080139	0.117776	0.27033
134	0.00126	0.2646	0.0815284	0.12724	0.31854
27	0.00126	0.2646	0.0776349	0.0960935	0.112762
96	0.00126	0.2646	0.0832835	0.133738	0.345651
104	0.00126	0.2646	0.0791832	0.110293	0.212415
64	0.00126	0.2646	0.0770666	0.0967813	0.121348
42	0.00126	0.2646	0.0785265	0.101475	0.128675
75	0.00126	0.2646	0.0797425	0.110448	0.203128
138	0.00126	0.2646	0.0831186	0.137981	0.393954
43	0.00126	0.2646	0.0774447	0.0968867	0.117585
55	0.00126	0.2646	0.0776292	0.0990406	0.131035
133	0.00126	0.2646	0.0817874	0.12577	0.306857
65	0.00126	0.2646	0.0807422	0.116584	0.248288
122	0.00126	0.2646	0.0837509	0.135574	0.35834
62	0.00126	0.2646	0.0790075	0.107226	0.189521
104	0.00126	0.2646	0.0784134	0.10511	0.180043
139	0.00126	0.2646	0.082767	0.13741	0.399938
50	0.00126	0.2646	0.0789981	0.100086	0.120644
168	0.00126	0.2646	0.0837248	0.141185	0.41331
57	0.00126	0.2646	0.0788761	0.105872	0.178959
76	0.00126	0.2646	0.0806879	0.120598	0.281669
41	0.00126	0.2646	0.0792604	0.102507	0.135414
108	0.00126	0.2646	0.0824022	0.129489	0.335275
69	0.00126	0.2646	0.0825159	0.122079	0.260231
144	0.00126	0.2646	0.0843405	0.142518	0.427628
115	0.00126	0.2646	0.0819501	0.120704	0.258035
77	0.00126	0.2646	0.0811088	0.1191	0.261243
100	0.00126	0.2646	0.0810683	0.117568	0.243641
102	0.00126	0.2646	0.0811133	0.11911	0.259532
169	0.00126	0.2646	0.0836198	0.139871	0.411611
108	0.00126	0.2646	0.0817411	0.121599	0.269375
112	0.00126	0.2646	0.0834365	0.138134	0.398599
17	0.00126	0.2646	0.0785144	0.0967879	0.10104
181	0.00126	0.2646	0.0846052	0.146656	0.453277
71	0.00126	0.2646	0.0804513	0.110688	0.196778
149	0.00126	0.2646	0.08264	0.12724	0.306121
105	0.00126	0.2646	0.083198	0.134874	0.376234
142	0.00126	0.2646	0.0837374	0.139385	0.395742
44	0.00126	0.2646	0.0784269	0.10042	0.13696
63	0.00126	0.2646	0.080616	0.115706	0.237057
136	0.00126	0.2646	0.0839805	0.136862	0.370786
103	0.00126	0.2646	0.0818331	0.125631	0.309131
81	0.00126	0.2646	0.0799187	0.110661	0.207465
144	0.00126	0.2646	0.0841658	0.141412	0.408037
58	0.00126	0.2646	0.079938	0.10651	0.163458
175	0.00126	0.2646	0.0818171	0.128255	0.332614
15	0.00126	0.2646	0.0782699	0.0971066	0.105618
153	0.00126	0.2646	0.0830138	0.129719	0.321423
141	0.00126	0.2646	0.0837563	0.136581	0.380935
130	0.00126	0.2646	0.0837471	0.132227	0.335007
113	0.00126	0.2646	0.0832331	0.131376	0.338257
39	0.00126	0.2646	0.0784616	0.101902	0.145471
104	0.00126	0.2646	0.0787435	0.107308	0.191347
86	0.00126	0.2646	0.0798093	0.110333	0.197905
147	0.00126	0.2646	0.0825475	0.132065	0.352733
54	0.00126	0.2646	0.080592	0.113769	0.219133
169	0.00126	0.2646	0.0821528	0.129662	0.350863
123	0.00126	0.2646	0.084021	0.136269	0.366123
83	0.00126	0.2646	0.0812543	0.114544	0.221322
246	0.00126	0.2646	0.0864303	0.153498	0.482745
103	0.00126	0.2646	0.0825455	0.12821	0.321355
68	0.00126	0.2646	0.0784481	0.104665	0.169736
29	0.00126	0.2646	0.0771582	0.0951078	0.104093
125	0.00126	0.2646	0.0804659	0.118391	0.259128
43	0.00126	0.2646	0.080005	0.106004	0.156704
182	0.00126	0.2646	0.0861035	0.154776	0.503511
80	0.00126	0.2646	0.080639	0.109756	0.188429
168	0.00126	0.2646	0.0843289	0.138962	0.381536
79	0.00126	0.2646	0.080081	0.110713	0.209591
138	0.00126	0.2646	0.0835951	0.136927	0.37797
100	0.00126	0.2646	0.0806322	0.115411	0.231001
62	0.00126	0.2646	0.0794556	0.108031	0.182955
46	0.00126	0.2646	0.077132	0.0958917	0.115919
127	0.00126	0.2646	0.0819289	0.131742	0.359898
98	0.00126	0.2646	0.0799142	0.110259	0.202576
88	0.00126	0.2646	0.0826595	0.126069	0.290322
44	0.00126	0.2646	0.0807905	0.109948	0.180478
76	0.00126	0.2646	0.082441	0.125188	0.29289
77	0.00126	0.2646	0.0817178	0.119166	0.250886
164	0.00126	0.2646	0.0842506	0.137551	0.37835
194	0.00126	0.2646	0.0857338	0.154875	0.515305
158	0.00126	0.2646	0.0833307	0.14513	0.462953
102	0.00126	0.2646	0.0793746	0.111643	0.226666
79	0.00126	0.2646	0.0818708	0.122977	0.277672
146	0.00126	0.2646	0.0835459	0.134245	0.360706
147	0.00126	0.2646	0.0851637	0.142633	0.414756
238	0.00126	0.2646	0.0876765	0.159766	0.529608
160	0.00126	0.2646	0.0850062	0.141972	0.414489
125	0.00126	0.2646	0.0838531	0.135417	0.364413
87	0.00126	0.2646	0.0812393	0.116965	0.233473
11	0.00126	0.2646	0.0784179	0.0969728	0.0987228
12	0.00126	0.2646	0.0775502	0.0967315	0.104148
77	0.00126	0.2646	0.0785138	0.105577	0.18145
170	0.00126	0.2646	0.0841463	0.139706	0.392367
118	0.00126	0.2646	0.0826258	0.130992	0.345138
55	0.00126	0.2646	0.0790154	0.104517	0.161217
77	0.00126	0.2646	0.0793076	0.102005	0.1247
86	0.00126	0.2646	0.0813785	0.117723	0.241986
141	0.00126	0.2646	0.0831655	0.130366	0.328049
138	0.00126	0.2646	0.0832484	0.136561	0.387061
96	0.00126	0.2646	0.0787088	0.104949	0.169743
84	0.00126	0.2646	0.0787701	0.107879	0.193864
72	0.00126	0.2646	0.0797959	0.113511	0.231647
121	0.00126	0.2646	0.0826425	0.129135	0.316223
72	0.00126	0.2646	0.0779861	0.099346	0.133595
95	0.00126	0.2646	0.0804564	0.120267	0.284019
121	0.00126	0.2646	0.0831616	0.133959	0.366412
142	0.00126	0.2646	0.0849681	0.140128	0.38809
173	0.00126	0.2646	0.0851919	0.141898	0.403373
121	0.00126	0.2646	0.0838244	0.138095	0.387237
86	0.00126	0.2646	0.0787566	0.105295	0.173369
79	0.00126	0.2646	0.0797034	0.111309	0.21603
119	0.00126	0.2646	0.0831431	0.133853	0.362269
108	0.00126	0.2646	0.0847675	0.141964	0.404192
63	0.00126	0.2646	0.0792945	0.106033	0.174848
104	0.00126	0.2646	0.0810849	0.121595	0.283076
87	0.00126	0.2646	0.0824009	0.126666	0.305365
163	0.00126	0.2646	0.0833486	0.132404	0.347861
117	0.00126	0.2646	0.0833365	0.130521	0.323296
74	0.00126	0.2646	0.0810941	0.116863	0.236857
113	0.00126	0.2646	0.0808855	0.122302	0.294992
110	0.00126	0.2646	0.081874	0.121853	0.269708
106	0.00126	0.2646	0.0820341	0.126024	0.311308
132	0.00126	0.2646	0.0818367	0.120664	0.261557
81	0.00126	0.2646	0.0824753	0.122713	0.270077
179	0.00126	0.2646	0.0864015	0.156696	0.511542
20	0.00126	0.2646	0.0777582	0.0944838	0.094808
77	0.00126	0.2646	0.0794727	0.109806	0.199216
110	0.00126	0.2646	0.0814829	0.123794	0.292765
103	0.00126	0.2646	0.0810246	0.117885	0.250635
117	0.00126	0.2646	0.082356	0.128977	0.332349
141	0.00126	0.2646	0.0847194	0.143159	0.418879
119	0.00126	0.2646	0.0818756	0.126786	0.32435
41	0.00126	0.2646	0.0801389	0.108039	0.173072
106	0.00126	0.2646	0.082452	0.124086	0.285291
187	0.00126	0.2646	0.085994	0.150323	0.461637
95	0.00126	0.2646	0.0802093	0.113491	0.228629
67	0.00126	0.2646	0.0787058	0.103636	0.153424
45	0.00126	0.2646	0.078088	0.100334	0.138845
53	0.00126	0.2646	0.0808095	0.116179	0.236133
123	0.00126	0.2646	0.0836802	0.135326	0.367917
82	0.00126	0.2646	0.0814785	0.122085	0.279083
59	0.00126	0.2646	0.0801679	0.111353	0.209645
165	0.00126	0.2646	0.0859657	0.149623	0.45739
215	0.00126	0.2646	0.0868159	0.156598	0.512181
90	0.00126	0.2646	0.0805588	0.108801	0.172008
52	0.00126	0.2646	0.0791558	0.106341	0.180417
129	0.00126	0.2646	0.0828652	0.133397	0.361033
96	0.00126	0.2646	0.081609	0.119444	0.258893
163	0.00126	0.2646	0.084265	0.138407	0.382929
75	0.00126	0.2646	0.081455	0.117731	0.2411
47	0.00126	0.2646	0.0791373	0.103598	0.147737
73	0.00126	0.2646	0.0802956	0.114276	0.231479
118	0.00126	0.2646	0.0834157	0.134709	0.365089
114	0.00126	0.2646	0.0838595	0.135224	0.354755
67	0.00126	0.2646	0.0796287	0.107971	0.184834
50	0.00126	0.2646	0.0786164	0.102356	0.149551
128	0.00126	0.2646	0.0823574	0.125462	0.292833
122	0.00126	0.2646	0.0836122	0.135735	0.378546
140	0.00126	0.2646	0.0853408	0.146594	0.440493
127	0.00126	0.2646	0.0816455	0.12313	0.292916
129	0.00126	0.2646	0.0824917	0.133587	0.371328
97	0.00126	0.2646	0.0805839	0.113947	0.219874
126	0.00126	0.2646	0.0816963	0.12546	0.311122
127	0.00126	0.2646	0.0822671	0.127186	0.316924
134	0.00126	0.2646	0.0826974	0.128564	0.315432
92	0.00126	0.2646	0.0805174	0.113065	0.219877
159	0.00126	0.2646	0.0845107	0.14396	0.426267
66	0.00126	0.2646	0.0782906	0.100077	0.13554
51	0.00126	0.2646	0.0787353	0.103142	0.145891
54	0.00126	0.2646	0.0787972	0.104516	0.166185
89	0.00126	0.2646	0.0794739	0.10854	0.185666
128	0.00126	0.2646	0.0797966	0.115875	0.250661
55	0.00126	0.2646	0.0785289	0.104499	0.164214
57	0.00126	0.2646	0.0785251	0.105906	0.18082
49	0.00126	0.2646	0.0797599	0.113181	0.231783
97	0.00126	0.2646	0.0819143	0.125949	0.310386
104	0.00126	0.2646	0.0819397	0.123898	0.282949
11	0.00126	0.2646	0.0776517	0.0943946	0.0934322
79	0.00126	0.2646	0.081253	0.122223	0.279644
28	0.00126	0.2646	0.0790897	0.102288	0.133694
67	0.00126	0.2646	0.0797496	0.110752	0.204451
68	0.00126	0.2646	0.0782768	0.105964	0.186591
84	0.00126	0.2646	0.0793086	0.110699	0.209643
123	0.00126	0.2646	0.0806866	0.121487	0.287102
43	0.00126	0.2646	0.0788824	0.102236	0.141874
110	0.00126	0.2646	0.0829433	0.129701	0.317034
76	0.00126	0.2646	0.0803304	0.110646	0.197115
112	0.00126	0.2646	0.0819002	0.126661	0.320437
150	0.00126	0.2646	0.0837299	0.135802	0.373569
171	0.00126	0.2646	0.0856079	0.15334	0.500925
83	0.00126	0.2646	0.0781164	0.10155	0.151101
95	0.00126	0.2646	0.0790772	0.113405	0.241248
81	0.00126	0.2646	0.0798786	0.112474	0.214746
82	0.00126	0.2646	0.0804911	0.117928	0.25225
49	0.00126	0.2646	0.0782608	0.100368	0.140463
164	0.00126	0.2646	0.0835019	0.137905	0.391026
61	0.00126	0.2646	0.0812791	0.116208	0.229844
117	0.00126	0.2646	0.0813303	0.12084	0.275578
48	0.00126	0.2646	0.0804366	0.107262	0.156716
171	0.00126	0.2646	0.0843396	0.146495	0.45334
158	0.00126	0.2646	0.0817788	0.128962	0.343544
81	0.00126	0.2646	0.081241	0.120149	0.264261
124	0.00126	0.2646	0.0830336	0.134556	0.364503
48	0.00126	0.2646	0.0780813	0.100385	0.142198
99	0.00126	0.2646	0.0796462	0.111816	0.216534
150	0.00126	0.2646	0.0833824	0.132314	0.344561
199	0.00126	0.2646	0.0877318	0.163567	0.557349
58	0.00126	0.2646	0.0808007	0.106169	0.147299
197	0.00126	0.2646	0.0843079	0.142521	0.42309
149	0.00126	0.2646	0.0822715	0.128903	0.33279
58	0.00126	0.2646	0.0793403	0.108803	0.192662
115	0.00126	0.2646	0.0813123	0.118983	0.255293
207	0.00126	0.2646	0.0853808	0.148894	0.458268
98	0.00126	0.2646	0.0798218	0.109493	0.199822
110	0.00126	0.2646	0.0818213	0.126188	0.30888
142	0.00126	0.2646	0.0806413	0.117178	0.25357
85	0.00126	0.2646	0.0824042	0.126653	0.304925
143	0.00126	0.2646	0.0830851	0.134115	0.369505
112	0.00126	0.2646	0.0816432	0.124941	0.304449
83	0.00126	0.2646	0.0789126	0.104816	0.160802
180	0.00126	0.2646	0.085348	0.152749	0.494797
34	0.00126	0.2646	0.0790661	0.10122	0.133662
127	0.00126	0.2646	0.0827777	0.130253	0.335816
144	0.00126	0.2646	0.0846843	0.14502	0.443732
101	0.00126	0.2646	0.0818859	0.121072	0.26105
96	0.00126	0.2646	0.079217	0.107142	0.187772
136	0.00126	0.2646	0.0833204	0.138447	0.402361
173	0.00126	0.2646	0.0838536	0.139136	0.395864
65	0.00126	0.2646	0.0789139	0.102595	0.145414
71	0.00126	0.2646	0.0795384	0.106734	0.170985
117	0.00126	0.2646	0.0809823	0.120276	0.264452
52	0.00126	0.2646	0.0784535	0.104691	0.17377
66	0.00126	0.2646	0.0787728	0.104003	0.158585
89	0.00126	0.2646	0.0805153	0.110289	0.185454
133	0.00126	0.2646	0.0844992	0.139063	0.382643
89	0.00126	0.2646	0.0811441	0.117588	0.247157
100	0.00126	0.2646	0.0811609	0.120357	0.271136
144	0.00126	0.2646	0.0822178	0.127113	0.316164
110	0.00126	0.2646	0.0828906	0.133718	0.364935
37	0.00126	0.2646	0.0787287	0.100506	0.128516
116	0.00126	0.2646	0.0814952	0.123735	0.291963
75	0.00126	0.2646	0.0793012	0.107466	0.186673
149	0.00126	0.2646	0.0824466	0.13059	0.344559
54	0.00126	0.2646	0.0824842	0.124006	0.285952
171	0.00126	0.2646	0.0854476	0.144871	0.423975
132	0.00126	0.2646	0.0843693	0.14048	0.404964
81	0.00126	0.2646	0.0821051	0.125725	0.306154
89	0.00126	0.2646	0.0803499	0.110728	0.194131
100	0.00126	0.2646	0.0820313	0.1242	0.285353
82	0.00126	0.2646	0.0804627	0.116728	0.25628
179	0.00126	0.2646	0.0863519	0.153917	0.492146
129	0.00126	0.2646	0.0841559	0.136979	0.373368
61	0.00126	0.2646	0.0789586	0.100311	0.126647
151	0.00126	0.2646	0.082784	0.131042	0.339705
91	0.00126	0.2646	0.0823758	0.126825	0.310191
102	0.00126	0.2646	0.081707	0.124238	0.296952
94	0.00126	0.2646	0.0796588	0.108422	0.18752
71	0.00126	0.2646	0.0807737	0.118661	0.260512
70	0.00126	0.2646	0.080287	0.113164	0.217248
62	0.00126	0.2646	0.0802103	0.109048	0.183874
96	0.00126	0.2646	0.0857722	0.141092	0.381075
248	0.00126	0.2646	0.0885741	0.167693	0.58096
69	0.00126	0.2646	0.0797371	0.105808	0.17025
141	0.00126	0.2646	0.0824695	0.128502	0.320792
158	0.00126	0.2646	0.0837246	0.13848	0.395833
148	0.00126	0.2646	0.0817974	0.122681	0.286694
90	0.00126	0.2646	0.0827856	0.127165	0.298106
115	0.00126	0.2646	0.0805802	0.117839	0.261511
110	0.00126	0.2646	0.080555	0.115998	0.239328
73	0.00126	0.2646	0.0818376	0.124388	0.305925
130	0.00126	0.2646	0.0860477	0.148071	0.442138
150	0.00126	0.2646	0.084412	0.140688	0.404256
77	0.00126	0.2646	0.0803478	0.115372	0.239167
70	0.00126	0.2646	0.0785127	0.106196	0.186285
63	0.00126	0.2646	0.0781992	0.0987478	0.115377
128	0.00126	0.2646	0.0814515	0.121924	0.280522
215	0.00126	0.2646	0.0855368	0.152534	0.494026
127	0.00126	0.2646	0.0814272	0.122909	0.298734
105	0.00126	0.2646	0.0831897	0.136069	0.38369
102	0.00126	0.2646	0.0819408	0.118646	0.245584
83	0.00126	0.2646	0.0811606	0.122201	0.286158
17	0.00126	0.2646	0.0777442	0.0966111	0.108123
160	0.00126	0.2646	0.0816053	0.130738	0.356241
44	0.00126	0.2646	0.0787258	0.101793	0.136855
85	0.00126	0.2646	0.0823863	0.13214	0.358625
112	0.00126	0.2646	0.0822037	0.129121	0.333219
73	0.00126	0.2646	0.0796795	0.110448	0.200755
51	0.00126	0.2646	0.0782386	0.0999148	0.131891
89	0.00126	0.2646	0.0817494	0.123155	0.280177
72	0.00126	0.2646	0.0813429	0.116985	0.231207
60	0.00126	0.2646	0.077457	0.100541	0.146385
58	0.00126	0.2646	0.0773111	0.100332	0.148867
66	0.00126	0.2646	0.0789754	0.106985	0.182695
135	0.00126	0.2646	0.0845352	0.149829	0.486194
191	0.00126	0.2646	0.08228	0.127344	0.315458
114	0.00126	0.2646	0.081296	0.121451	0.280182
135	0.00126	0.2646	0.0815704	0.124187	0.300163
105	0.00126	0.2646	0.0808335	0.114678	0.224473
164	0.00126	0.2646	0.0833125	0.137526	0.392233
64	0.00126	0.2646	0.0781258	0.100612	0.140859
117	0.00126	0.2646	0.0797604	0.112357	0.212589
169	0.00126	0.2646	0.0833979	0.143241	0.445343
100	0.00126	0.2646	0.0807723	0.118347	0.259611
125	0.00126	0.2646	0.0807208	0.11911	0.26415
93	0.00126	0.2646	0.0809831	0.122795	0.294427
33	0.00126	0.2646	0.0783513	0.0989226	0.120087
74	0.00126	0.2646	0.082565	0.128248	0.315766
205	0.00126	0.2646	0.0837925	0.138158	0.392919
63	0.00126	0.2646	0.0797986	0.10912	0.183966
10	0.00126	0.2646	0.0766537	0.0923419	0.0892743
106	0.00126	0.2646	0.0811324	0.123282	0.292872
93	0.00126	0.2646	0.0794628	0.109071	0.194282
69	0.00126	0.2646	0.0802595	0.112245	0.204792
95	0.00126	0.2646	0.0802313	0.115649	0.2389
52	0.00126	0.2646	0.0783934	0.102667	0.148126
90	0.00126	0.2646	0.0772322	0.100073	0.152823
67	0.00126	0.2646	0.0781813	0.102686	0.151492
16	0.00126	0.2646	0.0779814	0.0975152	0.1045
63	0.00126	0.2646	0.0772056	0.0966012	0.118224
110	0.00126	0.2646	0.0790137	0.113527	0.247223
117	0.00126	0.2646	0.0829523	0.125699	0.290831
140	0.00126	0.2646	0.0839408	0.135526	0.368523
162	0.00126	0.2646	0.0854909	0.145116	0.418263
70	0.00126	0.2646	0.0810027	0.11089	0.185698
161	0.00126	0.2646	0.0826753	0.128345	0.318974
136	0.00126	0.2646	0.0823157	0.127817	0.321187
104	0.00126	0.2646	0.0821355	0.124448	0.295247
174	0.00126	0.2646	0.0855444	0.145683	0.430058
183	0.00126	0.2646	0.0843971	0.137708	0.385232
202	0.00126	0.2646	0.0855636	0.149513	0.470026
67	0.00126	0.2646	0.0781958	0.0996753	0.133154
145	0.00126	0.2646	0.0801869	0.116274	0.249746
106	0.00126	0.2646	0.0819602	0.12505	0.300715
138	0.00126	0.2646	0.0836287	0.138695	0.407421
103	0.00126	0.2646	0.0824901	0.123732	0.276054
78	0.00126	0.2646	0.0814403	0.122191	0.283754
60	0.00126	0.2646	0.0798464	0.109897	0.198777
122	0.00126	0.2646	0.0821306	0.122972	0.274627
121	0.00126	0.2646	0.0839938	0.135088	0.351868
97	0.00126	0.2646	0.0827333	0.1319	0.349964
62	0.00126	0.2646	0.078246	0.102891	0.159561
56	0.00126	0.2646	0.0785027	0.104193	0.166691
94	0.00126	0.2646	0.0807751	0.119806	0.267202
29	0.00126	0.2646	0.0791068	0.0990333	0.105621
122	0.00126	0.2646	0.0842471	0.14155	0.414278
117	0.00126	0.2646	0.082583	0.127101	0.30755
115	0.00126	0.2646	0.0810069	0.117776	0.254618
197	0.00126	0.2646	0.0847044	0.146322	0.453801
145	0.00126	0.2646	0.084472	0.143584	0.428698
79	0.00126	0.2646	0.079953	0.110368	0.196061
136	0.00126	0.2646	0.0846629	0.139197	0.383004
105	0.00126	0.2646	0.0825578	0.123707	0.275653
84	0.00126	0.2646	0.0802116	0.114576	0.238324
104	0.00126	0.2646	0.0802697	0.114948	0.232014
22	0.00126	0.2646	0.0781222	0.0970356	0.103746
95	0.00126	0.2646	0.0802523	0.115972	0.241561
53	0.00126	0.2646	0.0784336	0.100465	0.132429
116	0.00126	0.2646	0.0811253	0.122136	0.283762
107	0.00126	0.2646	0.0807874	0.116662	0.241471
115	0.00126	0.2646	0.0827308	0.130454	0.342946
131	0.00126	0.2646	0.0831705	0.124045	0.268666
143	0.00126	0.2646	0.0844994	0.137548	0.369683
60	0.00126	0.2646	0.0796191	0.10698	0.180848
108	0.00126	0.2646	0.0824124	0.132596	0.363155
66	0.00126	0.2646	0.0803355	0.115525	0.239578
43	0.00126	0.2646	0.0789418	0.102043	0.140091
176	0.00126	0.2646	0.0841455	0.14484	0.444963
60	0.00126	0.2646	0.0796321	0.107742	0.183027
156	0.00126	0.2646	0.0820541	0.130879	0.35757
73	0.00126	0.2646	0.0807402	0.109901	0.177315
155	0.00126	0.2646	0.0874729	0.158803	0.519894
54	0.00126	0.2646	0.0807284	0.108292	0.170612
120	0.00126	0.2646	0.0829652	0.13197	0.341893
103	0.00126	0.2646	0.0804134	0.113243	0.215518
116	0.00126	0.2646	0.0815805	0.12748	0.326171
53	0.00126	0.2646	0.0780354	0.100983	0.148124
66	0.00126	0.2646	0.0792902	0.10789	0.177742
84	0.00126	0.2646	0.0790083	0.107221	0.18536
84	0.00126	0.2646	0.0798005	0.105467	0.155563
183	0.00126	0.2646	0.0864682	0.150529	0.459617
106	0.00126	0.2646	0.0827436	0.125612	0.291169
128	0.00126	0.2646	0.0813252	0.126696	0.335049
115	0.00126	0.2646	0.0811726	0.122917	0.290336
100	0.00126	0.2646	0.079923	0.114035	0.238347
146	0.00126	0.2646	0.0829233	0.137735	0.395902
13	0.00126	0.2646	0.0773115	0.0951243	0.103515
73	0.00126	0.2646	0.0781987	0.105953	0.189308
94	0.00126	0.2646	0.0800436	0.115618	0.247104
96	0.00126	0.2646	0.0814421	0.116655	0.233409
157	0.00126	0.2646	0.0876253	0.165046	0.574988
137	0.00126	0.2646	0.0808919	0.124528	0.30968
57	0.00126	0.2646	0.0767874	0.0944379	0.101954
44	0.00126	0.2646	0.0776763	0.103415	0.171296
55	0.00126	0.2646	0.0782474	0.102514	0.150532
100	0.00126	0.2646	0.0809816	0.120943	0.270854
79	0.00126	0.2646	0.0787615	0.102449	0.143129
115	0.00126	0.2646	0.0806754	0.115431	0.231126
95	0.00126	0.2646	0.0836067	0.131394	0.327889
155	0.00126	0.2646	0.0842972	0.138205	0.379094
51	0.00126	0.2646	0.0795923	0.105115	0.155173
161	0.00126	0.2646	0.0835061	0.144891	0.454891
31	0.00126	0.2646	0.0781852	0.10091	0.140951
81	0.00126	0.2646	0.0787517	0.106891	0.182232
69	0.00126	0.2646	0.0790646	0.108575	0.198633
137	0.00126	0.2646	0.0818018	0.125809	0.304978
131	0.00126	0.2646	0.082192	0.131678	0.366419
118	0.00126	0.2646	0.0828507	0.128252	0.320674
131	0.00126	0.2646	0.0879236	0.16126	0.530843
169	0.00126	0.2646	0.084913	0.143536	0.423074
55	0.00126	0.2646	0.0789003	0.104961	0.176978
60	0.00126	0.2646	0.079224	0.106222	0.166065
62	0.00126	0.2646	0.0801324	0.113934	0.231345
114	0.00126	0.2646	0.0826383	0.128547	0.31682
146	0.00126	0.2646	0.0811118	0.120908	0.282333
121	0.00126	0.2646	0.0816048	0.128068	0.332868
58	0.00126	0.2646	0.0774915	0.0962476	0.106006
34	0.00126	0.2646	0.0779818	0.100953	0.148521
101	0.00126	0.2646	0.0817917	0.121928	0.268299
135	0.00126	0.2646	0.0811781	0.119249	0.256649
71	0.00126	0.2646	0.0789173	0.107073	0.186313
190	0.00126	0.2646	0.0871903	0.154042	0.480418
133	0.00126	0.2646	0.0872822	0.149239	0.441363
184	0.00126	0.2646	0.0901638	0.172437	0.597478
131	0.00126	0.2646	0.0829564	0.125731	0.302684
92	0.00126	0.2646	0.0822951	0.122855	0.276544
177	0.00126	0.2646	0.0853833	0.150871	0.480547
142	0.00126	0.2646	0.0819371	0.12551	0.312684
145	0.00126	0.2646	0.0825308	0.128959	0.324715
60	0.00126	0.2646	0.0798553	0.106482	0.163969
99	0.00126	0.2646	0.0827481	0.128027	0.31837
64	0.00126	0.2646	0.0795916	0.107553	0.179409
148	0.00126	0.2646	0.0810862	0.119028	0.259096
48	0.00126	0.2646	0.0805686	0.111282	0.195635
85	0.00126	0.2646	0.0809555	0.112999	0.198752
108	0.00126	0.2646	0.0810494	0.119582	0.26692
75	0.00126	0.2646	0.0797182	0.109642	0.191917
107	0.00126	0.2646	0.0798569	0.116481	0.254206
75	0.00126	0.2646	0.0784293	0.10328	0.159353
121	0.00126	0.2646	0.0814041	0.126776	0.326559
143	0.00126	0.2646	0.0812005	0.122068	0.284526
31	0.00126	0.2646	0.0781375	0.0986483	0.121413
116	0.00126	0.2646	0.080552	0.117313	0.253679
129	0.00126	0.2646	0.0824313	0.125688	0.300965
172	0.00126	0.2646	0.0862007	0.154786	0.508705
86	0.00126	0.2646	0.0827127	0.125798	0.295966
118	0.00126	0.2646	0.0820027	0.125143	0.29924
131	0.00126	0.2646	0.0805008	0.121173	0.290008
40	0.00126	0.2646	0.0773356	0.097851	0.126185
49	0.00126	0.2646	0.0779441	0.100847	0.139825
95	0.00126	0.2646	0.0805727	0.120482	0.276651
143	0.00126	0.2646	0.0857603	0.147192	0.444787
156	0.00126	0.2646	0.0865738	0.151584	0.467374
113	0.00126	0.2646	0.0825909	0.124072	0.286208
158	0.00126	0.2646	0.0838065	0.138039	0.389851
96	0.00126	0.2646	0.0817093	0.121227	0.277752
206	0.00126	0.2646	0.0851899	0.146984	0.442885
74	0.00126	0.2646	0.0804643	0.112458	0.208609
136	0.00126	0.2646	0.0799204	0.116247	0.252973
19	0.00126	0.2646	0.0775756	0.0968139	0.119819
124	0.00126	0.2646	0.0827807	0.130204	0.33064
84	0.00126	0.2646	0.0821563	0.119386	0.249444
160	0.00126	0.2646	0.085537	0.147875	0.447476
56	0.00126	0.2646	0.079644	0.104161	0.147378
74	0.00126	0.2646	0.0794338	0.105014	0.151384
69	0.00126	0.2646	0.0804061	0.111963	0.208013
187	0.00126	0.2646	0.0856208	0.148327	0.451831
145	0.00126	0.2646	0.0846999	0.14103	0.40252
91	0.00126	0.2646	0.081264	0.118381	0.249604
30	0.00126	0.2646	0.0790472	0.101617	0.132742
143	0.00126	0.2646	0.0836851	0.138698	0.396099
84	0.00126	0.2646	0.0808713	0.116528	0.243287
82	0.00126	0.2646	0.0800228	0.106671	0.168096
204	0.00126	0.2646	0.0885075	0.174368	0.647956
179	0.00126	0.2646	0.0843515	0.140672	0.411477
110	0.00126	0.2646	0.0812625	0.118761	0.259202
144	0.00126	0.2646	0.0827956	0.13033	0.331253
116	0.00126	0.2646	0.0817282	0.123153	0.289128
154	0.00126	0.2646	0.0823054	0.12864	0.329971
117	0.00126	0.2646	0.0823627	0.127461	0.321439
125	0.00126	0.2646	0.0835122	0.132191	0.335792
58	0.00126	0.2646	0.0779464	0.101469	0.152767
81	0.00126	0.2646	0.0781993	0.103378	0.159922
79	0.00126	0.2646	0.0797358	0.109923	0.189065
72	0.00126	0.2646	0.0796825	0.112073	0.216109
28	0.00126	0.2646	0.0787764	0.101043	0.126712
107	0.00126	0.2646	0.0811672	0.12371	0.296063
45	0.00126	0.2646	0.0783162	0.10145	0.14513
108	0.00126	0.2646	0.0803219	0.113271	0.215899
130	0.00126	0.2646	0.0826249	0.130221	0.336934
49	0.00126	0.2646	0.0803514	0.109938	0.178062
30	0.00126	0.2646	0.0777391	0.0972527	0.114149
113	0.00126	0.2646	0.0808375	0.128359	0.351166
95	0.00126	0.2646	0.0792081	0.108906	0.193671
143	0.00126	0.2646	0.0795326	0.112746	0.231073
117	0.00126	0.2646	0.0815336	0.122631	0.285464
183	0.00126	0.2646	0.0851772	0.150919	0.490336
146	0.00126	0.2646	0.0843096	0.141251	0.418506
121	0.00126	0.2646	0.084938	0.141434	0.403478
99	0.00126	0.2646	0.0833973	0.128002	0.301429
111	0.00126	0.2646	0.0828909	0.136556	0.395837
58	0.00126	0.2646	0.0783553	0.103989	0.165967
85	0.00126	0.2646	0.0800871	0.114962	0.236234
112	0.00126	0.2646	0.0824872	0.131995	0.354547
73	0.00126	0.2646	0.0801879	0.112814	0.217227
95	0.00126	0.2646	0.0809018	0.119924	0.269096
63	0.00126	0.2646	0.0798399	0.108125	0.176486
110	0.00126	0.2646	0.0823586	0.125866	0.30225
116	0.00126	0.2646	0.0848071	0.138307	0.37091
63	0.00126	0.2646	0.0820585	0.11991	0.24882
66	0.00126	0.2646	0.0792516	0.109003	0.197656
111	0.00126	0.2646	0.0811862	0.122486	0.289585
70	0.00126	0.2646	0.0813083	0.115727	0.230708
152	0.00126	0.2646	0.0866497	0.152647	0.467113
60	0.00126	0.2646	0.0802964	0.109117	0.184165
66	0.00126	0.2646	0.0789143	0.103122	0.147845
122	0.00126	0.2646	0.080888	0.123796	0.305741
16	0.00126	0.2646	0.0779404	0.0952672	0.093907
152	0.00126	0.2646	0.0828704	0.130495	0.331812
160	0.00126	0.2646	0.0827238	0.131918	0.350182
14	0.00126	0.2646	0.0773671	0.0934174	0.0910312
198	0.00126	0.2646	0.0906301	0.177764	0.638537
207	0.00126	0.2646	0.0874642	0.151761	0.466526
165	0.00126	0.2646	0.0875078	0.15593	0.49694
113	0.00126	0.2646	0.0834893	0.124625	0.273124
151	0.00126	0.2646	0.0848835	0.147185	0.460525
103	0.00126	0.2646	0.0805344	0.114068	0.220253
39	0.00126	0.2646	0.0785511	0.102238	0.145051
108	0.00126	0.2646	0.080837	0.12118	0.279941
103	0.00126	0.2646	0.0799769	0.113314	0.227391
96	0.00126	0.2646	0.0816424	0.119633	0.263844
120	0.00126	0.2646	0.0832833	0.133766	0.352983
70	0.00126	0.2646	0.0803916	0.111928	0.205916
53	0.00126	0.2646	0.0796721	0.106027	0.165331
115	0.00126	0.2646	0.0834552	0.135793	0.375002
43	0.00126	0.2646	0.079496	0.105882	0.160256
48	0.00126	0.2646	0.0779955	0.103785	0.17144
73	0.00126	0.2646	0.0773532	0.101899	0.164324
82	0.00126	0.2646	0.0786019	0.110638	0.220936
63	0.00126	0.2646	0.0784383	0.107231	0.191587
44	0.00126	0.2646	0.0780839	0.0985717	0.12111
121	0.00126	0.2646	0.0812033	0.120802	0.270387
34	0.00126	0.2646	0.0778379	0.095866	0.105567
115	0.00126	0.2646	0.082057	0.12826	0.329333
87	0.00126	0.2646	0.0819028	0.118003	0.227504
91	0.00126	0.2646	0.0806769	0.117467	0.25421
85	0.00126	0.2646	0.0786551	0.10507	0.167017
24	0.00126	0.2646	0.077126	0.0994052	0.14167
23	0.00126	0.2646	0.0762212	0.0920107	0.090715
119	0.00126	0.2646	0.0794009	0.114698	0.245699
123	0.00126	0.2646	0.081311	0.125855	0.318505
122	0.00126	0.2646	0.0839642	0.134777	0.353783
107	0.00126	0.2646	0.0830532	0.126472	0.296258
154	0.00126	0.2646	0.0841111	0.139587	0.400185
48	0.00126	0.2646	0.0803535	0.109004	0.181735
102	0.00126	0.2646	0.0809256	0.115713	0.230287
146	0.00126	0.2646	0.0829378	0.131696	0.344198
156	0.00126	0.2646	0.0826524	0.133613	0.374326
102	0.00126	0.2646	0.0814027	0.12102	0.26939
127	0.00126	0.2646	0.0811216	0.120625	0.271679
92	0.00126	0.2646	0.0809301	0.115874	0.236471
86	0.00126	0.2646	0.0811711	0.11444	0.218789
137	0.00126	0.2646	0.0833551	0.134443	0.35978
86	0.00126	0.2646	0.0797061	0.105889	0.165495
99	0.00126	0.2646	0.0821975	0.126964	0.316787
124	0.00126	0.2646	0.0835148	0.134432	0.362115
135	0.00126	0.2646	0.0836237	0.133079	0.34441
109	0.00126	0.2646	0.0816658	0.117942	0.24138
182	0.00126	0.2646	0.0855097	0.148528	0.460994
147	0.00126	0.2646	0.0856032	0.149697	0.472466
88	0.00126	0.2646	0.0826777	0.124691	0.282322
27	0.00126	0.2646	0.0785773	0.101575	0.144732
131	0.00126	0.2646	0.080617	0.11983	0.275048
74	0.00126	0.2646	0.0804174	0.112176	0.202679
109	0.00126	0.2646	0.0808397	0.116085	0.235733
101	0.00126	0.2646	0.0820588	0.123692	0.284849
115	0.00126	0.2646	0.0832936	0.133939	0.359402
76	0.00126	0.2646	0.0813105	0.120893	0.279943
125	0.00126	0.2646	0.0828636	0.12803	0.309219
69	0.00126	0.2646	0.0821299	0.121457	0.264698
170	0.00126	0.2646	0.0831572	0.1337	0.358428
89	0.00126	0.2646	0.0791769	0.110937	0.220358
112	0.00126	0.2646	0.079731	0.115439	0.249711
99	0.00126	0.2646	0.0811846	0.121832	0.28171
128	0.00126	0.2646	0.0809831	0.11813	0.25755
102	0.00126	0.2646	0.0843797	0.144728	0.437487
91	0.00126	0.2646	0.0799952	0.112161	0.214632
45	0.00126	0.2646	0.0778928	0.0985928	0.126585
107	0.00126	0.2646	0.0810794	0.119091	0.258619
79	0.00126	0.2646	0.0817314	0.118403	0.237685
112	0.00126	0.2646	0.081891	0.127859	0.329393
193	0.00126	0.2646	0.0819204	0.133692	0.383822
23	0.00126	0.2646	0.0780754	0.0982817	0.116863
134	0.00126	0.2646	0.0823957	0.132948	0.362921
84	0.00126	0.2646	0.0801105	0.10814	0.173047
129	0.00126	0.2646	0.0828668	0.133764	0.361167
58	0.00126	0.2646	0.0785773	0.101813	0.14294
24	0.00126	0.2646	0.0779562	0.0973715	0.112783
94	0.00126	0.2646	0.0815059	0.119192	0.254865
206	0.00126	0.2646	0.0857504	0.149131	0.458249
106	0.00126	0.2646	0.0812628	0.115694	0.223229
25	0.00126	0.2646	0.0786686	0.100442	0.129851
169	0.00126	0.2646	0.0818349	0.131961	0.368667
50	0.00126	0.2646	0.0797642	0.105931	0.161881
124	0.00126	0.2646	0.0850843	0.147208	0.452175
102	0.00126	0.2646	0.0833991	0.131465	0.332339
67	0.00126	0.2646	0.0799491	0.108755	0.189749
126	0.00126	0.2646	0.083374	0.133602	0.351108
103	0.00126	0.2646	0.0826121	0.124548	0.289077
162	0.00126	0.2646	0.0844672	0.136827	0.364593
165	0.00126	0.2646	0.0837308	0.141003	0.423734
112	0.00126	0.2646	0.0808299	0.115017	0.222048
56	0.00126	0.2646	0.0804421	0.1103	0.191576
105	0.00126	0.2646	0.0841683	0.134969	0.352454
151	0.00126	0.2646	0.0852838	0.142722	0.410269
105	0.00126	0.2646	0.0828221	0.128575	0.318168
55	0.00126	0.2646	0.0791495	0.104657	0.164343
139	0.00126	0.2646	0.082599	0.13339	0.368842
88	0.00126	0.2646	0.0819291	0.122175	0.273233
123	0.00126	0.2646	0.082968	0.132651	0.351504
51	0.00126	0.2646	0.0792339	0.105489	0.167883
143	0.00126	0.2646	0.0861797	0.146939	0.423999
80	0.00126	0.2646	0.0821959	0.121455	0.264335
43	0.00126	0.2646	0.07954	0.104217	0.153105
117	0.00126	0.2646	0.0831488	0.130904	0.330797
26	0.00126	0.2646	0.0793597	0.0993114	0.106396
133	0.00126	0.2646	0.0837662	0.139829	0.405325
112	0.00126	0.2646	0.0820491	0.129645	0.346461
87	0.00126	0.2646	0.0806959	0.119508	0.269984
85	0.00126	0.2646	0.0800367	0.114329	0.233171
149	0.00126	0.2646	0.0818849	0.125017	0.306181
68	0.00126	0.2646	0.0818361	0.122054	0.269804
138	0.00126	0.2646	0.0830324	0.136018	0.386012
65	0.00126	0.2646	0.079221	0.105401	0.17663
111	0.00126	0.2646	0.084793	0.140406	0.384432
121	0.00126	0.2646	0.0833622	0.135119	0.375051
61	0.00126	0.2646	0.0808552	0.119421	0.264445
80	0.00126	0.2646	0.0788256	0.108094	0.196952
131	0.00126	0.2646	0.0806691	0.125042	0.318625
80	0.00126	0.2646	0.0788509	0.109858	0.211258
120	0.00126	0.2646	0.0793435	0.111826	0.224499
95	0.00126	0.2646	0.0829228	0.132195	0.344471
84	0.00126	0.2646	0.0788043	0.1027	0.150965
47	0.00126	0.2646	0.0797016	0.105723	0.163737
235	0.00126	0.2646	0.0882594	0.169327	0.605344
131	0.00126	0.2646	0.0826925	0.126004	0.300426
182	0.00126	0.2646	0.0815408	0.126306	0.320126
56	0.00126	0.2646	0.0782555	0.102541	0.155261
75	0.00126	0.2646	0.0796311	0.11396	0.232349
125	0.00126	0.2646	0.0801861	0.118694	0.270943
99	0.00126	0.2646	0.0811393	0.121494	0.281128
145	0.00126	0.2646	0.0866174	0.152555	0.470788
124	0.00126	0.2646	0.083815	0.131822	0.337909
137	0.00126	0.2646	0.0831091	0.128637	0.318825
106	0.00126	0.2646	0.0831212	0.12313	0.256987
196	0.00126	0.2646	0.0834442	0.134888	0.366176
73	0.00126	0.2646	0.0791278	0.105536	0.167663
58	0.00126	0.2646	0.0782286	0.100809	0.140756
124	0.00126	0.2646	0.0832149	0.137768	0.392375
114	0.00126	0.2646	0.0814288	0.124311	0.30511
55	0.00126	0.2646	0.0798352	0.104225	0.145353
140	0.00126	0.2646	0.086237	0.148422	0.443408
106	0.00126	0.2646	0.0824444	0.118949	0.237187
134	0.00126	0.2646	0.0833659	0.129123	0.317546
228	0.00126	0.2646	0.0857919	0.149255	0.464559
151	0.00126	0.2646	0.0833419	0.13306	0.349434
86	0.00126	0.2646	0.0788567	0.104977	0.16795
78	0.00126	0.2646	0.0778816	0.102831	0.168207
61	0.00126	0.2646	0.0789499	0.102624	0.137179
101	0.00126	0.2646	0.0811097	0.116476	0.232076
116	0.00126	0.2646	0.0843589	0.139598	0.400877
118	0.00126	0.2646	0.0811864	0.121001	0.27727
88	0.00126	0.2646	0.0794321	0.106051	0.166992
95	0.00126	0.2646	0.0812428	0.120679	0.272077
67	0.00126	0.2646	0.0805962	0.114188	0.219307
36	0.00126	0.2646	0.0794716	0.106026	0.162211
120	0.00126	0.2646	0.0804313	0.119725	0.278246
61	0.00126	0.2646	0.0792279	0.106302	0.17362
120	0.00126	0.2646	0.0825044	0.128441	0.318968
112	0.00126	0.2646	0.0818184	0.123227	0.28811
75	0.00126	0.2646	0.0804521	0.111039	0.193445
16	0.00126	0.2646	0.0774988	0.0948553	0.0918294
129	0.00126	0.2646	0.0803674	0.121277	0.29625
132	0.00126	0.2646	0.0820339	0.125464	0.296447
125	0.00126	0.2646	0.0811699	0.11993	0.268903
149	0.00126	0.2646	0.0822636	0.130409	0.346415
111	0.00126	0.2646	0.0808885	0.117078	0.248151
140	0.00126	0.2646	0.084237	0.143186	0.433571
123	0.00126	0.2646	0.0843049	0.13746	0.375702
129	0.00126	0.2646	0.0844192	0.142857	0.4241
33	0.00126	0.2646	0.0786967	0.102411	0.147386
124	0.00126	0.2646	0.0795656	0.113872	0.236439
44	0.00126	0.2646	0.0784745	0.101813	0.144591
156	0.00126	0.2646	0.0836867	0.139683	0.403483
154	0.00126	0.2646	0.0829694	0.132943	0.359019
37	0.00126	0.2646	0.0794483	0.104837	0.155705
104	0.00126	0.2646	0.0802655	0.111517	0.198142
72	0.00126	0.2646	0.0808499	0.115115	0.222568
63	0.00126	0.2646	0.0807434	0.116826	0.24951
119	0.00126	0.2646	0.0826818	0.129807	0.323005
77	0.00126	0.2646	0.0787	0.105475	0.181133
109	0.00126	0.2646	0.0818541	0.125005	0.298669
77	0.00126	0.2646	0.0797559	0.112082	0.216252
27	0.00126	0.2646	0.0778256	0.0963101	0.109385
112	0.00126	0.2646	0.0827633	0.125159	0.281632
145	0.00126	0.2646	0.0847072	0.138741	0.385181
150	0.00126	0.2646	0.0863147	0.152886	0.494197
200	0.00126	0.2646	0.0872419	0.160256	0.538987
85	0.00126	0.2646	0.0810807	0.115533	0.231702
115	0.00126	0.2646	0.0820409	0.127737	0.323415
68	0.00126	0.2646	0.0798703	0.10869	0.18248
114	0.00126	0.2646	0.0830786	0.128388	0.306128
53	0.00126	0.2646	0.0799209	0.109189	0.191764
88	0.00126	0.2646	0.0808828	0.119059	0.270903
93	0.00126	0.2646	0.0839276	0.133708	0.342866
105	0.00126	0.2646	0.082042	0.121078	0.263587
61	0.00126	0.2646	0.0812853	0.117362	0.240269
135	0.00126	0.2646	0.082197	0.123934	0.280061
75	0.00126	0.2646	0.0817983	0.125575	0.306902
79	0.00126	0.2646	0.080023	0.112494	0.217816
68	0.00126	0.2646	0.0813283	0.121935	0.284664
