155	0.00126	0.2646	0.0892604	0.145749	0.410977	895.316	
60	0.00126	0.2646	0.0848404	0.114076	0.200005	921.973	
101	0.00126	0.2646	0.0856148	0.123664	0.278255	911.88	
107	0.00126	0.2646	0.0876314	0.132643	0.318687	906.643	
91	0.00126	0.2646	0.0867163	0.124349	0.262614	913.85	
145	0.00126	0.2646	0.0883564	0.139988	0.370924	900.221	
18	0.00126	0.2646	0.0823793	0.0989609	0.099053	934.628	
25	0.00126	0.2646	0.0824631	0.101252	0.115898	932.636	
167	0.00126	0.2646	0.0878813	0.146439	0.450535	890.271	
64	0.00126	0.2646	0.0858049	0.118569	0.22243	919.295	
70	0.00126	0.2646	0.0836974	0.112731	0.205487	921.097	
118	0.00126	0.2646	0.0868587	0.133633	0.342434	903.751	
82	0.00126	0.2646	0.0852103	0.11998	0.250022	915.456	
137	0.00126	0.2646	0.0871289	0.131507	0.323204	905.905	
128	0.00126	0.2646	0.0874567	0.134108	0.339993	903.933	
77	0.00126	0.2646	0.0861041	0.126375	0.292816	909.969	
85	0.00126	0.2646	0.0850498	0.121465	0.26381	913.693	
68	0.00126	0.2646	0.0841003	0.115885	0.224993	918.753	
50	0.00126	0.2646	0.0830175	0.107744	0.162588	926.726	
18	0.00126	0.2646	0.0817205	0.0984538	0.10333	934.144	
78	0.00126	0.2646	0.0848112	0.115964	0.217313	920.16	
84	0.00126	0.2646	0.0859792	0.120201	0.229208	918.11	
100	0.00126	0.2646	0.085961	0.124246	0.280564	911.472	
65	0.00126	0.2646	0.0864408	0.120534	0.219764	919.115	
32	0.00126	0.2646	0.0841523	0.107195	0.145063	928.581	
76	0.00126	0.2646	0.0855287	0.119796	0.242087	916.453	
200	0.00126	0.2646	0.0896242	0.150845	0.45568	889.647	
115	0.00126	0.2646	0.0868065	0.131048	0.321851	906.575	
49	0.00126	0.2646	0.0834187	0.107509	0.164974	926.417	
162	0.00126	0.2646	0.0871373	0.138396	0.383255	898.756	
164	0.00126	0.2646	0.0898015	0.146285	0.417679	894.483	
157	0.00126	0.2646	0.0907097	0.146529	0.401311	896.439	
101	0.00126	0.2646	0.0899382	0.140677	0.361644	901.483	
190	0.00126	0.2646	0.0912906	0.155762	0.485193	885.539	
130	0.00126	0.2646	0.0888228	0.13844	0.362967	901.116	
132	0.00126	0.2646	0.0879917	0.134973	0.338281	904.443	
120	0.00126	0.2646	0.0871242	0.130742	0.318355	906.955	
150	0.00126	0.2646	0.0884928	0.143966	0.409642	895.419	
33	0.00126	0.2646	0.0833249	0.104276	0.136523	930.086	
114	0.00126	0.2646	0.0874578	0.134038	0.337839	904.565	
127	0.00126	0.2646	0.0890938	0.1369	0.343221	903.899	
175	0.00126	0.2646	0.0921344	0.159853	0.505665	883.28	
176	0.00126	0.2646	0.0914227	0.155269	0.475873	886.989	
90	0.00126	0.2646	0.0876394	0.125318	0.254108	914.991	
96	0.00126	0.2646	0.0877367	0.131986	0.311501	907.677	
112	0.00126	0.2646	0.0861786	0.128498	0.313798	907.378	
81	0.00126	0.2646	0.0843111	0.11364	0.203548	921.439	
88	0.00126	0.2646	0.0860022	0.125195	0.2791	911.774	
120	0.00126	0.2646	0.0862972	0.128403	0.314928	907.409	
146	0.00126	0.2646	0.0894543	0.145687	0.412365	895.168	
112	0.00126	0.2646	0.0891402	0.138215	0.345068	904.015	
121	0.00126	0.2646	0.0874831	0.132565	0.331517	905.212	
88	0.00126	0.2646	0.0860452	0.120861	0.23636	917.492	
109	0.00126	0.2646	0.0858033	0.126348	0.302214	908.677	
100	0.00126	0.2646	0.0863939	0.134034	0.357162	901.723	
24	0.00126	0.2646	0.082064	0.0991984	0.10665	933.629	
91	0.00126	0.2646	0.0847095	0.119087	0.249653	915.526	
139	0.00126	0.2646	0.0889779	0.144615	0.404994	895.939	
70	0.00126	0.2646	0.0858413	0.118861	0.230479	918.173	
130	0.00126	0.2646	0.0892946	0.14356	0.396842	897.095	
175	0.00126	0.2646	0.0906037	0.157441	0.50559	883.351	
19	0.00126	0.2646	0.0839822	0.103174	0.110095	933.53	
125	0.00126	0.2646	0.0874972	0.138372	0.376042	899.415	
94	0.00126	0.2646	0.0838199	0.111502	0.18867	923.187	
57	0.00126	0.2646	0.0826478	0.105666	0.156586	927.27	
118	0.00126	0.2646	0.0855099	0.126103	0.29504	909.756	
87	0.00126	0.2646	0.0856708	0.122108	0.254997	914.957	
118	0.00126	0.2646	0.0870298	0.13414	0.347513	903.148	
65	0.00126	0.2646	0.0850418	0.11575	0.212773	920.337	
108	0.00126	0.2646	0.0879114	0.135124	0.342319	903.988	
74	0.00126	0.2646	0.0860603	0.119108	0.215608	919.99	
124	0.00126	0.2646	0.0874641	0.136972	0.372619	900.189	
122	0.00126	0.2646	0.0878404	0.138431	0.3724	900	
70	0.00126	0.2646	0.0851492	0.11995	0.246212	915.878	
70	0.00126	0.2646	0.0835525	0.110637	0.193065	922.681	
155	0.00126	0.2646	0.0879485	0.144075	0.422714	893.585	
111	0.00126	0.2646	0.085821	0.126599	0.297594	909.406	
32	0.00126	0.2646	0.0823762	0.10191	0.125826	931.257	
99	0.00126	0.2646	0.084209	0.116499	0.228747	918.232	
52	0.00126	0.2646	0.0845716	0.114307	0.204065	921.401	
206	0.00126	0.2646	0.0906675	0.152929	0.459787	889.218	
138	0.00126	0.2646	0.0888295	0.14432	0.412453	895.424	
51	0.00126	0.2646	0.0842463	0.108943	0.163911	926.463	
130	0.00126	0.2646	0.0873617	0.131756	0.317537	906.941	
157	0.00126	0.2646	0.0885585	0.141393	0.384235	898.979	
49	0.00126	0.2646	0.0844633	0.109576	0.156281	927.451	
62	0.00126	0.2646	0.0839304	0.109602	0.165873	926.136	
78	0.00126	0.2646	0.0844156	0.122242	0.281628	911.459	
28	0.00126	0.2646	0.082429	0.102287	0.132507	930.475	
131	0.00126	0.2646	0.0874611	0.134752	0.344786	903.719	
202	0.00126	0.2646	0.0923364	0.165769	0.549347	877.907	
133	0.00126	0.2646	0.087501	0.132971	0.333977	905.177	
73	0.00126	0.2646	0.0857866	0.119651	0.237978	917.35	
156	0.00126	0.2646	0.0899634	0.146884	0.417441	894.315	
212	0.00126	0.2646	0.0924682	0.168202	0.574983	875.145	
148	0.00126	0.2646	0.0877324	0.135732	0.357673	901.824	
61	0.00126	0.2646	0.0844366	0.113468	0.201545	921.606	
127	0.00126	0.2646	0.0860438	0.132834	0.352689	902.548	
50	0.00126	0.2646	0.083282	0.105709	0.145575	928.988	
120	0.00126	0.2646	0.087592	0.134793	0.347849	903.313	
142	0.00126	0.2646	0.0874039	0.13485	0.348893	903.214	
72	0.00126	0.2646	0.0850744	0.118434	0.238552	917.086	
86	0.00126	0.2646	0.0867174	0.127535	0.289632	910.486	
167	0.00126	0.2646	0.0888527	0.144274	0.412481	894.847	
94	0.00126	0.2646	0.0871488	0.12795	0.293838	910.338	
189	0.00126	0.2646	0.0911329	0.159855	0.518874	881.552	
134	0.00126	0.2646	0.0883448	0.138901	0.372501	900.039	
100	0.00126	0.2646	0.0861688	0.128464	0.313597	907.511	
35	0.00126	0.2646	0.0845899	0.110967	0.170231	925.944	
195	0.00126	0.2646	0.0899846	0.156491	0.507299	883.339	
35	0.00126	0.2646	0.0821253	0.101256	0.129429	930.869	
138	0.00126	0.2646	0.0873988	0.135776	0.348344	903.14	
112	0.00126	0.2646	0.0858432	0.123072	0.266748	913.327	
79	0.00126	0.2646	0.0854959	0.116298	0.205188	921.063	
142	0.00126	0.2646	0.0888212	0.144396	0.408248	895.622	
62	0.00126	0.2646	0.0852782	0.117597	0.225397	918.587	
56	0.00126	0.2646	0.0849997	0.115252	0.198595	922.003	
81	0.00126	0.2646	0.0845852	0.116118	0.226127	918.62	
167	0.00126	0.2646	0.0889851	0.152278	0.480038	886.531	
52	0.00126	0.2646	0.083324	0.106757	0.152932	927.951	
67	0.00126	0.2646	0.0841525	0.111307	0.194468	922.711	
203	0.00126	0.2646	0.0926854	0.16998	0.576908	874.255	
72	0.00126	0.2646	0.0862301	0.118078	0.218515	919.577	
161	0.00126	0.2646	0.0901262	0.154952	0.493666	884.409	
107	0.00126	0.2646	0.0874927	0.135519	0.354816	901.995	
15	0.00126	0.2646	0.0831714	0.100737	0.104147	934.026	
161	0.00126	0.2646	0.0888304	0.147562	0.441288	891.209	
65	0.00126	0.2646	0.0854677	0.118493	0.229622	918.256	
112	0.00126	0.2646	0.087184	0.135054	0.349422	903.079	
76	0.00126	0.2646	0.0853444	0.122087	0.263037	913.985	
52	0.00126	0.2646	0.085009	0.111836	0.17808	924.827	
161	0.00126	0.2646	0.092076	0.160652	0.504151	883.414	
170	0.00126	0.2646	0.0894349	0.143785	0.405148	895.905	
92	0.00126	0.2646	0.0868158	0.123305	0.245765	915.94	
50	0.00126	0.2646	0.084704	0.109179	0.15582	927.314	
214	0.00126	0.2646	0.0897603	0.15594	0.507846	882.89	
56	0.00126	0.2646	0.0850779	0.112398	0.173912	925.195	
85	0.00126	0.2646	0.0851317	0.121393	0.261929	913.972	
87	0.00126	0.2646	0.0851122	0.123255	0.282742	911.364	
90	0.00126	0.2646	0.0858728	0.12602	0.290283	910.481	
50	0.00126	0.2646	0.0842217	0.109161	0.162259	926.628	
63	0.00126	0.2646	0.0854022	0.114937	0.191845	922.853	
119	0.00126	0.2646	0.0862256	0.121455	0.240247	916.736	
112	0.00126	0.2646	0.0872161	0.130961	0.318952	906.683	
132	0.00126	0.2646	0.0885993	0.142031	0.396138	896.849	
66	0.00126	0.2646	0.0857906	0.120305	0.239976	916.825	
145	0.00126	0.2646	0.0867569	0.131736	0.329841	905.342	
62	0.00126	0.2646	0.0843196	0.114526	0.210522	920.423	
16	0.00126	0.2646	0.0823567	0.0997133	0.104798	933.964	
82	0.00126	0.2646	0.0851557	0.120391	0.248397	915.692	
198	0.00126	0.2646	0.0912591	0.160205	0.517968	881.845	
31	0.00126	0.2646	0.0841536	0.105979	0.137088	929.938	
142	0.00126	0.2646	0.0861349	0.130668	0.330655	905.11	
14	0.00126	0.2646	0.0823315	0.0989961	0.100888	934.327	
102	0.00126	0.2646	0.0856912	0.125144	0.277057	911.95	
32	0.00126	0.2646	0.0826635	0.102302	0.128956	930.734	
80	0.00126	0.2646	0.0855106	0.12152	0.255883	914.712	
132	0.00126	0.2646	0.0891136	0.143774	0.39705	897.003	
141	0.00126	0.2646	0.0879667	0.135986	0.355005	902.402	
75	0.00126	0.2646	0.0882297	0.131698	0.304305	908.864	
109	0.00126	0.2646	0.089524	0.141265	0.368306	900.911	
174	0.00126	0.2646	0.0883948	0.145449	0.439409	891.677	
62	0.00126	0.2646	0.0845792	0.113328	0.191548	922.858	
124	0.00126	0.2646	0.0844202	0.122572	0.286774	910.771	
30	0.00126	0.2646	0.0820373	0.0990262	0.104232	933.929	
88	0.00126	0.2646	0.0853429	0.122407	0.265001	913.501	
147	0.00126	0.2646	0.0873243	0.135746	0.355773	902.105	
57	0.00126	0.2646	0.0847004	0.112124	0.182332	924.123	
117	0.00126	0.2646	0.0876709	0.135074	0.346436	903.484	
157	0.00126	0.2646	0.0903812	0.153113	0.471656	887.813	
126	0.00126	0.2646	0.0874467	0.134044	0.334275	904.986	
38	0.00126	0.2646	0.0829397	0.103706	0.13416	930.44	
52	0.00126	0.2646	0.0837214	0.108942	0.160442	926.755	
59	0.00126	0.2646	0.0833188	0.111704	0.197605	922.027	
45	0.00126	0.2646	0.0818014	0.10261	0.147103	928.448	
66	0.00126	0.2646	0.0849185	0.11911	0.23549	917.295	
142	0.00126	0.2646	0.0865297	0.129867	0.309112	908.04	
95	0.00126	0.2646	0.0844558	0.118123	0.249612	915.51	
160	0.00126	0.2646	0.0867596	0.134548	0.355458	902.348	
100	0.00126	0.2646	0.0866567	0.127362	0.288199	911.037	
81	0.00126	0.2646	0.0855805	0.120646	0.243354	916.416	
77	0.00126	0.2646	0.0839295	0.112196	0.201469	921.901	
179	0.00126	0.2646	0.0882144	0.1435	0.413325	894.81	
81	0.00126	0.2646	0.0858753	0.125066	0.280929	911.548	
81	0.00126	0.2646	0.0835796	0.111683	0.201163	921.671	
140	0.00126	0.2646	0.086377	0.133894	0.360923	901.277	
150	0.00126	0.2646	0.0867973	0.134748	0.354029	902.24	
15	0.00126	0.2646	0.0822696	0.10063	0.114612	932.667	
61	0.00126	0.2646	0.0830979	0.109354	0.184205	923.962	
146	0.00126	0.2646	0.0873699	0.139051	0.385243	898.51	
15	0.00126	0.2646	0.0829527	0.101004	0.103069	934.24	
69	0.00126	0.2646	0.0842299	0.114401	0.214998	920.137	
110	0.00126	0.2646	0.0888115	0.144292	0.406986	895.642	
106	0.00126	0.2646	0.0870288	0.130332	0.309644	907.922	
32	0.00126	0.2646	0.0832396	0.103946	0.128532	930.882	
27	0.00126	0.2646	0.0835314	0.103827	0.116441	932.444	
126	0.00126	0.2646	0.0869802	0.135013	0.354825	902.151	
85	0.00126	0.2646	0.0848315	0.115916	0.211375	920.541	
106	0.00126	0.2646	0.0856217	0.129391	0.332443	905.177	
95	0.00126	0.2646	0.0850284	0.117777	0.22056	919.456	
146	0.00126	0.2646	0.0875085	0.139861	0.394265	897.488	
85	0.00126	0.2646	0.0851262	0.119428	0.246034	916.227	
145	0.00126	0.2646	0.08745	0.134865	0.343824	903.549	
93	0.00126	0.2646	0.0853811	0.119396	0.238568	916.896	
98	0.00126	0.2646	0.0860579	0.123284	0.263815	914.115	
129	0.00126	0.2646	0.0884327	0.137487	0.352613	902.637	
141	0.00126	0.2646	0.0895717	0.144855	0.403468	896.205	
106	0.00126	0.2646	0.0881055	0.138209	0.365578	900.953	
51	0.00126	0.2646	0.0837435	0.10724	0.156315	927.542	
111	0.00126	0.2646	0.0866018	0.128644	0.29765	909.715	
21	0.00126	0.2646	0.0820825	0.0988146	0.102428	934.429	
77	0.00126	0.2646	0.0843448	0.115315	0.216726	919.771	
111	0.00126	0.2646	0.0869938	0.133168	0.333009	904.907	
63	0.00126	0.2646	0.0843025	0.113104	0.205459	920.924	
110	0.00126	0.2646	0.0872308	0.131732	0.316481	906.887	
78	0.00126	0.2646	0.0860275	0.121172	0.247651	915.865	
213	0.00126	0.2646	0.0900198	0.15404	0.479444	886.423	
39	0.00126	0.2646	0.0836959	0.105374	0.139435	929.616	
78	0.00126	0.2646	0.0859835	0.126624	0.292942	910.604	
123	0.00126	0.2646	0.0864136	0.131523	0.330862	905.35	
91	0.00126	0.2646	0.084903	0.117052	0.227808	918.606	
158	0.00126	0.2646	0.088846	0.144112	0.403281	896.23	
94	0.00126	0.2646	0.0851917	0.117415	0.225749	918.481	
60	0.00126	0.2646	0.0846517	0.114044	0.200583	921.554	
92	0.00126	0.2646	0.0867609	0.130413	0.311231	907.479	
83	0.00126	0.2646	0.0845505	0.11799	0.250563	915.299	
60	0.00126	0.2646	0.0858205	0.117259	0.200797	921.715	
126	0.00126	0.2646	0.0877333	0.139148	0.386564	898.27	
112	0.00126	0.2646	0.0868747	0.128829	0.300009	909.248	
98	0.00126	0.2646	0.0859491	0.124345	0.27279	912.776	
213	0.00126	0.2646	0.0895573	0.15181	0.47468	887.357	
112	0.00126	0.2646	0.0889658	0.139905	0.361173	901.599	
54	0.00126	0.2646	0.0846375	0.110961	0.177329	924.653	
128	0.00126	0.2646	0.0873369	0.134638	0.344512	903.428	
83	0.00126	0.2646	0.0853679	0.120082	0.248909	915.338	
50	0.00126	0.2646	0.0845017	0.109694	0.15919	927.118	
143	0.00126	0.2646	0.0887378	0.14529	0.421373	893.627	
41	0.00126	0.2646	0.0841605	0.110334	0.179394	924.452	
63	0.00126	0.2646	0.0851346	0.115812	0.203093	921.49	
91	0.00126	0.2646	0.0859804	0.123064	0.264208	913.872	
103	0.00126	0.2646	0.0866396	0.128512	0.301056	909.635	
152	0.00126	0.2646	0.0888731	0.146545	0.433952	892.333	
86	0.00126	0.2646	0.0861665	0.121993	0.25495	914.853	
198	0.00126	0.2646	0.0898624	0.150983	0.460334	889.005	
114	0.00126	0.2646	0.0891118	0.137373	0.337218	904.545	
111	0.00126	0.2646	0.0877709	0.132359	0.325892	905.961	
149	0.00126	0.2646	0.0899142	0.149247	0.435181	892.084	
48	0.00126	0.2646	0.0847962	0.112037	0.181697	924.212	
97	0.00126	0.2646	0.085605	0.12351	0.274955	912.268	
68	0.00126	0.2646	0.0852852	0.119346	0.240224	916.789	
126	0.00126	0.2646	0.0878037	0.135501	0.347914	903.267	
93	0.00126	0.2646	0.0863327	0.128197	0.308294	908.243	
94	0.00126	0.2646	0.0863885	0.12649	0.28229	911.554	
69	0.00126	0.2646	0.0853665	0.116364	0.217736	919.643	
199	0.00126	0.2646	0.0926917	0.167928	0.562651	876.077	
129	0.00126	0.2646	0.0889111	0.139845	0.375287	899.705	
80	0.00126	0.2646	0.086646	0.12059	0.233645	917.616	
187	0.00126	0.2646	0.0926921	0.170931	0.595317	871.935	
109	0.00126	0.2646	0.0882621	0.133029	0.319128	906.989	
145	0.00126	0.2646	0.0884641	0.138662	0.366699	900.958	
49	0.00126	0.2646	0.0841938	0.109269	0.154446	927.761	
103	0.00126	0.2646	0.0856327	0.12234	0.261133	914.426	
146	0.00126	0.2646	0.0890517	0.147339	0.433209	892.894	
78	0.00126	0.2646	0.0859858	0.119497	0.233798	917.744	
165	0.00126	0.2646	0.0914055	0.158768	0.502671	883.756	
154	0.00126	0.2646	0.0916955	0.156388	0.47166	887.65	
91	0.00126	0.2646	0.0876444	0.129531	0.296446	909.693	
95	0.00126	0.2646	0.0867583	0.126722	0.280352	911.683	
108	0.00126	0.2646	0.0850522	0.119266	0.243155	916.367	
25	0.00126	0.2646	0.082644	0.101145	0.115284	932.772	
179	0.00126	0.2646	0.0898015	0.157937	0.519667	881.473	
43	0.00126	0.2646	0.0836151	0.106763	0.162005	927.002	
163	0.00126	0.2646	0.0905179	0.156828	0.491553	885.356	
86	0.00126	0.2646	0.0862586	0.126009	0.28675	910.939	
100	0.00126	0.2646	0.0846291	0.117157	0.23226	917.835	
113	0.00126	0.2646	0.0866321	0.129845	0.314205	907.23	
104	0.00126	0.2646	0.0865808	0.129374	0.31213	907.504	
79	0.00126	0.2646	0.085258	0.119512	0.238301	916.914	
69	0.00126	0.2646	0.0836908	0.110774	0.184906	924.256	
89	0.00126	0.2646	0.084418	0.116098	0.228666	918.302	
134	0.00126	0.2646	0.0871398	0.138106	0.372834	900.095	
27	0.00126	0.2646	0.0818617	0.098519	0.111843	933.279	
96	0.00126	0.2646	0.0864231	0.126357	0.273891	912.402	
104	0.00126	0.2646	0.0856903	0.127381	0.306586	908.298	
64	0.00126	0.2646	0.0824687	0.105458	0.158785	927.029	
42	0.00126	0.2646	0.0831278	0.106126	0.145999	928.571	
75	0.00126	0.2646	0.0848191	0.115607	0.211782	920.283	
138	0.00126	0.2646	0.0880998	0.141989	0.396067	896.971	
43	0.00126	0.2646	0.0826651	0.104137	0.146073	928.739	
55	0.00126	0.2646	0.0831914	0.107513	0.163418	926.599	
133	0.00126	0.2646	0.0855375	0.126289	0.296228	909.831	
65	0.00126	0.2646	0.0840283	0.113512	0.210785	920.731	
122	0.00126	0.2646	0.0878203	0.138259	0.364816	900.868	
62	0.00126	0.2646	0.0839969	0.111451	0.189669	923.072	
104	0.00126	0.2646	0.084765	0.121054	0.268257	913.076	
139	0.00126	0.2646	0.0873121	0.138798	0.38847	897.825	
50	0.00126	0.2646	0.084974	0.110137	0.15881	927.078	
168	0.00126	0.2646	0.090246	0.155731	0.487179	885.559	
57	0.00126	0.2646	0.0836829	0.110015	0.185901	923.766	
76	0.00126	0.2646	0.0843697	0.117376	0.236311	917.4	
41	0.00126	0.2646	0.0832924	0.104423	0.132804	930.637	
108	0.00126	0.2646	0.0860968	0.129442	0.320428	906.802	
69	0.00126	0.2646	0.0865295	0.123242	0.250093	915.418	
144	0.00126	0.2646	0.0879752	0.139172	0.384605	898.414	
115	0.00126	0.2646	0.0878759	0.133518	0.323795	906.05	
77	0.00126	0.2646	0.08545	0.118657	0.236837	917.122	
100	0.00126	0.2646	0.0875745	0.132386	0.319915	906.586	
102	0.00126	0.2646	0.087764	0.132995	0.326148	905.872	
169	0.00126	0.2646	0.0890313	0.148206	0.449765	890.311	
108	0.00126	0.2646	0.0864612	0.126909	0.28691	911.024	
112	0.00126	0.2646	0.0865988	0.133582	0.35204	903.084	
17	0.00126	0.2646	0.0826917	0.0997241	0.103545	934.291	
181	0.00126	0.2646	0.0892401	0.150734	0.461723	888.588	
71	0.00126	0.2646	0.0855678	0.116254	0.212318	920.213	
149	0.00126	0.2646	0.0898755	0.145948	0.401716	896.181	
105	0.00126	0.2646	0.0870606	0.130043	0.317602	906.997	
142	0.00126	0.2646	0.0884403	0.140486	0.376805	899.522	
44	0.00126	0.2646	0.0839432	0.109269	0.174586	924.993	
63	0.00126	0.2646	0.0855627	0.119597	0.235642	917.335	
136	0.00126	0.2646	0.0880824	0.138046	0.360518	901.751	
103	0.00126	0.2646	0.085035	0.120103	0.252438	915.412	
81	0.00126	0.2646	0.0844569	0.115538	0.221398	919.224	
144	0.00126	0.2646	0.0879776	0.13893	0.37054	900.197	
58	0.00126	0.2646	0.0853449	0.11491	0.20065	921.619	
175	0.00126	0.2646	0.0892823	0.149361	0.448725	890.082	
15	0.00126	0.2646	0.0830925	0.100083	0.102803	934.247	
153	0.00126	0.2646	0.0889112	0.143843	0.403609	895.961	
141	0.00126	0.2646	0.0884303	0.138179	0.366789	900.874	
130	0.00126	0.2646	0.0893775	0.139669	0.353737	902.541	
113	0.00126	0.2646	0.0881235	0.137804	0.364251	901.216	
39	0.00126	0.2646	0.0832022	0.105987	0.151818	928.11	
104	0.00126	0.2646	0.08464	0.119753	0.256479	914.69	
86	0.00126	0.2646	0.0858463	0.123208	0.263331	913.732	
147	0.00126	0.2646	0.0867049	0.130306	0.319255	906.517	
54	0.00126	0.2646	0.0850789	0.114526	0.196195	922.13	
169	0.00126	0.2646	0.0876062	0.139992	0.401312	896.296	
123	0.00126	0.2646	0.08809	0.132612	0.309175	908	
83	0.00126	0.2646	0.0869146	0.122345	0.248296	915.91	
246	0.00126	0.2646	0.0949566	0.183539	0.670401	862.651	
103	0.00126	0.2646	0.0874675	0.130102	0.304299	908.891	
68	0.00126	0.2646	0.0834116	0.110972	0.195011	922.546	
29	0.00126	0.2646	0.0824439	0.100854	0.114581	932.723	
125	0.00126	0.2646	0.0868185	0.133919	0.344699	903.533	
43	0.00126	0.2646	0.0847183	0.109294	0.155025	927.534	
182	0.00126	0.2646	0.0900283	0.152968	0.472301	887.25	
80	0.00126	0.2646	0.0868188	0.125367	0.275959	912.269	
168	0.00126	0.2646	0.0897498	0.146823	0.415229	894.573	
79	0.00126	0.2646	0.0864166	0.124294	0.276972	912.19	
138	0.00126	0.2646	0.0893003	0.143998	0.394912	897.227	
100	0.00126	0.2646	0.0861711	0.124449	0.269995	913.118	
62	0.00126	0.2646	0.0842076	0.111128	0.179924	924.6	
46	0.00126	0.2646	0.0826292	0.103562	0.139188	929.664	
127	0.00126	0.2646	0.0867241	0.135075	0.358643	901.614	
98	0.00126	0.2646	0.0849228	0.118443	0.241676	916.504	
88	0.00126	0.2646	0.086028	0.121144	0.235928	917.251	
44	0.00126	0.2646	0.0847771	0.110083	0.158921	926.986	
76	0.00126	0.2646	0.0860119	0.121463	0.246545	915.786	
77	0.00126	0.2646	0.086628	0.124197	0.262906	913.899	
164	0.00126	0.2646	0.0896943	0.145412	0.408848	895.971	
194	0.00126	0.2646	0.0912432	0.164135	0.558792	876.609	
158	0.00126	0.2646	0.0870053	0.141067	0.416818	894.408	
102	0.00126	0.2646	0.0846533	0.120032	0.260328	914.437	
79	0.00126	0.2646	0.0854543	0.117669	0.214481	920.038	
146	0.00126	0.2646	0.0878082	0.136905	0.360863	901.634	
147	0.00126	0.2646	0.0887995	0.139194	0.370054	901.14	
238	0.00126	0.2646	0.0938885	0.174677	0.611366	869.939	
160	0.00126	0.2646	0.0900213	0.146853	0.424167	893.538	
125	0.00126	0.2646	0.088652	0.139469	0.371593	900.144	
87	0.00126	0.2646	0.0862301	0.121566	0.238477	917.014	
11	0.00126	0.2646	0.0831161	0.100345	0.0963324	935.166	
12	0.00126	0.2646	0.082521	0.0998709	0.0984261	934.976	
77	0.00126	0.2646	0.0845189	0.117549	0.240491	917.047	
170	0.00126	0.2646	0.0911406	0.160245	0.51527	882.017	
118	0.00126	0.2646	0.0878545	0.13706	0.361238	901.562	
55	0.00126	0.2646	0.0840051	0.11111	0.189847	923.16	
77	0.00126	0.2646	0.0860731	0.120378	0.226624	918.646	
86	0.00126	0.2646	0.0862805	0.121854	0.247401	915.772	
141	0.00126	0.2646	0.0883866	0.136994	0.350084	902.85	
138	0.00126	0.2646	0.0886388	0.142975	0.405154	895.89	
96	0.00126	0.2646	0.0855704	0.123756	0.277279	912.148	
84	0.00126	0.2646	0.0845688	0.118737	0.244276	916.403	
72	0.00126	0.2646	0.0832479	0.108395	0.175751	925.221	
121	0.00126	0.2646	0.0873225	0.133245	0.324691	905.96	
72	0.00126	0.2646	0.0845115	0.116314	0.225773	918.564	
95	0.00126	0.2646	0.0841347	0.115908	0.229473	918.061	
121	0.00126	0.2646	0.0867644	0.130514	0.321369	906.364	
142	0.00126	0.2646	0.0892813	0.141835	0.379795	899.386	
173	0.00126	0.2646	0.0901897	0.147299	0.417753	894.538	
121	0.00126	0.2646	0.0883222	0.137652	0.358476	901.958	
86	0.00126	0.2646	0.0856344	0.122157	0.259604	914.5	
79	0.00126	0.2646	0.083361	0.109608	0.185481	923.844	
119	0.00126	0.2646	0.0862364	0.129981	0.322349	906.655	
108	0.00126	0.2646	0.0879159	0.135889	0.341105	903.919	
63	0.00126	0.2646	0.0839251	0.110494	0.182978	923.955	
104	0.00126	0.2646	0.0847523	0.118094	0.235593	917.22	
87	0.00126	0.2646	0.0856604	0.120013	0.237989	917.207	
163	0.00126	0.2646	0.0893849	0.145832	0.418472	894.169	
117	0.00126	0.2646	0.0889341	0.138521	0.350746	902.818	
74	0.00126	0.2646	0.0855717	0.117966	0.221315	919.316	
113	0.00126	0.2646	0.0857139	0.126707	0.300232	909.251	
110	0.00126	0.2646	0.087502	0.133555	0.333325	905.208	
106	0.00126	0.2646	0.0869544	0.130384	0.317118	907.336	
132	0.00126	0.2646	0.0883915	0.137475	0.35417	902.294	
81	0.00126	0.2646	0.0871057	0.124658	0.261588	914.074	
179	0.00126	0.2646	0.0914697	0.160041	0.507764	882.762	
20	0.00126	0.2646	0.0834261	0.102151	0.11358	932.791	
77	0.00126	0.2646	0.0837899	0.108446	0.163987	926.266	
110	0.00126	0.2646	0.0871395	0.13312	0.333087	904.827	
103	0.00126	0.2646	0.085716	0.120376	0.242326	916.519	
117	0.00126	0.2646	0.0870967	0.132018	0.327922	905.827	
141	0.00126	0.2646	0.0887642	0.142842	0.394444	897.9	
119	0.00126	0.2646	0.0862013	0.129648	0.326312	906.025	
41	0.00126	0.2646	0.0846555	0.11017	0.163611	926.366	
106	0.00126	0.2646	0.0881131	0.133754	0.329987	905.294	
187	0.00126	0.2646	0.0927793	0.164575	0.526836	880.38	
95	0.00126	0.2646	0.0868978	0.130559	0.325505	905.913	
67	0.00126	0.2646	0.0841487	0.112044	0.190322	922.929	
45	0.00126	0.2646	0.0834976	0.107754	0.161268	926.576	
53	0.00126	0.2646	0.0848493	0.115575	0.211766	920.27	
123	0.00126	0.2646	0.0879833	0.13902	0.378211	899.768	
82	0.00126	0.2646	0.0854488	0.123428	0.273038	913.009	
59	0.00126	0.2646	0.0837684	0.109825	0.18096	924.381	
165	0.00126	0.2646	0.0886287	0.14033	0.376233	899.542	
215	0.00126	0.2646	0.0908065	0.155589	0.486711	885.646	
90	0.00126	0.2646	0.087002	0.12412	0.249999	915.29	
52	0.00126	0.2646	0.0834429	0.105708	0.150494	928.079	
129	0.00126	0.2646	0.087648	0.137707	0.367714	900.476	
96	0.00126	0.2646	0.0865489	0.124431	0.268913	913.151	
163	0.00126	0.2646	0.0898503	0.150048	0.446172	890.691	
75	0.00126	0.2646	0.0856259	0.118292	0.222693	919.188	
47	0.00126	0.2646	0.0837626	0.109322	0.170168	925.741	
73	0.00126	0.2646	0.0840728	0.111824	0.19132	922.989	
118	0.00126	0.2646	0.0875786	0.13509	0.346996	903.181	
114	0.00126	0.2646	0.0883583	0.136866	0.342151	903.759	
67	0.00126	0.2646	0.0843057	0.112039	0.191593	922.577	
50	0.00126	0.2646	0.0831539	0.105104	0.146467	928.558	
128	0.00126	0.2646	0.0882727	0.139149	0.36824	900.702	
122	0.00126	0.2646	0.0882781	0.138411	0.373447	899.937	
140	0.00126	0.2646	0.0899059	0.146855	0.412046	895.065	
127	0.00126	0.2646	0.0869427	0.132844	0.3419	903.997	
129	0.00126	0.2646	0.0860495	0.129326	0.321993	906.475	
97	0.00126	0.2646	0.0869788	0.129588	0.302885	908.976	
126	0.00126	0.2646	0.0873982	0.132373	0.326339	905.948	
127	0.00126	0.2646	0.0886868	0.142173	0.396775	896.832	
134	0.00126	0.2646	0.0880729	0.137363	0.356162	902.036	
92	0.00126	0.2646	0.0849296	0.114212	0.203354	921.418	
159	0.00126	0.2646	0.0891745	0.146479	0.420437	893.996	
66	0.00126	0.2646	0.0844215	0.113552	0.203771	921.303	
51	0.00126	0.2646	0.0834301	0.105778	0.13999	929.281	
54	0.00126	0.2646	0.0833556	0.109595	0.183914	923.857	
89	0.00126	0.2646	0.0853723	0.122606	0.268428	913.296	
128	0.00126	0.2646	0.0863698	0.130995	0.328069	905.761	
55	0.00126	0.2646	0.0840372	0.112509	0.19486	922.413	
57	0.00126	0.2646	0.0834739	0.11035	0.18405	923.731	
49	0.00126	0.2646	0.0838694	0.113471	0.211761	920.126	
97	0.00126	0.2646	0.0859714	0.126689	0.297094	909.341	
104	0.00126	0.2646	0.0861103	0.125206	0.274505	912.235	
11	0.00126	0.2646	0.0826146	0.0994456	0.101073	934.307	
79	0.00126	0.2646	0.0854629	0.121091	0.245824	915.903	
28	0.00126	0.2646	0.0836607	0.105355	0.13224	930.535	
67	0.00126	0.2646	0.0840505	0.111588	0.186036	923.831	
68	0.00126	0.2646	0.082635	0.1066	0.1652	926.422	
84	0.00126	0.2646	0.0837662	0.112094	0.194148	922.487	
123	0.00126	0.2646	0.0852941	0.125897	0.298863	909.271	
43	0.00126	0.2646	0.0833312	0.106598	0.158267	927.047	
110	0.00126	0.2646	0.0878009	0.134791	0.328452	905.516	
76	0.00126	0.2646	0.0847855	0.113271	0.195301	922.315	
112	0.00126	0.2646	0.0870049	0.131119	0.326215	905.881	
150	0.00126	0.2646	0.0912519	0.160324	0.523238	881.121	
171	0.00126	0.2646	0.0895816	0.149855	0.454383	890.001	
83	0.00126	0.2646	0.0846865	0.117396	0.235685	917.548	
95	0.00126	0.2646	0.0847182	0.122119	0.277577	912.431	
81	0.00126	0.2646	0.0855073	0.122016	0.255203	914.804	
82	0.00126	0.2646	0.0850157	0.119775	0.243763	916.329	
49	0.00126	0.2646	0.0833325	0.104717	0.140069	929.427	
164	0.00126	0.2646	0.0895555	0.150688	0.454743	889.478	
61	0.00126	0.2646	0.0853989	0.1149	0.199425	921.861	
117	0.00126	0.2646	0.0870252	0.12902	0.301016	908.942	
48	0.00126	0.2646	0.0869287	0.120784	0.21882	919.55	
171	0.00126	0.2646	0.0895277	0.148944	0.438587	891.92	
158	0.00126	0.2646	0.0883121	0.1431	0.412326	895.289	
81	0.00126	0.2646	0.0853858	0.118432	0.228991	918.689	
124	0.00126	0.2646	0.0875715	0.135681	0.346705	903.175	
48	0.00126	0.2646	0.0838443	0.109146	0.171945	925.382	
99	0.00126	0.2646	0.0860991	0.127746	0.306171	908.316	
150	0.00126	0.2646	0.0885809	0.138677	0.36393	901.155	
199	0.00126	0.2646	0.0915384	0.16135	0.527442	880.797	
58	0.00126	0.2646	0.0871053	0.119882	0.214616	920.023	
197	0.00126	0.2646	0.0906575	0.154581	0.481582	886.236	
149	0.00126	0.2646	0.0892054	0.144711	0.413296	895.139	
58	0.00126	0.2646	0.0838766	0.109545	0.172299	925.576	
115	0.00126	0.2646	0.0865902	0.127462	0.294489	910.237	
207	0.00126	0.2646	0.0915964	0.162645	0.531588	879.936	
98	0.00126	0.2646	0.0858743	0.12153	0.257978	914.494	
110	0.00126	0.2646	0.086851	0.129124	0.302004	908.81	
142	0.00126	0.2646	0.0873607	0.134811	0.351937	902.558	
85	0.00126	0.2646	0.0867551	0.126089	0.276566	912.132	
143	0.00126	0.2646	0.0880892	0.138037	0.369986	900.142	
112	0.00126	0.2646	0.087056	0.131045	0.319882	906.653	
83	0.00126	0.2646	0.0853109	0.119142	0.232877	917.883	
180	0.00126	0.2646	0.0908744	0.160034	0.518286	882.15	
34	0.00126	0.2646	0.0838738	0.104071	0.128471	931.176	
127	0.00126	0.2646	0.0885208	0.140623	0.381893	898.694	
144	0.00126	0.2646	0.0882887	0.137627	0.365534	901.334	
101	0.00126	0.2646	0.0881738	0.13097	0.294487	909.683	
96	0.00126	0.2646	0.0877377	0.134515	0.344895	903.461	
136	0.00126	0.2646	0.0885891	0.141958	0.39998	896.581	
173	0.00126	0.2646	0.0896204	0.145909	0.410738	895.137	
65	0.00126	0.2646	0.0855372	0.117858	0.224669	918.685	
71	0.00126	0.2646	0.0853517	0.115251	0.201228	921.936	
117	0.00126	0.2646	0.0872077	0.133668	0.3316	905.287	
52	0.00126	0.2646	0.0838017	0.110054	0.180881	924.356	
66	0.00126	0.2646	0.0846031	0.113691	0.1971	922.04	
89	0.00126	0.2646	0.0866936	0.124087	0.260625	914.037	
133	0.00126	0.2646	0.0907466	0.15077	0.43398	891.973	
89	0.00126	0.2646	0.0866301	0.124303	0.264069	913.74	
100	0.00126	0.2646	0.0857873	0.121859	0.259281	914.471	
144	0.00126	0.2646	0.0891105	0.146659	0.426974	893.034	
110	0.00126	0.2646	0.0863578	0.126606	0.290276	910.363	
37	0.00126	0.2646	0.0834934	0.10529	0.142343	929.236	
116	0.00126	0.2646	0.0868512	0.132005	0.325504	905.99	
75	0.00126	0.2646	0.0849345	0.117742	0.237043	917.187	
149	0.00126	0.2646	0.088376	0.143583	0.412975	894.772	
54	0.00126	0.2646	0.0864532	0.120494	0.234629	917.257	
171	0.00126	0.2646	0.0905003	0.151231	0.445883	890.721	
132	0.00126	0.2646	0.0886091	0.142529	0.403503	896.091	
81	0.00126	0.2646	0.0854492	0.119015	0.234694	917.679	
89	0.00126	0.2646	0.0859767	0.123235	0.261932	913.953	
100	0.00126	0.2646	0.0861413	0.12424	0.26593	913.481	
82	0.00126	0.2646	0.0849702	0.120128	0.259054	914.4	
179	0.00126	0.2646	0.0901173	0.153561	0.475087	887.732	
129	0.00126	0.2646	0.0882552	0.135822	0.340277	904.241	
61	0.00126	0.2646	0.0854449	0.115112	0.199885	921.899	
151	0.00126	0.2646	0.0891362	0.145217	0.413262	894.676	
91	0.00126	0.2646	0.086353	0.123946	0.265403	913.385	
102	0.00126	0.2646	0.0861137	0.126436	0.291273	910.205	
94	0.00126	0.2646	0.0854587	0.121167	0.254464	915.088	
71	0.00126	0.2646	0.0850523	0.117714	0.225822	918.522	
70	0.00126	0.2646	0.0850488	0.118454	0.233643	917.471	
62	0.00126	0.2646	0.0844757	0.112436	0.191175	923.119	
96	0.00126	0.2646	0.0869289	0.122028	0.235568	917.597	
248	0.00126	0.2646	0.0948469	0.183747	0.673685	862.302	
69	0.00126	0.2646	0.0872208	0.12598	0.279214	911.881	
141	0.00126	0.2646	0.0890967	0.142171	0.386161	898.557	
158	0.00126	0.2646	0.0898343	0.151529	0.465146	888.377	
148	0.00126	0.2646	0.0871865	0.131508	0.325923	906.436	
90	0.00126	0.2646	0.0874936	0.129466	0.288677	910.701	
115	0.00126	0.2646	0.0866053	0.129623	0.31606	907.139	
110	0.00126	0.2646	0.0861042	0.127068	0.295192	909.728	
73	0.00126	0.2646	0.084119	0.113134	0.208161	921.286	
130	0.00126	0.2646	0.0888644	0.140789	0.379105	899.4	
150	0.00126	0.2646	0.0896601	0.14708	0.42242	893.925	
77	0.00126	0.2646	0.0865321	0.126763	0.286821	910.848	
70	0.00126	0.2646	0.0842208	0.114075	0.210177	920.401	
63	0.00126	0.2646	0.0838664	0.109899	0.1741	925.033	
128	0.00126	0.2646	0.0869647	0.130858	0.317614	906.957	
215	0.00126	0.2646	0.0906202	0.157453	0.505751	883.145	
127	0.00126	0.2646	0.0880354	0.138599	0.379394	899.129	
105	0.00126	0.2646	0.0879527	0.137913	0.369551	900.283	
102	0.00126	0.2646	0.0866445	0.12597	0.282864	911.461	
83	0.00126	0.2646	0.0858542	0.125812	0.289232	910.654	
17	0.00126	0.2646	0.0827473	0.100712	0.110576	933.411	
160	0.00126	0.2646	0.088506	0.149365	0.459553	889.125	
44	0.00126	0.2646	0.0834884	0.105873	0.143436	929.054	
85	0.00126	0.2646	0.0853227	0.121603	0.257832	914.439	
112	0.00126	0.2646	0.0870681	0.134537	0.349209	902.962	
73	0.00126	0.2646	0.0847823	0.116204	0.216729	919.625	
51	0.00126	0.2646	0.0838618	0.107941	0.156657	927.235	
89	0.00126	0.2646	0.0866635	0.125394	0.265139	913.554	
72	0.00126	0.2646	0.0867391	0.127297	0.285938	911.08	
60	0.00126	0.2646	0.0831848	0.108486	0.170296	925.718	
58	0.00126	0.2646	0.0829297	0.108216	0.173924	925.342	
66	0.00126	0.2646	0.0845647	0.115923	0.216676	919.716	
135	0.00126	0.2646	0.0883488	0.144528	0.424443	893.447	
191	0.00126	0.2646	0.089079	0.146133	0.42658	893.206	
114	0.00126	0.2646	0.0874331	0.132523	0.326968	905.744	
135	0.00126	0.2646	0.0865325	0.12663	0.290995	910.293	
105	0.00126	0.2646	0.0883045	0.137546	0.357903	901.767	
164	0.00126	0.2646	0.0888169	0.143596	0.406873	895.499	
64	0.00126	0.2646	0.0841507	0.112297	0.196401	922.364	
117	0.00126	0.2646	0.0861644	0.126109	0.281643	911.771	
169	0.00126	0.2646	0.0891571	0.152582	0.486035	885.949	
100	0.00126	0.2646	0.0862081	0.124759	0.277078	912.03	
125	0.00126	0.2646	0.0872277	0.134165	0.344614	903.536	
93	0.00126	0.2646	0.0868058	0.129684	0.305264	908.386	
33	0.00126	0.2646	0.0833059	0.102148	0.11251	932.882	
74	0.00126	0.2646	0.0862116	0.122931	0.256097	914.862	
205	0.00126	0.2646	0.0906067	0.157426	0.506175	882.773	
63	0.00126	0.2646	0.0852209	0.114012	0.186183	923.529	
10	0.00126	0.2646	0.0822204	0.0981904	0.0967897	935.064	
106	0.00126	0.2646	0.0854587	0.121208	0.251424	915.83	
93	0.00126	0.2646	0.0852449	0.119942	0.246059	916.254	
69	0.00126	0.2646	0.0861763	0.121153	0.234723	917.396	
95	0.00126	0.2646	0.0863275	0.125751	0.278636	911.834	
52	0.00126	0.2646	0.0849806	0.115609	0.209846	920.286	
90	0.00126	0.2646	0.0850427	0.121458	0.264912	913.417	
67	0.00126	0.2646	0.0840089	0.112992	0.202437	921.371	
16	0.00126	0.2646	0.083414	0.102443	0.105992	933.544	
63	0.00126	0.2646	0.0840147	0.111162	0.185731	923.46	
110	0.00126	0.2646	0.0857666	0.128683	0.321961	906.438	
117	0.00126	0.2646	0.0898826	0.142466	0.376677	899.73	
140	0.00126	0.2646	0.0883402	0.13489	0.340607	904.316	
162	0.00126	0.2646	0.090837	0.152051	0.446396	890.721	
70	0.00126	0.2646	0.0864557	0.116665	0.197809	922.133	
161	0.00126	0.2646	0.0911211	0.155533	0.479405	886.282	
136	0.00126	0.2646	0.0896306	0.144787	0.405106	895.923	
104	0.00126	0.2646	0.0877649	0.130661	0.310277	908.084	
174	0.00126	0.2646	0.0924338	0.160567	0.50134	883.839	
183	0.00126	0.2646	0.0921465	0.157977	0.490826	885.324	
202	0.00126	0.2646	0.0918197	0.15912	0.506777	883.481	
67	0.00126	0.2646	0.0850179	0.115066	0.2086	920.728	
145	0.00126	0.2646	0.0878507	0.139091	0.380684	899.062	
106	0.00126	0.2646	0.0872597	0.130779	0.316815	907.102	
138	0.00126	0.2646	0.0888766	0.143701	0.413949	894.48	
103	0.00126	0.2646	0.0886455	0.135396	0.325584	905.744	
78	0.00126	0.2646	0.0858728	0.121415	0.251628	915.142	
60	0.00126	0.2646	0.0844443	0.111617	0.184894	923.806	
122	0.00126	0.2646	0.0882031	0.134685	0.328719	905.597	
121	0.00126	0.2646	0.0894361	0.143609	0.390855	897.836	
97	0.00126	0.2646	0.086932	0.128548	0.298592	909.558	
62	0.00126	0.2646	0.0840829	0.112911	0.199783	921.755	
56	0.00126	0.2646	0.0838883	0.110646	0.180691	924.244	
94	0.00126	0.2646	0.085304	0.120385	0.243898	916.13	
29	0.00126	0.2646	0.0840642	0.105187	0.127648	930.757	
122	0.00126	0.2646	0.0888093	0.144158	0.410859	894.838	
117	0.00126	0.2646	0.086854	0.126743	0.280602	911.559	
115	0.00126	0.2646	0.086306	0.127417	0.301921	908.931	
197	0.00126	0.2646	0.0878432	0.137101	0.363046	901.277	
145	0.00126	0.2646	0.0882098	0.141084	0.39266	897.501	
79	0.00126	0.2646	0.0848703	0.116208	0.216299	919.872	
136	0.00126	0.2646	0.0898215	0.147458	0.420584	894.024	
105	0.00126	0.2646	0.087327	0.129514	0.301486	909.464	
84	0.00126	0.2646	0.0856303	0.121788	0.261438	913.909	
104	0.00126	0.2646	0.0862164	0.126202	0.282822	911.109	
22	0.00126	0.2646	0.0829653	0.102129	0.120528	931.662	
95	0.00126	0.2646	0.0854043	0.121135	0.250789	915.187	
53	0.00126	0.2646	0.0845024	0.112012	0.183647	923.848	
116	0.00126	0.2646	0.0867342	0.131033	0.321047	906.502	
107	0.00126	0.2646	0.085414	0.119799	0.242043	916.598	
115	0.00126	0.2646	0.0871871	0.132534	0.334562	904.906	
131	0.00126	0.2646	0.0883687	0.135162	0.334253	904.961	
143	0.00126	0.2646	0.0885434	0.13586	0.332072	905.54	
60	0.00126	0.2646	0.0848648	0.114355	0.20643	920.924	
108	0.00126	0.2646	0.0863978	0.128421	0.302353	908.635	
66	0.00126	0.2646	0.0842068	0.113538	0.20494	921.045	
43	0.00126	0.2646	0.0840442	0.107945	0.154766	927.452	
176	0.00126	0.2646	0.0894391	0.150962	0.462161	888.601	
60	0.00126	0.2646	0.0852721	0.11504	0.202381	921.549	
156	0.00126	0.2646	0.08798	0.142059	0.408311	895.56	
73	0.00126	0.2646	0.0857032	0.116337	0.203441	921.58	
155	0.00126	0.2646	0.0904195	0.150821	0.444672	891.1	
54	0.00126	0.2646	0.085364	0.113014	0.182652	924.164	
120	0.00126	0.2646	0.0874377	0.132691	0.323878	906.202	
103	0.00126	0.2646	0.0871418	0.131438	0.317878	906.874	
116	0.00126	0.2646	0.0858418	0.12593	0.290399	910.333	
53	0.00126	0.2646	0.0836813	0.110148	0.184361	923.634	
66	0.00126	0.2646	0.0850919	0.116268	0.206058	921.046	
84	0.00126	0.2646	0.0858228	0.123045	0.265408	913.477	
84	0.00126	0.2646	0.0862824	0.121141	0.238959	916.978	
183	0.00126	0.2646	0.0906351	0.152184	0.454583	889.85	
106	0.00126	0.2646	0.0886817	0.140839	0.380703	899.189	
128	0.00126	0.2646	0.0867757	0.132723	0.34614	903.501	
115	0.00126	0.2646	0.0870265	0.132695	0.330618	905.335	
100	0.00126	0.2646	0.0856965	0.123876	0.280179	911.624	
146	0.00126	0.2646	0.0879341	0.143821	0.420292	893.811	
13	0.00126	0.2646	0.0822886	0.0988654	0.101805	934.139	
73	0.00126	0.2646	0.084254	0.118153	0.246406	915.751	
94	0.00126	0.2646	0.0847205	0.11702	0.229386	918.137	
96	0.00126	0.2646	0.0867015	0.125607	0.273697	912.429	
157	0.00126	0.2646	0.0900847	0.151957	0.463229	888.894	
137	0.00126	0.2646	0.0867704	0.134533	0.350547	902.911	
57	0.00126	0.2646	0.0831953	0.109629	0.184971	923.904	
44	0.00126	0.2646	0.0832822	0.110937	0.194388	922.385	
55	0.00126	0.2646	0.0834559	0.107005	0.1538	927.657	
100	0.00126	0.2646	0.0872509	0.130752	0.301645	908.95	
79	0.00126	0.2646	0.085751	0.118937	0.226722	918.483	
115	0.00126	0.2646	0.0875395	0.134586	0.341894	903.946	
95	0.00126	0.2646	0.0872476	0.127957	0.288236	910.82	
155	0.00126	0.2646	0.0892254	0.144357	0.399923	896.47	
51	0.00126	0.2646	0.0844132	0.110816	0.17866	924.697	
161	0.00126	0.2646	0.0888688	0.151546	0.474685	887.173	
31	0.00126	0.2646	0.0830159	0.102979	0.12536	931.56	
81	0.00126	0.2646	0.0846434	0.118	0.235016	917.279	
69	0.00126	0.2646	0.0850061	0.117054	0.225741	918.512	
137	0.00126	0.2646	0.0893109	0.146688	0.421916	893.641	
131	0.00126	0.2646	0.0876241	0.136537	0.368387	900.442	
118	0.00126	0.2646	0.0870475	0.129776	0.311224	907.811	
131	0.00126	0.2646	0.0891493	0.139076	0.355112	902.196	
169	0.00126	0.2646	0.0900805	0.151567	0.458606	889.025	
55	0.00126	0.2646	0.0839969	0.10957	0.180843	924.443	
60	0.00126	0.2646	0.084896	0.114616	0.198011	922.185	
62	0.00126	0.2646	0.0848128	0.116438	0.226669	918.597	
114	0.00126	0.2646	0.0886062	0.13946	0.366742	900.673	
146	0.00126	0.2646	0.0880687	0.137847	0.371452	900.05	
121	0.00126	0.2646	0.0878036	0.134875	0.338444	904.121	
58	0.00126	0.2646	0.0843645	0.110891	0.173103	925.175	
34	0.00126	0.2646	0.0833922	0.107222	0.165943	926.038	
101	0.00126	0.2646	0.087846	0.133509	0.326803	905.62	
135	0.00126	0.2646	0.0891563	0.141336	0.373209	899.951	
71	0.00126	0.2646	0.0859082	0.123426	0.270111	913.36	
190	0.00126	0.2646	0.093274	0.168452	0.561235	876.381	
133	0.00126	0.2646	0.0900106	0.140533	0.361652	901.744	
184	0.00126	0.2646	0.0915728	0.15488	0.463683	888.621	
131	0.00126	0.2646	0.0882016	0.134561	0.34174	903.735	
92	0.00126	0.2646	0.0880248	0.13104	0.301932	909.185	
177	0.00126	0.2646	0.090625	0.153094	0.462087	888.804	
142	0.00126	0.2646	0.088473	0.139253	0.380221	899.19	
145	0.00126	0.2646	0.0895465	0.145725	0.411092	895.29	
60	0.00126	0.2646	0.085868	0.114969	0.18935	923.371	
99	0.00126	0.2646	0.0885795	0.137053	0.354051	902.597	
64	0.00126	0.2646	0.0849668	0.112576	0.182769	924.025	
148	0.00126	0.2646	0.0875376	0.135984	0.354482	902.317	
48	0.00126	0.2646	0.0845423	0.109198	0.159657	926.84	
85	0.00126	0.2646	0.0869659	0.126328	0.269777	912.796	
108	0.00126	0.2646	0.0873699	0.133216	0.337094	904.15	
75	0.00126	0.2646	0.0856249	0.119015	0.228863	918.081	
107	0.00126	0.2646	0.0859177	0.126785	0.297144	909.61	
75	0.00126	0.2646	0.0848263	0.115622	0.212409	920.251	
121	0.00126	0.2646	0.0864974	0.12939	0.315278	907.267	
143	0.00126	0.2646	0.0874586	0.135464	0.352625	902.646	
31	0.00126	0.2646	0.0837774	0.10805	0.163313	926.36	
116	0.00126	0.2646	0.0861209	0.126392	0.293409	909.927	
129	0.00126	0.2646	0.0882321	0.137533	0.361688	901.363	
172	0.00126	0.2646	0.0907488	0.155536	0.485761	885.589	
86	0.00126	0.2646	0.0871717	0.12581	0.271656	912.653	
118	0.00126	0.2646	0.0894454	0.145926	0.414332	894.623	
131	0.00126	0.2646	0.0869661	0.133933	0.348612	903.054	
40	0.00126	0.2646	0.0829178	0.104541	0.142158	929.112	
49	0.00126	0.2646	0.0832208	0.106501	0.153088	927.811	
95	0.00126	0.2646	0.0864302	0.130202	0.315266	907.283	
143	0.00126	0.2646	0.089504	0.144404	0.402439	896.293	
156	0.00126	0.2646	0.0890944	0.139748	0.365597	901.484	
113	0.00126	0.2646	0.0884113	0.135544	0.341402	903.954	
158	0.00126	0.2646	0.0903922	0.153411	0.471761	887.233	
96	0.00126	0.2646	0.0867927	0.124308	0.2735	912.427	
206	0.00126	0.2646	0.0929606	0.167813	0.554176	877.158	
74	0.00126	0.2646	0.0872903	0.12508	0.262459	914.113	
136	0.00126	0.2646	0.0883238	0.143686	0.413969	894.706	
19	0.00126	0.2646	0.0824775	0.0981712	0.0984798	934.773	
124	0.00126	0.2646	0.0880134	0.137725	0.361572	901.495	
84	0.00126	0.2646	0.0874035	0.127269	0.281691	911.613	
160	0.00126	0.2646	0.0902251	0.151751	0.455892	889.645	
56	0.00126	0.2646	0.0851105	0.112975	0.186162	923.54	
74	0.00126	0.2646	0.0855236	0.117147	0.208198	920.948	
69	0.00126	0.2646	0.0851524	0.114865	0.206334	920.985	
187	0.00126	0.2646	0.0915822	0.158398	0.493093	884.819	
145	0.00126	0.2646	0.0899846	0.145205	0.401295	896.583	
91	0.00126	0.2646	0.0872323	0.127608	0.281395	911.557	
30	0.00126	0.2646	0.0840453	0.106078	0.140429	929.515	
143	0.00126	0.2646	0.0892178	0.1467	0.426405	893.252	
84	0.00126	0.2646	0.0858138	0.12206	0.261064	914.149	
82	0.00126	0.2646	0.0858869	0.119215	0.2303	918.091	
204	0.00126	0.2646	0.0913023	0.161712	0.536259	879.323	
179	0.00126	0.2646	0.0906897	0.155715	0.488827	885.29	
110	0.00126	0.2646	0.0862409	0.124007	0.275894	912.215	
144	0.00126	0.2646	0.0890236	0.143989	0.403125	896.147	
116	0.00126	0.2646	0.0878775	0.13472	0.344128	903.673	
154	0.00126	0.2646	0.0888943	0.141321	0.382983	898.77	
117	0.00126	0.2646	0.0873055	0.131282	0.324347	906.241	
125	0.00126	0.2646	0.0886357	0.139694	0.367073	900.814	
58	0.00126	0.2646	0.0833759	0.109137	0.178436	924.595	
81	0.00126	0.2646	0.0850188	0.121336	0.259298	914.43	
79	0.00126	0.2646	0.0851596	0.118518	0.229297	918.086	
72	0.00126	0.2646	0.0847846	0.115751	0.208993	920.613	
28	0.00126	0.2646	0.0834546	0.104662	0.12979	930.677	
107	0.00126	0.2646	0.0855372	0.123382	0.266991	913.258	
45	0.00126	0.2646	0.0835662	0.107744	0.162719	926.544	
108	0.00126	0.2646	0.0866701	0.128172	0.294902	909.746	
130	0.00126	0.2646	0.0875645	0.135275	0.348961	902.871	
49	0.00126	0.2646	0.0845087	0.11179	0.177856	924.959	
30	0.00126	0.2646	0.0829074	0.103688	0.131273	930.664	
113	0.00126	0.2646	0.085157	0.126474	0.309033	908.117	
95	0.00126	0.2646	0.0848231	0.117949	0.231947	917.778	
143	0.00126	0.2646	0.0862724	0.129133	0.319661	906.584	
117	0.00126	0.2646	0.0888327	0.141834	0.390915	897.66	
183	0.00126	0.2646	0.0917562	0.165111	0.558767	876.974	
146	0.00126	0.2646	0.0886724	0.141518	0.395517	897.213	
121	0.00126	0.2646	0.0878948	0.132871	0.322466	906.32	
99	0.00126	0.2646	0.0880988	0.133992	0.324148	906.045	
111	0.00126	0.2646	0.0858657	0.126506	0.30022	909.199	
58	0.00126	0.2646	0.0838152	0.112349	0.199914	921.839	
85	0.00126	0.2646	0.0853852	0.123327	0.272916	912.778	
112	0.00126	0.2646	0.0867097	0.132011	0.331345	905.134	
73	0.00126	0.2646	0.0846138	0.113751	0.201232	921.576	
95	0.00126	0.2646	0.0871042	0.131309	0.317671	906.769	
63	0.00126	0.2646	0.0864579	0.123387	0.253208	915.117	
110	0.00126	0.2646	0.0868513	0.127466	0.291473	910.32	
116	0.00126	0.2646	0.0886979	0.14	0.37258	899.922	
63	0.00126	0.2646	0.0857154	0.11553	0.191387	922.869	
66	0.00126	0.2646	0.0842277	0.115445	0.222799	919.029	
111	0.00126	0.2646	0.0864006	0.128267	0.299689	909.225	
70	0.00126	0.2646	0.0857771	0.119648	0.240382	916.887	
152	0.00126	0.2646	0.0905372	0.153039	0.457369	889.322	
60	0.00126	0.2646	0.0855045	0.116189	0.208896	920.597	
66	0.00126	0.2646	0.0851361	0.115671	0.208778	920.496	
122	0.00126	0.2646	0.0872119	0.135268	0.353576	902.244	
16	0.00126	0.2646	0.0832741	0.100608	0.101171	934.45	
152	0.00126	0.2646	0.0883535	0.138375	0.361634	901.35	
160	0.00126	0.2646	0.0887387	0.144266	0.413537	894.762	
14	0.00126	0.2646	0.0825794	0.098554	0.0977717	934.958	
198	0.00126	0.2646	0.0929472	0.16495	0.529273	880.449	
207	0.00126	0.2646	0.0916663	0.158343	0.503859	883.665	
165	0.00126	0.2646	0.0895503	0.144026	0.401769	896.401	
113	0.00126	0.2646	0.0878199	0.130519	0.299928	909.074	
151	0.00126	0.2646	0.0885355	0.143438	0.415271	894.589	
103	0.00126	0.2646	0.0870082	0.130713	0.313816	907.36	
39	0.00126	0.2646	0.084046	0.108792	0.160779	926.906	
108	0.00126	0.2646	0.0859872	0.125374	0.280394	911.718	
103	0.00126	0.2646	0.0857447	0.124129	0.279604	911.802	
96	0.00126	0.2646	0.0862897	0.122735	0.260837	914.363	
120	0.00126	0.2646	0.0876133	0.137294	0.363419	901.056	
70	0.00126	0.2646	0.0844757	0.111824	0.180581	924.313	
53	0.00126	0.2646	0.0837688	0.108504	0.167212	925.846	
115	0.00126	0.2646	0.0875873	0.137298	0.364807	900.543	
43	0.00126	0.2646	0.0838447	0.10837	0.158669	926.807	
48	0.00126	0.2646	0.0830794	0.109318	0.184565	923.467	
73	0.00126	0.2646	0.0826828	0.108084	0.180777	924.2	
82	0.00126	0.2646	0.0848165	0.122638	0.275774	912.191	
63	0.00126	0.2646	0.0845047	0.117359	0.230849	917.99	
44	0.00126	0.2646	0.0837754	0.107273	0.15102	928.188	
121	0.00126	0.2646	0.0865805	0.129138	0.305745	908.398	
34	0.00126	0.2646	0.0832416	0.104006	0.136023	929.845	
115	0.00126	0.2646	0.0873523	0.136172	0.362588	901.067	
87	0.00126	0.2646	0.0872878	0.12761	0.275896	911.939	
91	0.00126	0.2646	0.0855106	0.12038	0.249463	915.278	
85	0.00126	0.2646	0.084638	0.115037	0.203398	921.248	
24	0.00126	0.2646	0.081982	0.1004	0.116574	932.435	
23	0.00126	0.2646	0.0818817	0.0984451	0.103404	934.047	
119	0.00126	0.2646	0.0874494	0.139731	0.389414	897.986	
123	0.00126	0.2646	0.0873546	0.135053	0.35269	902.611	
122	0.00126	0.2646	0.0891958	0.143833	0.398543	896.727	
107	0.00126	0.2646	0.087726	0.130625	0.307062	908.732	
154	0.00126	0.2646	0.0891414	0.144608	0.409349	895.258	
48	0.00126	0.2646	0.0852445	0.11082	0.162948	926.236	
102	0.00126	0.2646	0.0868663	0.125215	0.268268	913.081	
146	0.00126	0.2646	0.0896733	0.145179	0.404528	895.935	
156	0.00126	0.2646	0.0885693	0.141495	0.397619	896.999	
102	0.00126	0.2646	0.0880384	0.134676	0.333587	905.091	
127	0.00126	0.2646	0.0874136	0.133543	0.33465	905.012	
92	0.00126	0.2646	0.0857571	0.1189	0.231018	918.049	
86	0.00126	0.2646	0.0859586	0.120064	0.238841	916.93	
137	0.00126	0.2646	0.0888251	0.141754	0.384188	898.494	
86	0.00126	0.2646	0.0853918	0.114847	0.201356	921.521	
99	0.00126	0.2646	0.0879968	0.136305	0.352931	902.459	
124	0.00126	0.2646	0.0880106	0.135856	0.351577	902.559	
135	0.00126	0.2646	0.0882966	0.134792	0.330499	905.335	
109	0.00126	0.2646	0.0874274	0.128193	0.289839	910.694	
182	0.00126	0.2646	0.0913138	0.157325	0.492188	884.987	
147	0.00126	0.2646	0.0894174	0.146501	0.428864	893.099	
88	0.00126	0.2646	0.0868428	0.126098	0.27483	912.495	
27	0.00126	0.2646	0.0831546	0.103522	0.13269	930.402	
131	0.00126	0.2646	0.0866983	0.131752	0.328378	905.549	
74	0.00126	0.2646	0.0853144	0.116673	0.214077	919.98	
109	0.00126	0.2646	0.086999	0.129631	0.301081	908.905	
101	0.00126	0.2646	0.0854866	0.11984	0.243192	916.724	
115	0.00126	0.2646	0.0873032	0.133628	0.334652	904.756	
76	0.00126	0.2646	0.0858375	0.121914	0.261357	914.158	
125	0.00126	0.2646	0.0897601	0.146493	0.408254	895.504	
69	0.00126	0.2646	0.0857632	0.116798	0.210501	920.675	
170	0.00126	0.2646	0.0878292	0.139903	0.384669	899.214	
89	0.00126	0.2646	0.0843033	0.116427	0.231085	917.935	
112	0.00126	0.2646	0.0852691	0.123376	0.276745	912.191	
99	0.00126	0.2646	0.0854979	0.120531	0.246581	915.865	
128	0.00126	0.2646	0.0872525	0.133893	0.34176	903.772	
102	0.00126	0.2646	0.0868281	0.132319	0.333943	904.837	
91	0.00126	0.2646	0.0850578	0.120516	0.25266	915.084	
45	0.00126	0.2646	0.0825438	0.101644	0.126288	931.188	
107	0.00126	0.2646	0.0876614	0.136248	0.351765	902.52	
79	0.00126	0.2646	0.0862516	0.121437	0.239837	916.794	
112	0.00126	0.2646	0.0858754	0.125816	0.290748	910.355	
193	0.00126	0.2646	0.0893828	0.153886	0.493667	884.815	
23	0.00126	0.2646	0.0829714	0.10056	0.104748	934.177	
134	0.00126	0.2646	0.0872984	0.137562	0.373174	899.866	
84	0.00126	0.2646	0.0858505	0.11914	0.223114	918.914	
129	0.00126	0.2646	0.0869495	0.132337	0.331089	905.166	
58	0.00126	0.2646	0.0845862	0.114654	0.205199	921.099	
24	0.00126	0.2646	0.0828213	0.101264	0.114683	932.645	
94	0.00126	0.2646	0.0870156	0.128522	0.297491	909.515	
206	0.00126	0.2646	0.092326	0.16435	0.53675	879.401	
106	0.00126	0.2646	0.0883076	0.133871	0.32519	906.344	
25	0.00126	0.2646	0.0836927	0.103512	0.119511	932.191	
169	0.00126	0.2646	0.0876773	0.143922	0.429738	892.854	
50	0.00126	0.2646	0.0844496	0.11111	0.178239	924.612	
124	0.00126	0.2646	0.0876438	0.136197	0.355455	902.017	
102	0.00126	0.2646	0.0867849	0.127191	0.284538	911.067	
67	0.00126	0.2646	0.0855358	0.118221	0.228773	918.154	
126	0.00126	0.2646	0.0886371	0.140279	0.373781	899.967	
103	0.00126	0.2646	0.08757	0.130069	0.305938	908.527	
162	0.00126	0.2646	0.0904832	0.15006	0.434656	892.673	
165	0.00126	0.2646	0.089421	0.15023	0.461103	888.994	
112	0.00126	0.2646	0.0869123	0.130761	0.314525	907.32	
56	0.00126	0.2646	0.0849729	0.112832	0.183963	924.085	
105	0.00126	0.2646	0.0880521	0.135924	0.345262	903.489	
151	0.00126	0.2646	0.0887075	0.140787	0.382962	898.53	
105	0.00126	0.2646	0.0864928	0.125397	0.276479	912.029	
55	0.00126	0.2646	0.0856956	0.120223	0.245026	916.019	
139	0.00126	0.2646	0.0888889	0.146528	0.432255	892.436	
88	0.00126	0.2646	0.085713	0.118884	0.230164	918.089	
123	0.00126	0.2646	0.0869134	0.130713	0.311875	907.729	
51	0.00126	0.2646	0.0836418	0.106814	0.155158	927.665	
143	0.00126	0.2646	0.0888251	0.138314	0.351208	902.827	
80	0.00126	0.2646	0.0861656	0.12438	0.27172	912.841	
43	0.00126	0.2646	0.0838719	0.109095	0.170118	925.594	
117	0.00126	0.2646	0.0866856	0.129929	0.310582	907.499	
26	0.00126	0.2646	0.0835984	0.102968	0.11649	932.273	
133	0.00126	0.2646	0.0878906	0.139632	0.383685	898.47	
112	0.00126	0.2646	0.086861	0.132564	0.339751	904.157	
87	0.00126	0.2646	0.0863428	0.129609	0.317993	907.002	
85	0.00126	0.2646	0.0852529	0.118872	0.234298	917.746	
149	0.00126	0.2646	0.0880819	0.139544	0.38249	898.975	
68	0.00126	0.2646	0.0849758	0.116278	0.214631	919.993	
138	0.00126	0.2646	0.0866818	0.133944	0.349596	902.842	
65	0.00126	0.2646	0.0832929	0.107769	0.175142	924.837	
111	0.00126	0.2646	0.0876689	0.133554	0.321655	906.15	
121	0.00126	0.2646	0.0868222	0.132003	0.334674	904.502	
61	0.00126	0.2646	0.0842243	0.112097	0.186677	923.442	
80	0.00126	0.2646	0.0844054	0.116935	0.23252	917.761	
131	0.00126	0.2646	0.0871708	0.138769	0.383982	898.644	
80	0.00126	0.2646	0.0840359	0.113065	0.204349	921.433	
120	0.00126	0.2646	0.0859229	0.129389	0.322652	906.362	
95	0.00126	0.2646	0.0864821	0.12862	0.303974	908.636	
84	0.00126	0.2646	0.0849651	0.119225	0.24587	915.859	
47	0.00126	0.2646	0.0838059	0.103946	0.125859	931.197	
235	0.00126	0.2646	0.0929605	0.17229	0.603621	870.519	
131	0.00126	0.2646	0.0888386	0.137066	0.347544	903.132	
182	0.00126	0.2646	0.0884881	0.14413	0.420034	893.978	
56	0.00126	0.2646	0.0843618	0.114358	0.211387	920.447	
75	0.00126	0.2646	0.0849799	0.119471	0.243171	916.436	
125	0.00126	0.2646	0.0861281	0.128377	0.308055	908.35	
99	0.00126	0.2646	0.0863133	0.126947	0.290803	910.514	
145	0.00126	0.2646	0.0898928	0.148415	0.427075	893.733	
124	0.00126	0.2646	0.0880514	0.131185	0.306963	908.31	
137	0.00126	0.2646	0.089009	0.138998	0.364914	900.926	
106	0.00126	0.2646	0.0895579	0.135276	0.313007	907.47	
196	0.00126	0.2646	0.0919464	0.16049	0.509701	882.699	
73	0.00126	0.2646	0.086565	0.122759	0.250114	915.516	
58	0.00126	0.2646	0.0845567	0.113645	0.202232	921.642	
124	0.00126	0.2646	0.0877419	0.137745	0.366188	900.863	
114	0.00126	0.2646	0.0866025	0.130464	0.321599	906.721	
55	0.00126	0.2646	0.0842407	0.107765	0.153377	927.885	
140	0.00126	0.2646	0.0887309	0.13893	0.363524	901.266	
106	0.00126	0.2646	0.0885004	0.133474	0.31725	907.019	
134	0.00126	0.2646	0.0891665	0.13771	0.348769	903.06	
228	0.00126	0.2646	0.0922726	0.16299	0.532543	879.81	
151	0.00126	0.2646	0.0892902	0.14223	0.385112	898.399	
86	0.00126	0.2646	0.0846156	0.113576	0.197199	922.149	
78	0.00126	0.2646	0.0833267	0.109531	0.185984	923.573	
61	0.00126	0.2646	0.0848588	0.113683	0.186682	924.007	
101	0.00126	0.2646	0.0862678	0.124935	0.271931	912.906	
116	0.00126	0.2646	0.0871294	0.130574	0.316605	907.166	
118	0.00126	0.2646	0.0861137	0.126542	0.295977	909.658	
88	0.00126	0.2646	0.086445	0.125666	0.277219	912.089	
95	0.00126	0.2646	0.0866092	0.127469	0.293585	909.897	
67	0.00126	0.2646	0.0854614	0.118312	0.221794	918.92	
36	0.00126	0.2646	0.0835459	0.106166	0.143442	928.924	
120	0.00126	0.2646	0.0854384	0.12689	0.307468	908.087	
61	0.00126	0.2646	0.0840461	0.111291	0.187568	923.502	
120	0.00126	0.2646	0.0886275	0.142051	0.389283	897.827	
112	0.00126	0.2646	0.0865411	0.127377	0.296431	909.697	
75	0.00126	0.2646	0.0854305	0.119001	0.23307	917.714	
16	0.00126	0.2646	0.0827579	0.101053	0.106074	933.78	
129	0.00126	0.2646	0.0859477	0.127988	0.313301	907.526	
132	0.00126	0.2646	0.0880209	0.136611	0.349825	902.909	
125	0.00126	0.2646	0.0875026	0.133491	0.332178	905.081	
149	0.00126	0.2646	0.0866517	0.132978	0.348626	902.986	
111	0.00126	0.2646	0.0860681	0.126031	0.286995	910.875	
140	0.00126	0.2646	0.0873143	0.137413	0.377588	899.408	
123	0.00126	0.2646	0.0875767	0.133116	0.325553	906.011	
129	0.00126	0.2646	0.087097	0.133145	0.336742	904.514	
33	0.00126	0.2646	0.0830658	0.104854	0.143595	928.971	
124	0.00126	0.2646	0.0877052	0.139912	0.38795	898.048	
44	0.00126	0.2646	0.0841661	0.109879	0.17543	925.167	
156	0.00126	0.2646	0.0891481	0.146238	0.421937	893.846	
154	0.00126	0.2646	0.0896906	0.150662	0.454521	890.13	
37	0.00126	0.2646	0.0838749	0.105952	0.139147	929.61	
104	0.00126	0.2646	0.0855191	0.121356	0.248944	915.988	
72	0.00126	0.2646	0.0858195	0.123288	0.262795	913.921	
63	0.00126	0.2646	0.0847533	0.11537	0.216439	919.775	
119	0.00126	0.2646	0.0885005	0.141462	0.383236	898.714	
77	0.00126	0.2646	0.0854324	0.119542	0.245451	916.188	
109	0.00126	0.2646	0.0860267	0.123349	0.261079	914.146	
77	0.00126	0.2646	0.0848789	0.118987	0.240569	916.851	
27	0.00126	0.2646	0.0829519	0.102164	0.123478	931.502	
112	0.00126	0.2646	0.088487	0.138936	0.362398	901.218	
145	0.00126	0.2646	0.0895879	0.145871	0.417605	894.38	
150	0.00126	0.2646	0.0899146	0.148905	0.446112	890.756	
200	0.00126	0.2646	0.0921052	0.165322	0.550555	877.694	
85	0.00126	0.2646	0.0858941	0.120223	0.244006	916.447	
115	0.00126	0.2646	0.0877227	0.13678	0.358125	901.965	
68	0.00126	0.2646	0.0857272	0.120263	0.239913	916.975	
114	0.00126	0.2646	0.0877924	0.134863	0.334761	904.789	
53	0.00126	0.2646	0.0841545	0.111085	0.18595	923.712	
88	0.00126	0.2646	0.0857025	0.125504	0.294999	909.714	
93	0.00126	0.2646	0.087642	0.131737	0.310296	907.726	
105	0.00126	0.2646	0.0869672	0.12723	0.28304	911.263	
61	0.00126	0.2646	0.0857869	0.117056	0.209936	920.606	
135	0.00126	0.2646	0.0892731	0.145852	0.410998	895.266	
75	0.00126	0.2646	0.0851574	0.117285	0.224488	918.882	
79	0.00126	0.2646	0.0853958	0.122726	0.270067	913.019	
68	0.00126	0.2646	0.0853448	0.119377	0.240509	916.861	
